10/29/2018 15:25:38 ,14,1,0.98000,1,1.97000,2.20000,51.061012,3.710465,1,322,1,-0.800000,1,331.46,1,3.67,1,-115,5.00,2071.99,7,1
10/29/2018 15:25:38 ,14,1,0.98000,1,1.97000,2.20000,51.061012,3.710465,1,322,1,-0.800000,1,331.46,1,3.67,1,-115,5.00,2071.99,7,0
10/29/2018 15:25:39 ,14,1,0.98000,1,1.97000,2.20000,51.061023,3.710461,1,10014,1,-1.100000,1,338.22,1,4.98,1,-113,6.25,2088.76,7,1
10/29/2018 15:25:39 ,14,1,0.98000,1,1.97000,2.20000,51.061023,3.710461,1,10014,1,-1.100000,1,338.22,1,4.98,1,-113,6.25,2088.76,7,0
10/29/2018 15:25:40 ,14,1,0.98000,1,1.97000,2.20000,51.061042,3.710457,1,10340,1,-0.500000,1,342.10,1,5.20,1,-113,6.25,2088.76,7,0
10/29/2018 15:25:41 ,14,1,0.98000,1,1.97000,2.20000,51.061061,3.710459,1,10120,1,-0.100000,1,346.52,1,4.83,1,-118,2.00,329.25,9,1
10/29/2018 15:25:42 ,13,1,1.18000,1,2.22000,2.51000,51.061073,3.710457,1,10144,1,-0.100000,1,347.78,1,4.98,1,-118,2.00,329.25,9,0
10/29/2018 15:25:44 ,14,1,1.06000,1,2.04000,2.30000,51.061100,3.710459,1,2103,1,0.200000,1,356.14,1,3.83,1,-127,5.25,333.45,9,1
10/29/2018 15:25:44 ,14,1,1.06000,1,2.04000,2.30000,51.061100,3.710459,1,2103,1,0.200000,1,356.14,1,3.83,1,-127,5.25,333.45,9,0
10/29/2018 15:25:46 ,13,1,1.18000,1,2.22000,2.51000,51.061126,3.710449,1,2304,1,1.000000,1,346.43,1,3.00,1,-127,5.25,333.45,9,0
10/29/2018 15:25:47 ,14,1,1.18000,1,2.22000,2.51000,51.061138,3.710445,1,3033,1,1.300000,1,348.04,1,3.17,1,-127,5.25,333.45,9,0
10/29/2018 15:25:49 ,13,1,1.24000,1,2.23000,2.55000,51.061161,3.710444,1,3122,1,0.900000,1,349.49,1,4.87,1,-127,5.25,333.45,9,0
10/29/2018 15:25:51 ,13,1,2.59000,1,3.91000,4.70000,51.061191,3.710442,1,3140,1,1.300000,1,355.31,1,5.61,1,-127,5.25,333.45,9,0
10/29/2018 15:25:53 ,14,1,0.98000,1,1.97000,2.20000,51.061225,3.710438,1,1210,1,1.700000,1,354.82,1,5.17,1,125,0.50,-3244.56,12,1
10/29/2018 15:25:53 ,14,1,0.98000,1,1.97000,2.20000,51.061225,3.710438,1,1210,1,1.700000,1,354.82,1,5.17,1,125,0.50,-3244.56,12,0
10/29/2018 15:25:54 ,13,1,1.06000,1,2.04000,2.30000,51.061241,3.710431,1,2302,1,1.900000,1,347.96,1,5.63,1,125,0.50,-3244.56,12,0
10/29/2018 15:25:56 ,14,1,0.98000,1,1.97000,2.20000,51.061271,3.710438,1,2332,1,1.900000,1,345.42,1,6.02,1,125,0.50,-3244.56,12,0
10/29/2018 15:25:58 ,14,1,0.98000,1,1.97000,2.20000,51.061298,3.710440,1,2401,1,1.300000,1,354.91,1,4.69,1,125,0.50,-3244.56,12,0
10/29/2018 15:25:59 ,14,1,1.15000,1,2.11000,2.40000,51.061313,3.710439,1,2403,1,1.700000,1,354.07,1,4.19,1,125,0.50,-3244.56,12,0
10/29/2018 15:26:01 ,13,1,1.18000,1,2.22000,2.52000,51.061336,3.710443,1,2440,1,0.900000,1,359.24,1,4.07,1,125,0.50,-3244.56,12,0
10/29/2018 15:26:02 ,13,1,1.18000,1,2.22000,2.52000,51.061344,3.710444,1,3003,1,-1.200000,1,3.69,1,4.39,1,126,1.50,-3220.96,12,1
10/29/2018 15:26:03 ,12,1,1.26000,1,2.32000,2.63000,51.061355,3.710450,1,3023,1,-2.200000,1,9.85,1,3.63,1,126,1.50,-3220.96,12,0
10/29/2018 15:26:05 ,13,1,1.18000,1,2.22000,2.52000,51.061382,3.710445,1,3041,1,-1.400000,1,7.33,1,4.15,1,126,1.50,-3220.96,12,0
10/29/2018 15:26:07 ,13,1,1.18000,1,2.22000,2.52000,51.061412,3.710430,1,3043,1,-0.200000,1,350.44,1,3.26,1,126,1.50,-3220.96,12,0
10/29/2018 15:26:09 ,13,1,1.18000,1,2.22000,2.52000,51.061431,3.710419,1,3131,1,0.600000,1,350.16,1,1.85,1,126,1.50,-3220.96,12,0
10/29/2018 15:26:10 ,11,1,2.74000,1,4.07000,4.90000,51.061435,3.710418,1,10404,1,0.400000,1,353.53,1,2.24,1,-120,3.25,2122.32,7,1
10/29/2018 15:26:10 ,11,1,2.74000,1,4.07000,4.90000,51.061435,3.710418,1,10404,1,0.400000,1,353.53,1,2.24,1,-120,3.25,2122.32,7,0
10/29/2018 15:26:12 ,13,1,1.19000,1,2.22000,2.52000,51.061470,3.710403,1,10440,1,1.900000,1,347.24,1,4.61,1,-120,3.25,2122.32,7,0
10/29/2018 15:26:15 ,13,1,1.19000,1,2.22000,2.52000,51.061511,3.710392,1,32,1,2.600000,1,348.13,1,3.94,1,-120,3.25,2122.32,7,0
10/29/2018 15:26:15 ,13,1,1.19000,1,2.22000,2.52000,51.061511,3.710392,1,10312,1,2.600000,1,348.13,1,3.94,1,-124,-5.25,325.06,9,1
10/29/2018 15:26:16 ,13,1,1.19000,1,2.22000,2.52000,51.061523,3.710388,1,4400,1,3.600000,1,349.02,1,3.69,1,-124,-5.25,325.06,9,0
10/29/2018 15:26:18 ,13,1,1.19000,1,2.23000,2.52000,51.061546,3.710374,1,1244,1,4.600000,1,344.65,1,3.15,1,-127,5.00,316.67,9,1
10/29/2018 15:26:18 ,13,1,1.19000,1,2.23000,2.52000,51.061546,3.710374,1,1244,1,4.600000,1,344.65,1,3.15,1,-127,5.00,316.67,9,0
10/29/2018 15:26:20 ,13,1,1.19000,1,2.23000,2.52000,51.061565,3.710371,1,2240,1,5.400000,1,353.54,1,4.06,1,-127,5.00,316.67,9,0
10/29/2018 15:26:21 ,14,1,0.98000,1,1.97000,2.20000,51.061580,3.710368,1,3012,1,5.200000,1,356.30,1,5.78,1,-127,5.00,316.67,9,0
10/29/2018 15:26:23 ,13,1,1.19000,1,2.23000,2.52000,51.061611,3.710358,1,3103,1,4.800000,1,348.20,1,6.09,1,-127,5.00,316.67,9,0
10/29/2018 15:26:25 ,13,1,1.06000,1,2.04000,2.30000,51.061645,3.710351,1,3131,1,5.200000,1,349.81,1,6.59,1,-127,5.00,316.67,9,0
10/29/2018 15:26:27 ,13,1,1.06000,1,2.04000,2.30000,51.061653,3.710350,1,3222,1,5.200000,1,349.61,1,1.02,1,-127,5.00,316.67,9,0
10/29/2018 15:26:29 ,13,1,1.06000,1,2.04000,2.30000,51.061637,3.710382,1,3220,1,4.000000,1,115.48,1,4.50,1,-127,5.00,316.67,9,0
10/29/2018 15:26:30 ,13,1,1.06000,1,2.04000,2.30000,51.061637,3.710404,1,224,1,4.000000,1,104.23,1,5.52,1,125,-1.50,-3307.47,12,1
10/29/2018 15:26:31 ,14,1,0.98000,1,1.97000,2.20000,51.061634,3.710430,1,1011,1,2.700000,1,98.41,1,5.72,1,125,-1.50,-3307.47,12,0
10/29/2018 15:26:32 ,14,1,0.98000,1,1.97000,2.20000,51.061634,3.710450,1,2133,1,3.300000,1,98.37,1,5.24,1,125,-1.50,-3307.47,12,0
10/29/2018 15:26:34 ,14,1,0.98000,1,1.97000,2.20000,51.061634,3.710488,1,2240,1,4.400000,1,93.91,1,3.70,1,125,-1.50,-3307.47,12,0
10/29/2018 15:26:36 ,14,1,0.98000,1,1.97000,2.20000,51.061645,3.710522,1,2311,1,4.500000,1,69.00,1,6.19,1,125,-1.50,-3307.47,12,0
10/29/2018 15:26:38 ,14,1,0.98000,1,1.97000,2.19000,51.061672,3.710552,1,2331,1,4.600000,1,47.95,1,5.85,1,125,-1.50,-3307.47,12,0
10/29/2018 15:26:39 ,14,1,0.98000,1,1.97000,2.19000,51.061683,3.710570,1,1023,1,5.000000,1,45.65,1,6.35,1,124,-5.00,-3289.12,12,1
10/29/2018 15:26:40 ,14,1,0.98000,1,1.97000,2.19000,51.061695,3.710587,1,2200,1,5.000000,1,43.87,1,6.24,1,124,-5.00,-3289.12,12,0
10/29/2018 15:26:42 ,14,1,0.98000,1,1.97000,2.19000,51.061717,3.710621,1,2234,1,5.500000,1,43.30,1,5.94,1,124,-5.00,-3289.12,12,0
10/29/2018 15:26:44 ,14,1,0.98000,1,1.96000,2.19000,51.061737,3.710648,1,2311,1,5.900000,1,36.77,1,4.28,1,124,-5.00,-3289.12,12,0
10/29/2018 15:26:46 ,14,1,0.98000,1,1.96000,2.19000,51.061756,3.710676,1,3104,1,6.100000,1,39.95,1,6.00,1,124,-5.00,-3289.12,12,0
10/29/2018 15:26:46 ,14,1,0.98000,1,1.96000,2.19000,51.061756,3.710676,1,3324,1,6.100000,1,39.95,1,6.00,1,-126,-7.50,2038.43,7,1
10/29/2018 15:26:47 ,14,1,0.98000,1,1.96000,2.19000,51.061767,3.710693,1,3344,1,6.100000,1,43.38,1,4.83,1,-126,-7.50,2038.43,7,0
10/29/2018 15:26:48 ,14,1,0.98000,1,1.96000,2.19000,51.061775,3.710707,1,33,1,6.000000,1,42.32,1,5.70,1,-121,-2.75,2038.43,7,1
10/29/2018 15:26:49 ,14,1,0.98000,1,1.96000,2.19000,51.061786,3.710723,1,1143,1,5.900000,1,41.31,1,5.98,1,-121,-2.75,2038.43,7,0
10/29/2018 15:26:49 ,14,1,0.98000,1,1.96000,2.19000,51.061786,3.710723,1,4014,1,5.900000,1,41.31,1,5.98,1,-125,-5.00,278.92,9,1
10/29/2018 15:26:50 ,14,1,0.98000,1,1.96000,2.19000,51.061798,3.710737,1,4102,1,5.700000,1,39.92,1,5.94,1,-125,-5.00,278.92,9,0
10/29/2018 15:26:52 ,13,1,1.32000,1,2.15000,2.52000,51.061824,3.710762,1,1000,1,6.000000,1,35.66,1,5.57,1,125,2.25,283.12,9,1
10/29/2018 15:26:52 ,13,1,1.32000,1,2.15000,2.52000,51.061824,3.710762,1,1000,1,6.000000,1,35.66,1,5.57,1,125,2.25,283.12,9,0
10/29/2018 15:26:54 ,13,1,1.03000,1,2.14000,2.38000,51.061847,3.710783,1,2222,1,5.800000,1,27.53,1,5.76,1,125,2.25,283.12,9,0
10/29/2018 15:26:54 ,13,1,1.03000,1,2.14000,2.38000,51.061847,3.710783,1,10413,1,5.800000,1,27.53,1,5.76,1,125,2.25,278.92,9,1
10/29/2018 15:26:55 ,13,1,1.32000,1,2.14000,2.52000,51.061862,3.710794,1,10434,1,6.000000,1,29.74,1,5.78,1,125,2.25,278.92,9,0
10/29/2018 15:26:56 ,13,1,1.03000,1,2.14000,2.38000,51.061878,3.710802,1,12000,1,6.800000,1,29.74,1,5.78,1,125,2.25,278.92,9,0
10/29/2018 15:26:57 ,13,1,1.03000,1,2.14000,2.38000,51.061889,3.710814,1,3314,1,6.800000,1,27.95,1,5.52,1,124,-0.75,-3299.61,12,1
10/29/2018 15:26:58 ,13,1,1.03000,1,2.14000,2.38000,51.061901,3.710829,1,4112,1,6.700000,1,31.74,1,6.06,1,124,-0.75,-3299.61,12,0
10/29/2018 15:27:00 ,14,1,0.98000,1,1.96000,2.19000,51.061927,3.710858,1,4131,1,7.000000,1,30.37,1,6.20,1,124,-0.75,-3299.61,12,0
10/29/2018 15:27:02 ,14,1,0.98000,1,1.96000,2.19000,51.061954,3.710880,1,4211,1,7.100000,1,26.03,1,5.61,1,124,-0.75,-3299.61,12,0
10/29/2018 15:27:04 ,13,1,1.09000,1,2.02000,2.29000,51.061977,3.710901,1,4243,1,6.900000,1,26.21,1,5.07,1,124,-0.75,-3299.61,12,0
10/29/2018 15:27:06 ,14,1,0.98000,1,1.96000,2.19000,51.062000,3.710921,1,4313,1,7.100000,1,27.41,1,5.22,1,124,-0.75,-3299.61,12,0
10/29/2018 15:27:06 ,14,1,0.98000,1,1.96000,2.19000,51.062000,3.710921,1,10324,1,7.100000,1,27.41,1,5.22,1,124,1.50,-3327.39,12,1
10/29/2018 15:27:07 ,14,1,0.98000,1,1.96000,2.19000,51.062007,3.710942,1,10333,1,6.900000,1,21.81,1,5.89,1,124,1.50,-3327.39,12,0
10/29/2018 15:27:09 ,13,1,1.09000,1,2.02000,2.29000,51.062026,3.710967,1,10420,1,6.700000,1,29.09,1,5.15,1,124,1.50,-3327.39,12,0
10/29/2018 15:27:11 ,14,1,0.98000,1,1.96000,2.19000,51.062049,3.710998,1,10434,1,6.700000,1,32.20,1,5.57,1,124,1.50,-3327.39,12,0
10/29/2018 15:27:13 ,14,1,0.98000,1,1.96000,2.19000,51.062072,3.711026,1,11010,1,6.800000,1,34.37,1,5.41,1,124,1.50,-3327.39,12,0
10/29/2018 15:27:15 ,14,1,0.98000,1,1.96000,2.19000,51.062091,3.711056,1,11041,1,6.800000,1,33.60,1,5.17,1,124,1.50,-3327.39,12,0
10/29/2018 15:27:16 ,14,1,0.98000,1,1.96000,2.19000,51.062099,3.711072,1,42,1,6.800000,1,37.52,1,5.32,1,126,0.75,-3342.60,12,1
10/29/2018 15:27:17 ,14,1,0.98000,1,1.96000,2.19000,51.062110,3.711082,1,322,1,6.500000,1,33.42,1,4.87,1,126,0.75,-3342.60,12,0
10/29/2018 15:27:18 ,14,1,0.98000,1,1.96000,2.19000,51.062114,3.711105,1,1434,1,6.200000,1,30.49,1,4.54,1,126,0.75,-3342.60,12,0
10/29/2018 15:27:20 ,14,1,0.98000,1,1.96000,2.19000,51.062133,3.711126,1,2220,1,6.200000,1,29.52,1,3.78,1,126,0.75,-3342.60,12,0
10/29/2018 15:27:20 ,14,1,0.98000,1,1.96000,2.19000,51.062133,3.711126,1,10032,1,6.200000,1,29.52,1,3.78,1,-117,5.25,2021.65,7,1
10/29/2018 15:27:21 ,14,1,0.98000,1,1.96000,2.19000,51.062137,3.711144,1,10114,1,6.100000,1,33.43,1,3.80,1,-117,5.25,2021.65,7,0
10/29/2018 15:27:22 ,14,1,1.03000,1,2.14000,2.37000,51.062145,3.711159,1,1300,1,6.000000,1,39.82,1,5.43,1,-123,0.25,2021.65,7,1
10/29/2018 15:27:23 ,14,1,0.98000,1,1.96000,2.19000,51.062149,3.711172,1,2212,1,6.000000,1,39.57,1,2.41,1,-123,0.25,2021.65,7,0
10/29/2018 15:27:23 ,14,1,0.98000,1,1.96000,2.19000,51.062149,3.711172,1,10443,1,6.000000,1,39.57,1,2.41,1,-124,-3.00,2021.65,7,1
10/29/2018 15:27:25 ,14,1,0.98000,1,1.96000,2.19000,51.062168,3.711199,1,44,1,6.100000,1,41.94,1,5.07,1,-124,-3.00,2021.65,7,0
10/29/2018 15:27:26 ,14,1,0.98000,1,1.96000,2.19000,51.062175,3.711212,1,143,1,6.000000,1,38.08,1,4.61,1,125,2.00,245.37,9,1
10/29/2018 15:27:26 ,14,1,0.98000,1,1.96000,2.19000,51.062175,3.711212,1,143,1,6.000000,1,38.08,1,4.61,1,125,2.00,245.37,9,0
10/29/2018 15:27:27 ,14,1,0.98000,1,1.96000,2.19000,51.062183,3.711221,1,2212,1,5.900000,1,39.75,1,3.26,1,125,2.00,245.37,9,0
10/29/2018 15:27:28 ,14,1,0.98000,1,1.96000,2.19000,51.062187,3.711239,1,10104,1,5.800000,1,35.01,1,4.87,1,126,3.75,257.95,9,1
10/29/2018 15:27:28 ,14,1,0.98000,1,1.96000,2.19000,51.062187,3.711239,1,10104,1,5.800000,1,35.01,1,4.87,1,126,3.75,257.95,9,0
10/29/2018 15:27:30 ,14,1,1.03000,1,2.14000,2.37000,51.062210,3.711265,1,10144,1,5.900000,1,38.67,1,5.06,1,126,3.75,257.95,9,0
10/29/2018 15:27:31 ,14,1,0.98000,1,1.96000,2.19000,51.062217,3.711280,1,10433,1,5.700000,1,38.75,1,5.33,1,126,3.75,257.95,9,0
10/29/2018 15:27:33 ,13,1,1.03000,1,2.14000,2.37000,51.062240,3.711308,1,11023,1,5.400000,1,38.74,1,5.35,1,126,3.75,257.95,9,0
10/29/2018 15:27:34 ,13,1,1.03000,1,2.14000,2.37000,51.062252,3.711320,1,2130,1,5.200000,1,35.03,1,5.17,1,125,1.75,-3336.31,12,1
10/29/2018 15:27:35 ,13,1,1.03000,1,2.14000,2.37000,51.062263,3.711332,1,2223,1,5.000000,1,34.42,1,4.94,1,125,1.75,-3336.31,12,0
10/29/2018 15:27:37 ,13,1,1.03000,1,2.14000,2.37000,51.062286,3.711360,1,2241,1,4.800000,1,46.03,1,5.33,1,125,1.75,-3336.31,12,0
10/29/2018 15:27:39 ,13,1,1.03000,1,2.14000,2.37000,51.062305,3.711384,1,2321,1,4.800000,1,35.79,1,5.94,1,125,1.75,-3336.31,12,0
10/29/2018 15:27:41 ,12,1,1.33000,1,2.14000,2.52000,51.062332,3.711399,1,2412,1,5.300000,1,34.73,1,4.74,1,125,1.75,-3336.31,12,0
10/29/2018 15:27:43 ,12,1,1.33000,1,2.14000,2.52000,51.062351,3.711425,1,2430,1,5.300000,1,30.14,1,5.00,1,125,1.75,-3336.31,12,0
10/29/2018 15:27:43 ,12,1,1.33000,1,2.14000,2.52000,51.062351,3.711425,1,3400,1,5.300000,1,30.14,1,5.00,1,126,2.50,-3355.71,12,1
10/29/2018 15:27:44 ,12,1,1.33000,1,2.14000,2.52000,51.062366,3.711433,1,3441,1,5.200000,1,30.65,1,4.87,1,126,2.50,-3355.71,12,0
10/29/2018 15:27:46 ,13,1,1.03000,1,2.14000,2.37000,51.062385,3.711462,1,4002,1,4.800000,1,39.88,1,5.37,1,126,2.50,-3355.71,12,0
10/29/2018 15:27:48 ,13,1,1.03000,1,2.14000,2.37000,51.062408,3.711486,1,4021,1,4.700000,1,40.52,1,5.07,1,126,2.50,-3355.71,12,0
10/29/2018 15:27:50 ,13,1,1.03000,1,2.14000,2.37000,51.062431,3.711510,1,4042,1,4.400000,1,36.22,1,5.56,1,126,2.50,-3355.71,12,0
10/29/2018 15:27:52 ,14,1,0.98000,1,1.95000,2.18000,51.062454,3.711536,1,4122,1,4.100000,1,33.39,1,5.20,1,126,2.50,-3355.71,12,0
10/29/2018 15:27:52 ,14,1,0.98000,1,1.95000,2.18000,51.062454,3.711536,1,10133,1,4.100000,1,33.39,1,5.20,1,124,-0.50,-3374.58,12,1
10/29/2018 15:27:53 ,14,1,0.98000,1,1.95000,2.18000,51.062465,3.711550,1,10144,1,3.900000,1,37.28,1,5.30,1,124,-0.50,-3374.58,12,0
10/29/2018 15:27:54 ,14,1,0.98000,1,1.95000,2.18000,51.062477,3.711565,1,10231,1,3.800000,1,38.06,1,5.65,1,124,-0.50,-3374.58,12,0
10/29/2018 15:27:56 ,14,1,0.98000,1,1.95000,2.18000,51.062496,3.711591,1,3023,1,3.400000,1,31.40,1,5.06,1,-121,2.00,1971.32,7,1
10/29/2018 15:27:56 ,14,1,0.98000,1,1.95000,2.18000,51.062496,3.711591,1,3023,1,3.400000,1,31.40,1,5.06,1,-121,2.00,1971.32,7,0
10/29/2018 15:27:58 ,14,1,0.98000,1,1.95000,2.18000,51.062515,3.711621,1,221,1,3.200000,1,27.32,1,4.44,1,-119,4.00,1971.32,7,1
10/29/2018 15:27:58 ,14,1,0.98000,1,1.95000,2.18000,51.062515,3.711621,1,221,1,3.200000,1,27.32,1,4.44,1,-119,4.00,1971.32,7,0
10/29/2018 15:27:59 ,14,1,0.98000,1,1.95000,2.18000,51.062526,3.711624,1,2033,1,3.000000,1,17.97,1,3.85,1,-119,4.00,1971.32,7,0
10/29/2018 15:28:00 ,14,1,0.98000,1,1.95000,2.18000,51.062538,3.711621,1,312,1,3.000000,1,26.01,1,4.00,1,125,2.75,199.23,9,1
10/29/2018 15:28:01 ,14,1,0.97000,1,1.95000,2.18000,51.062549,3.711626,1,1043,1,3.400000,1,23.64,1,3.11,1,125,2.75,199.23,9,0
10/29/2018 15:28:02 ,14,1,0.97000,1,1.95000,2.18000,51.062553,3.711631,1,2213,1,3.600000,1,21.89,1,2.89,1,125,2.75,199.23,9,0
10/29/2018 15:28:02 ,14,1,0.97000,1,1.95000,2.18000,51.062553,3.711631,1,4303,1,3.600000,1,21.89,1,2.89,1,-123,7.50,195.04,9,1
10/29/2018 15:28:03 ,14,1,0.97000,1,1.95000,2.18000,51.062568,3.711635,1,4314,1,3.700000,1,20.22,1,5.13,1,-123,7.50,195.04,9,0
10/29/2018 15:28:04 ,14,1,0.97000,1,1.95000,2.18000,51.062587,3.711626,1,3041,1,3.800000,1,9.37,1,5.41,1,-123,7.50,-3214.93,9,1
10/29/2018 15:28:05 ,14,1,1.08000,1,2.53000,2.75000,51.062599,3.711623,1,3112,1,3.500000,1,6.41,1,5.35,1,-123,7.50,73.40,9,0
10/29/2018 15:28:06 ,14,1,0.97000,1,1.95000,2.18000,51.062610,3.711612,1,3410,1,3.100000,1,343.02,1,5.13,1,-123,7.50,73.40,9,0
10/29/2018 15:28:08 ,14,1,0.97000,1,1.95000,2.18000,51.062629,3.711588,1,3431,1,2.200000,1,330.13,1,3.96,1,-123,7.50,73.40,9,0
10/29/2018 15:28:10 ,12,1,1.24000,1,2.56000,2.85000,51.062656,3.711566,1,4003,1,1.600000,1,340.09,1,5.87,1,-123,7.50,73.40,9,0
10/29/2018 15:28:11 ,13,1,1.03000,1,2.56000,2.85000,51.062667,3.711552,1,141,1,0.600000,1,329.88,1,5.54,1,127,3.50,-3339.98,12,1
10/29/2018 15:28:12 ,13,1,1.03000,1,2.13000,2.37000,51.062675,3.711537,1,1414,1,-0.400000,1,329.75,1,4.87,1,127,3.50,-3339.98,12,0
10/29/2018 15:28:14 ,13,1,1.08000,1,2.53000,2.75000,51.062698,3.711513,1,2214,1,-0.500000,1,330.60,1,5.33,1,127,3.50,-3339.98,12,0
10/29/2018 15:28:16 ,14,1,1.03000,1,2.13000,2.37000,51.062713,3.711489,1,2243,1,-1.100000,1,320.78,1,5.32,1,127,3.50,-3339.98,12,0
10/29/2018 15:28:18 ,14,1,1.03000,1,2.13000,2.37000,51.062725,3.711458,1,2314,1,-2.100000,1,309.04,1,4.80,1,127,3.50,-3339.98,12,0
10/29/2018 15:28:20 ,14,1,1.03000,1,2.07000,2.31000,51.062740,3.711427,1,1422,1,-3.100000,1,314.15,1,4.52,1,125,0.00,-3331.06,12,1
10/29/2018 15:28:20 ,14,1,1.03000,1,2.07000,2.31000,51.062740,3.711427,1,1422,1,-3.100000,1,314.15,1,4.52,1,125,0.00,-3331.06,12,0
10/29/2018 15:28:22 ,14,1,1.03000,1,2.13000,2.36000,51.062751,3.711404,1,2322,1,-5.000000,1,309.79,1,2.46,1,125,0.00,-3331.06,12,0
10/29/2018 15:28:24 ,14,1,1.03000,1,2.13000,2.36000,51.062774,3.711372,1,2321,1,-2.700000,1,317.40,1,5.41,1,125,0.00,-3331.06,12,0
10/29/2018 15:28:26 ,14,1,0.97000,1,1.95000,2.18000,51.062793,3.711342,1,2343,1,-3.000000,1,314.52,1,4.89,1,125,0.00,-3331.06,12,0
10/29/2018 15:28:28 ,13,1,1.09000,1,2.01000,2.29000,51.062820,3.711314,1,2422,1,-2.800000,1,329.94,1,6.87,1,125,0.00,-3331.06,12,0
10/29/2018 15:28:29 ,14,1,1.02000,1,2.07000,2.31000,51.062824,3.711297,1,3204,1,-4.000000,1,325.38,1,5.78,1,-128,3.00,-3277.59,12,1
10/29/2018 15:28:29 ,14,1,1.02000,1,2.07000,2.31000,51.062824,3.711297,1,3204,1,-4.000000,1,325.38,1,5.78,1,-128,3.00,-3277.59,12,0
10/29/2018 15:28:30 ,13,1,1.13000,1,2.13000,2.41000,51.062835,3.711284,1,4244,1,-5.000000,1,323.98,1,5.19,1,-112,6.00,2071.99,7,1
10/29/2018 15:28:30 ,13,1,1.13000,1,2.13000,2.41000,51.062835,3.711284,1,4244,1,-5.000000,1,323.98,1,5.19,1,-112,6.00,2071.99,7,0
10/29/2018 15:28:32 ,14,1,1.02000,1,2.07000,2.31000,51.062850,3.711270,1,1004,1,-6.600000,1,341.84,1,2.85,1,-115,5.75,2088.76,7,1
10/29/2018 15:28:32 ,14,1,1.02000,1,2.07000,2.31000,51.062850,3.711270,1,1004,1,-6.600000,1,341.84,1,2.85,1,-115,5.75,2088.76,7,0
10/29/2018 15:28:33 ,13,1,1.09000,1,2.01000,2.29000,51.062850,3.711262,1,10231,1,-7.100000,1,341.84,1,1.70,1,-117,4.50,2088.76,7,1
10/29/2018 15:28:33 ,13,1,1.09000,1,2.01000,2.29000,51.062850,3.711262,1,10231,1,-7.100000,1,341.84,1,1.70,1,-117,4.50,2088.76,7,0
10/29/2018 15:28:34 ,13,1,1.09000,1,2.01000,2.29000,51.062854,3.711252,1,34,1,-7.100000,1,341.84,1,2.04,1,127,4.00,316.67,9,1
10/29/2018 15:28:35 ,13,1,1.09000,1,2.01000,2.29000,51.062858,3.711247,1,430,1,-5.400000,1,341.84,1,2.72,1,127,4.00,316.67,9,0
10/29/2018 15:28:36 ,13,1,1.21000,1,2.14000,2.46000,51.062870,3.711245,1,2042,1,-5.100000,1,341.84,1,2.78,1,127,4.00,316.67,9,0
10/29/2018 15:28:36 ,13,1,1.21000,1,2.14000,2.46000,51.062870,3.711245,1,4021,1,-5.100000,1,341.84,1,2.78,1,126,3.75,329.25,9,1
10/29/2018 15:28:37 ,13,1,1.09000,1,2.01000,2.29000,51.062877,3.711236,1,4034,1,-4.000000,1,341.84,1,2.93,1,126,3.75,329.25,9,0
10/29/2018 15:28:39 ,14,1,0.97000,1,1.95000,2.18000,51.062896,3.711222,1,404,1,-4.300000,1,345.96,1,4.13,1,123,-3.75,341.84,9,1
10/29/2018 15:28:39 ,14,1,0.97000,1,1.95000,2.18000,51.062896,3.711222,1,404,1,-4.300000,1,345.96,1,4.13,1,123,-3.75,341.84,9,0
10/29/2018 15:28:41 ,14,1,0.97000,1,1.95000,2.18000,51.062923,3.711210,1,3001,1,-2.600000,1,354.73,1,5.85,1,123,-3.75,341.84,9,0
10/29/2018 15:28:43 ,14,1,0.97000,1,1.95000,2.18000,51.062953,3.711201,1,3030,1,-0.500000,1,358.29,1,5.93,1,123,-3.75,341.84,9,0
10/29/2018 15:28:45 ,14,1,0.97000,1,1.95000,2.18000,51.062980,3.711184,1,3113,1,1.300000,1,356.59,1,5.00,1,123,-3.75,341.84,9,0
10/29/2018 15:28:47 ,14,1,0.97000,1,1.94000,2.17000,51.063007,3.711169,1,3133,1,2.200000,1,353.12,1,6.26,1,123,-3.75,341.84,9,0
10/29/2018 15:28:47 ,14,1,0.97000,1,1.94000,2.17000,51.063007,3.711169,1,11221,1,2.200000,1,353.12,1,6.26,1,-127,-9.25,-3254.52,12,1
10/29/2018 15:28:49 ,14,1,0.97000,1,1.94000,2.17000,51.063037,3.711152,1,323,1,2.200000,1,354.77,1,5.96,1,-127,-9.25,-3254.52,12,0
10/29/2018 15:28:50 ,14,1,0.97000,1,1.94000,2.17000,51.063049,3.711142,1,1111,1,6.700000,1,352.12,1,4.46,1,-127,-9.25,-3254.52,12,0
10/29/2018 15:28:51 ,14,1,0.97000,1,1.94000,2.17000,51.063064,3.711133,1,2211,1,8.200000,1,351.91,1,5.91,1,-127,-9.25,-3254.52,12,0
10/29/2018 15:28:53 ,14,1,0.97000,1,1.94000,2.17000,51.063091,3.711114,1,2300,1,9.100001,1,348.79,1,5.57,1,-127,-9.25,-3254.52,12,0
10/29/2018 15:28:55 ,14,1,0.97000,1,1.94000,2.17000,51.063117,3.711108,1,2303,1,8.700000,1,353.01,1,4.96,1,-127,-9.25,-3254.52,12,0
10/29/2018 15:28:57 ,14,1,0.97000,1,1.94000,2.17000,51.063144,3.711115,1,11,1,8.900000,1,13.33,1,6.46,1,-128,2.75,-3242.46,12,1
10/29/2018 15:28:57 ,14,1,0.97000,1,1.94000,2.17000,51.063144,3.711115,1,11,1,8.900000,1,13.33,1,6.46,1,-128,2.75,-3242.46,12,0
10/29/2018 15:28:59 ,14,1,0.97000,1,1.94000,2.17000,51.063163,3.711139,1,2201,1,8.200000,1,29.38,1,4.56,1,-128,2.75,-3242.46,12,0
10/29/2018 15:29:01 ,14,1,0.97000,1,1.94000,2.17000,51.063175,3.711155,1,2314,1,6.400000,1,25.96,1,2.80,1,-128,2.75,-3242.46,12,0
10/29/2018 15:29:03 ,14,1,0.97000,1,1.94000,2.17000,51.063182,3.711180,1,2323,1,4.300000,1,40.98,1,4.24,1,-128,2.75,-3242.46,12,0
10/29/2018 15:29:05 ,14,1,0.97000,1,1.94000,2.17000,51.063198,3.711202,1,2401,1,3.900000,1,48.06,1,3.61,1,-128,2.75,-3242.46,12,0
10/29/2018 15:29:06 ,14,1,0.97000,1,1.94000,2.17000,51.063209,3.711210,1,2231,1,3.100000,1,42.82,1,3.50,1,-125,-5.75,2122.32,7,1
10/29/2018 15:29:07 ,14,1,0.97000,1,1.94000,2.17000,51.063217,3.711216,1,2244,1,3.000000,1,46.77,1,2.87,1,-125,-5.75,2122.32,7,0
10/29/2018 15:29:07 ,14,1,0.97000,1,1.94000,2.17000,51.063217,3.711216,1,11431,1,3.000000,1,46.77,1,2.87,1,-126,-9.25,2105.54,7,1
10/29/2018 15:29:09 ,14,1,1.22000,1,1.94000,2.17000,51.063224,3.711237,1,104,1,0.800000,1,59.38,1,3.72,1,-126,-9.25,2105.54,7,0
10/29/2018 15:29:10 ,14,1,0.97000,1,1.94000,2.17000,51.063236,3.711249,1,2214,1,-0.600000,1,49.85,1,3.72,1,-126,-9.25,2105.54,7,0
10/29/2018 15:29:12 ,14,1,0.97000,1,1.94000,2.17000,51.063247,3.711279,1,2244,1,-2.000000,1,57.12,1,3.57,1,-126,-9.25,2105.54,7,0
10/29/2018 15:29:13 ,14,1,0.97000,1,1.94000,2.17000,51.063255,3.711287,1,104,1,-4.200000,1,39.34,1,3.96,1,-123,-1.00,320.86,9,1
10/29/2018 15:29:14 ,14,1,0.97000,1,1.94000,2.17000,51.063262,3.711300,1,1231,1,-5.400000,1,42.24,1,3.83,1,-123,-1.00,320.86,9,0
10/29/2018 15:29:16 ,14,1,0.97000,1,1.94000,2.17000,51.063282,3.711328,1,2440,1,-6.000000,1,52.02,1,3.98,1,-123,-1.00,320.86,9,0
10/29/2018 15:29:18 ,14,1,0.97000,1,1.94000,2.17000,51.063301,3.711359,1,3021,1,-7.100000,1,53.45,1,4.17,1,-123,-1.00,320.86,9,0
10/29/2018 15:29:20 ,14,1,0.97000,1,1.94000,2.17000,51.063316,3.711393,1,3043,1,-7.900000,1,58.66,1,4.70,1,-123,-1.00,320.86,9,0
10/29/2018 15:29:22 ,14,1,0.97000,1,1.94000,2.17000,51.063339,3.711419,1,3130,1,-8.000000,1,47.96,1,4.11,1,-123,-1.00,320.86,9,0
10/29/2018 15:29:24 ,14,1,0.97000,1,1.94000,2.17000,51.063354,3.711447,1,3140,1,-9.400000,1,51.96,1,4.70,1,-123,-1.00,320.86,9,0
10/29/2018 15:29:24 ,14,1,0.97000,1,1.94000,2.17000,51.063354,3.711447,1,4301,1,-9.400000,1,51.96,1,4.70,1,122,-3.75,-3314.81,12,1
10/29/2018 15:29:25 ,14,1,0.97000,1,1.94000,2.17000,51.063369,3.711459,1,4330,1,-9.500000,1,48.09,1,5.00,1,122,-3.75,-3314.81,12,0
10/29/2018 15:29:27 ,14,1,0.97000,1,1.94000,2.17000,51.063388,3.711486,1,4342,1,-11.200000,1,53.78,1,4.74,1,122,-3.75,-3314.81,12,0
10/29/2018 15:29:29 ,14,1,0.97000,1,1.94000,2.17000,51.063411,3.711509,1,4421,1,-12.300001,1,50.09,1,3.67,1,122,-3.75,-3314.81,12,0
10/29/2018 15:29:31 ,14,1,0.97000,1,1.94000,2.17000,51.063434,3.711525,1,4444,1,-11.500000,1,48.91,1,3.07,1,122,-3.75,-3314.81,12,0
10/29/2018 15:29:33 ,14,1,0.97000,1,1.94000,2.17000,51.063457,3.711555,1,10031,1,-11.100001,1,56.72,1,4.09,1,122,-3.75,-3314.81,12,0
10/29/2018 15:29:33 ,14,1,0.97000,1,1.94000,2.17000,51.063457,3.711555,1,11034,1,-11.100001,1,56.72,1,4.09,1,121,-6.75,-3297.51,12,1
10/29/2018 15:29:34 ,14,1,0.97000,1,1.94000,2.17000,51.063465,3.711566,1,11102,1,-11.200000,1,53.64,1,3.82,1,121,-6.75,-3297.51,12,0
10/29/2018 15:29:36 ,14,1,0.97000,1,1.93000,2.17000,51.063491,3.711590,1,11133,1,-11.500000,1,44.00,1,5.02,1,121,-6.75,-3297.51,12,0
10/29/2018 15:29:38 ,14,1,0.97000,1,1.93000,2.16000,51.063507,3.711625,1,11202,1,-11.600001,1,56.32,1,4.82,1,121,-6.75,-3297.51,12,0
10/29/2018 15:29:40 ,14,1,0.97000,1,1.93000,2.16000,51.063533,3.711655,1,104,1,-11.600001,1,53.08,1,5.30,1,121,-6.75,-3297.51,12,0
10/29/2018 15:29:41 ,14,1,0.97000,1,1.93000,2.16000,51.063545,3.711669,1,1312,1,-11.900000,1,52.63,1,4.85,1,121,-6.75,-3297.51,12,0
10/29/2018 15:29:42 ,14,1,0.97000,1,1.93000,2.16000,51.063552,3.711685,1,203,1,-12.300001,1,53.31,1,4.94,1,-124,0.50,1988.10,7,1
10/29/2018 15:29:43 ,14,1,0.97000,1,1.93000,2.16000,51.063564,3.711701,1,1314,1,-12.500000,1,52.61,1,5.19,1,-124,0.50,1988.10,7,0
10/29/2018 15:29:44 ,14,1,0.97000,1,1.93000,2.16000,51.063575,3.711716,1,2340,1,-12.900000,1,52.88,1,5.57,1,123,-1.00,232.78,9,1
10/29/2018 15:29:44 ,14,1,0.97000,1,1.93000,2.16000,51.063575,3.711716,1,2340,1,-12.900000,1,52.88,1,5.57,1,123,-1.00,232.78,9,0
10/29/2018 15:29:46 ,14,1,0.97000,1,1.93000,2.16000,51.063602,3.711742,1,2441,1,-13.000000,1,48.23,1,4.28,1,123,-1.00,232.78,9,0
10/29/2018 15:29:47 ,14,1,0.97000,1,1.93000,2.16000,51.063613,3.711756,1,310,1,-13.000000,1,50.69,1,5.02,1,121,-7.50,203.42,9,1
10/29/2018 15:29:48 ,14,1,0.97000,1,1.93000,2.16000,51.063629,3.711763,1,442,1,-13.700000,1,43.33,1,5.04,1,121,-7.50,203.42,9,0
10/29/2018 15:29:49 ,14,1,0.97000,1,1.93000,2.16000,51.063636,3.711779,1,2100,1,-14.600001,1,49.94,1,4.70,1,121,-7.50,203.42,9,0
10/29/2018 15:29:49 ,14,1,0.97000,1,1.93000,2.16000,51.063636,3.711779,1,4223,1,-14.600001,1,49.94,1,4.70,1,122,-2.75,174.06,9,1
10/29/2018 15:29:50 ,14,1,0.97000,1,1.93000,2.16000,51.063644,3.711796,1,10022,1,-14.800001,1,53.91,1,4.91,1,122,-2.75,174.06,9,0
10/29/2018 15:29:52 ,14,1,0.97000,1,1.93000,2.16000,51.063667,3.711827,1,1100,1,-16.100000,1,55.95,1,5.22,1,122,-9.25,-3418.10,12,1
10/29/2018 15:29:52 ,14,1,0.97000,1,1.93000,2.16000,51.063667,3.711827,1,1100,1,-16.100000,1,55.95,1,5.22,1,122,-9.25,-3418.10,12,0
10/29/2018 15:29:54 ,14,1,0.97000,1,1.93000,2.16000,51.063690,3.711859,1,2240,1,-15.900000,1,57.76,1,5.15,1,122,-9.25,-3418.10,12,0
10/29/2018 15:29:56 ,14,1,0.97000,1,1.93000,2.16000,51.063716,3.711883,1,2314,1,-15.900000,1,55.70,1,4.78,1,122,-9.25,-3418.10,12,0
10/29/2018 15:29:58 ,14,1,0.97000,1,1.93000,2.16000,51.063743,3.711907,1,2333,1,-16.299999,1,53.21,1,5.00,1,122,-9.25,-3418.10,12,0
10/29/2018 15:30:00 ,14,1,0.97000,1,1.93000,2.16000,51.063766,3.711930,1,2344,1,-16.500000,1,48.69,1,4.50,1,122,-9.25,-3418.10,12,0
10/29/2018 15:30:01 ,14,1,0.97000,1,1.93000,2.16000,51.063781,3.711936,1,2314,1,-16.500000,1,39.76,1,4.61,1,122,-4.75,-3435.92,12,1
10/29/2018 15:30:02 ,14,1,0.97000,1,1.93000,2.16000,51.063793,3.711947,1,2403,1,-16.799999,1,37.64,1,4.98,1,122,-4.75,-3435.92,12,0
10/29/2018 15:30:04 ,14,1,0.97000,1,1.93000,2.16000,51.063816,3.711972,1,2422,1,-16.299999,1,43.74,1,4.09,1,122,-4.75,-3435.92,12,0
10/29/2018 15:30:06 ,14,1,0.97000,1,1.93000,2.16000,51.063838,3.711997,1,2442,1,-15.600001,1,50.97,1,3.93,1,122,-4.75,-3435.92,12,0
10/29/2018 15:30:08 ,13,1,1.02000,1,2.11000,2.35000,51.063861,3.712020,1,3030,1,-15.500000,1,54.05,1,4.43,1,122,-4.75,-3435.92,12,0
10/29/2018 15:30:10 ,13,1,1.02000,1,2.11000,2.35000,51.063880,3.712049,1,3043,1,-15.600001,1,57.55,1,4.87,1,122,-4.75,-3435.92,12,0
10/29/2018 15:30:10 ,13,1,1.02000,1,2.11000,2.35000,51.063880,3.712049,1,4110,1,-15.600001,1,57.55,1,4.87,1,122,-6.75,-3470.52,12,1
10/29/2018 15:30:11 ,13,1,1.02000,1,2.11000,2.34000,51.063884,3.712068,1,4124,1,-16.000000,1,62.81,1,4.89,1,122,-6.75,-3470.52,12,0
10/29/2018 15:30:13 ,14,1,0.97000,1,1.93000,2.16000,51.063899,3.712099,1,4213,1,-16.899999,1,59.63,1,4.98,1,122,-6.75,-3470.52,12,0
10/29/2018 15:30:14 ,14,1,0.97000,1,1.93000,2.16000,51.063915,3.712108,1,10223,1,-16.799999,1,51.53,1,4.44,1,-125,-7.50,1837.11,7,1
10/29/2018 15:30:14 ,14,1,0.97000,1,1.93000,2.16000,51.063915,3.712108,1,10223,1,-16.799999,1,51.53,1,4.44,1,-125,-7.50,1837.11,7,0
10/29/2018 15:30:16 ,14,1,0.97000,1,1.93000,2.16000,51.063934,3.712124,1,1432,1,-16.899999,1,38.83,1,3.50,1,-122,-1.75,1870.66,7,1
10/29/2018 15:30:16 ,14,1,0.97000,1,1.93000,2.16000,51.063934,3.712124,1,1432,1,-16.899999,1,38.83,1,3.50,1,-122,-1.75,1870.66,7,0
10/29/2018 15:30:18 ,14,1,0.97000,1,1.93000,2.16000,51.063957,3.712151,1,2302,1,-16.399999,1,42.56,1,4.65,1,-122,-1.75,1870.66,7,0
10/29/2018 15:30:19 ,14,1,0.97000,1,1.93000,2.16000,51.063964,3.712163,1,3030,1,-16.399999,1,43.31,1,4.22,1,-122,-1.75,1870.66,7,0
10/29/2018 15:30:20 ,14,1,0.97000,1,1.92000,2.16000,51.063976,3.712181,1,12011,1,-16.700000,1,48.35,1,5.24,1,122,-4.00,73.40,9,1
10/29/2018 15:30:20 ,14,1,0.97000,1,1.92000,2.16000,51.063976,3.712181,1,12011,1,-16.700000,1,48.35,1,5.24,1,122,-4.00,73.40,9,0
10/29/2018 15:30:22 ,14,1,0.97000,1,1.92000,2.16000,51.063999,3.712206,1,1214,1,-16.600000,1,48.74,1,4.93,1,122,-4.00,73.40,9,0
10/29/2018 15:30:23 ,14,1,0.97000,1,1.92000,2.16000,51.064018,3.712212,1,3442,1,-15.800001,1,48.74,1,3.15,1,122,-4.50,102.76,9,1
10/29/2018 15:30:23 ,14,1,0.97000,1,1.92000,2.16000,51.064018,3.712212,1,3442,1,-15.800001,1,48.74,1,3.15,1,122,-4.50,102.76,9,0
10/29/2018 15:30:25 ,14,1,0.97000,1,1.92000,2.15000,51.064029,3.712236,1,4232,1,-15.900000,1,50.95,1,4.11,1,122,-4.50,102.76,9,0
10/29/2018 15:30:27 ,14,1,0.97000,1,1.92000,2.15000,51.064052,3.712265,1,4311,1,-15.200000,1,62.70,1,4.59,1,122,-4.50,102.76,9,0
10/29/2018 15:30:29 ,14,1,0.97000,1,1.92000,2.15000,51.064071,3.712294,1,111,1,-15.000000,1,59.64,1,4.76,1,122,-5.50,-3524.00,12,1
10/29/2018 15:30:29 ,14,1,0.97000,1,1.92000,2.15000,51.064071,3.712294,1,111,1,-15.000000,1,59.64,1,4.76,1,122,-5.50,-3524.00,12,0
10/29/2018 15:30:30 ,14,1,0.97000,1,1.92000,2.15000,51.064086,3.712300,1,2002,1,-15.000000,1,47.97,1,3.30,1,122,-5.50,-3524.00,12,0
10/29/2018 15:30:32 ,14,1,0.97000,1,1.92000,2.15000,51.064102,3.712324,1,2233,1,-15.400000,1,45.53,1,3.98,1,122,-5.50,-3524.00,12,0
10/29/2018 15:30:34 ,14,1,0.97000,1,1.92000,2.15000,51.064125,3.712349,1,2312,1,-15.000000,1,47.64,1,4.26,1,122,-5.50,-3524.00,12,0
10/29/2018 15:30:36 ,14,1,0.97000,1,1.92000,2.15000,51.064147,3.712372,1,2334,1,-14.900000,1,37.35,1,4.65,1,122,-5.50,-3524.00,12,0
10/29/2018 15:30:38 ,14,1,0.97000,1,1.92000,2.15000,51.064170,3.712402,1,401,1,-14.600001,1,42.05,1,4.44,1,123,-5.50,-3500.93,12,1
10/29/2018 15:30:38 ,14,1,0.97000,1,1.92000,2.15000,51.064170,3.712402,1,401,1,-14.600001,1,42.05,1,4.44,1,123,-5.50,-3500.93,12,0
10/29/2018 15:30:40 ,14,1,0.97000,1,1.92000,2.15000,51.064189,3.712433,1,2233,1,-14.800001,1,44.69,1,5.00,1,123,-5.50,-3500.93,12,0
10/29/2018 15:30:42 ,14,1,0.97000,1,1.92000,2.15000,51.064212,3.712469,1,2323,1,-15.100001,1,50.47,1,5.52,1,123,-5.50,-3500.93,12,0
10/29/2018 15:30:44 ,14,1,0.97000,1,1.92000,2.15000,51.064235,3.712504,1,2341,1,-15.200000,1,50.31,1,5.33,1,123,-5.50,-3500.93,12,0
10/29/2018 15:30:46 ,14,1,0.97000,1,1.92000,2.15000,51.064258,3.712531,1,2412,1,-15.000000,1,47.85,1,4.98,1,123,-5.50,-3500.93,12,0
10/29/2018 15:30:47 ,14,1,0.97000,1,1.92000,2.15000,51.064273,3.712548,1,2132,1,-13.800001,1,51.33,1,4.93,1,122,-2.25,-3526.62,12,1
10/29/2018 15:30:48 ,14,1,0.97000,1,1.92000,2.15000,51.064281,3.712566,1,2301,1,-12.800001,1,51.22,1,4.37,1,122,-2.25,-3526.62,12,0
10/29/2018 15:30:50 ,14,1,0.97000,1,1.92000,2.15000,51.064300,3.712601,1,3042,1,-11.600001,1,58.54,1,3.96,1,122,-2.25,-3526.62,12,0
10/29/2018 15:30:52 ,14,1,1.09000,1,1.98000,2.26000,51.064315,3.712635,1,3120,1,-10.200000,1,62.17,1,4.76,1,122,-2.25,-3526.62,12,0
10/29/2018 15:30:53 ,14,1,1.09000,1,1.98000,2.26000,51.064323,3.712648,1,3411,1,-9.600001,1,44.18,1,3.69,1,122,-2.25,-3526.62,12,0
10/29/2018 15:30:54 ,13,1,1.09000,1,1.98000,2.26000,51.064334,3.712655,1,11200,1,-8.200000,1,23.06,1,3.87,1,126,-9.25,81.79,9,1
10/29/2018 15:30:54 ,13,1,1.09000,1,1.98000,2.26000,51.064334,3.712655,1,11200,1,-8.200000,1,23.06,1,3.87,1,126,-9.25,81.79,9,0
10/29/2018 15:30:56 ,13,1,1.09000,1,1.98000,2.26000,51.064365,3.712654,1,440,1,-8.200000,1,357.49,1,4.67,1,126,-9.25,81.79,9,0
10/29/2018 15:30:57 ,13,1,1.09000,1,1.98000,2.26000,51.064380,3.712648,1,1100,1,-6.500000,1,351.01,1,4.83,1,126,-9.25,81.79,9,0
10/29/2018 15:30:57 ,13,1,1.09000,1,1.98000,2.26000,51.064380,3.712648,1,3112,1,-6.500000,1,351.01,1,4.83,1,125,3.75,85.98,9,1
10/29/2018 15:30:58 ,13,1,1.09000,1,1.98000,2.26000,51.064392,3.712640,1,3140,1,-6.300000,1,340.60,1,5.04,1,125,3.75,85.98,9,0
10/29/2018 15:31:00 ,14,1,0.97000,1,1.92000,2.15000,51.064430,3.712624,1,3430,1,-3.400000,1,333.66,1,5.43,1,125,3.75,85.98,9,0
10/29/2018 15:31:02 ,14,1,0.97000,1,1.91000,2.15000,51.064464,3.712604,1,4001,1,-2.000000,1,331.17,1,5.20,1,125,3.75,85.98,9,0
10/29/2018 15:31:04 ,14,1,0.97000,1,1.91000,2.15000,51.064495,3.712584,1,4102,1,-0.500000,1,332.11,1,5.74,1,125,3.75,85.98,9,0
10/29/2018 15:31:05 ,14,1,0.97000,1,1.91000,2.15000,51.064510,3.712579,1,10142,1,0.300000,1,335.74,1,5.35,1,121,-6.75,-3503.55,12,1
10/29/2018 15:31:05 ,14,1,0.97000,1,1.91000,2.15000,51.064510,3.712579,1,10142,1,0.300000,1,335.74,1,5.35,1,121,-6.75,-3503.55,12,0
10/29/2018 15:31:07 ,14,1,0.97000,1,1.91000,2.15000,51.064537,3.712573,1,10240,1,0.400000,1,343.71,1,3.82,1,121,-6.75,-3503.55,12,0
10/29/2018 15:31:09 ,13,1,1.24000,1,2.29000,2.60000,51.064559,3.712566,1,10322,1,0.100000,1,346.12,1,4.85,1,121,-6.75,-3503.55,12,0
10/29/2018 15:31:11 ,13,1,1.24000,1,2.29000,2.60000,51.064579,3.712558,1,10400,1,0.100000,1,343.80,1,4.26,1,121,-6.75,-3503.55,12,0
10/29/2018 15:31:13 ,13,1,1.24000,1,2.29000,2.60000,51.064605,3.712557,1,10412,1,0.400000,1,351.73,1,4.41,1,121,-6.75,-3503.55,12,0
10/29/2018 15:31:14 ,13,1,1.24000,1,2.29000,2.60000,51.064617,3.712557,1,11441,1,0.700000,1,354.42,1,4.56,1,126,-11.75,-3532.91,12,1
10/29/2018 15:31:14 ,13,1,1.24000,1,2.29000,2.60000,51.064617,3.712557,1,11441,1,0.700000,1,354.42,1,4.56,1,126,-11.75,-3532.91,12,0
10/29/2018 15:31:16 ,13,1,1.09000,1,1.99000,2.27000,51.064640,3.712546,1,1201,1,-0.100000,1,342.71,1,5.65,1,126,-11.75,-3532.91,12,0
10/29/2018 15:31:18 ,13,1,1.24000,1,2.29000,2.60000,51.064666,3.712534,1,2213,1,-0.400000,1,341.51,1,5.41,1,126,-11.75,-3532.91,12,0
10/29/2018 15:31:19 ,14,1,0.97000,1,1.91000,2.14000,51.064678,3.712535,1,2241,1,-0.300000,1,344.40,1,4.28,1,126,-11.75,-3532.91,12,0
10/29/2018 15:31:21 ,14,1,0.97000,1,1.91000,2.14000,51.064701,3.712529,1,2313,1,-0.900000,1,341.28,1,5.59,1,126,-11.75,-3532.91,12,0
10/29/2018 15:31:23 ,13,1,1.24000,1,2.29000,2.61000,51.064727,3.712518,1,2343,1,-1.200000,1,334.21,1,5.94,1,126,-11.75,-3532.91,12,0
10/29/2018 15:31:24 ,13,1,1.24000,1,2.29000,2.61000,51.064739,3.712516,1,211,1,-1.500000,1,337.92,1,5.07,1,121,-5.00,-3569.09,12,1
10/29/2018 15:31:24 ,13,1,1.24000,1,2.29000,2.61000,51.064739,3.712516,1,4413,1,-1.500000,1,337.92,1,5.07,1,-126,-7.25,1837.11,1,1
10/29/2018 15:31:24 ,13,1,1.24000,1,2.29000,2.61000,51.064739,3.712516,1,4413,1,-1.500000,1,337.92,1,5.07,1,-126,-7.25,1837.11,1,0
10/29/2018 15:31:26 ,13,1,1.24000,1,2.29000,2.61000,51.064758,3.712508,1,1133,1,-1.800000,1,336.70,1,4.00,1,-127,-6.75,1770.00,7,1
10/29/2018 15:31:26 ,13,1,1.24000,1,2.29000,2.61000,51.064758,3.712508,1,1133,1,-1.800000,1,336.70,1,4.00,1,-127,-6.75,1770.00,7,0
10/29/2018 15:54:21 ,10,1,1.65000,1,2.45000,2.95000,51.060520,3.706967,1,2010,1,10.200000,1,137.96,1,5.89,1,-115,5.75,1904.21,7,1
10/29/2018 15:54:22 ,11,1,1.20000,1,1.81000,2.17000,51.060508,3.706987,1,2211,1,10.100001,1,137.27,1,5.72,1,-115,5.75,1904.21,7,0
10/29/2018 15:54:22 ,11,1,1.20000,1,1.81000,2.17000,51.060508,3.706987,1,11213,1,10.100001,1,137.27,1,5.72,1,-119,3.75,1870.66,7,1
10/29/2018 15:54:24 ,11,1,1.20000,1,1.49000,1.87000,51.060482,3.707028,1,213,1,10.100001,1,137.00,1,5.13,1,-119,3.75,1870.66,7,0
10/29/2018 15:54:25 ,12,1,1.14000,1,1.49000,1.87000,51.060466,3.707049,1,2104,1,9.400000,1,137.51,1,5.20,1,-119,3.75,1870.66,7,0
10/29/2018 15:54:27 ,12,1,1.14000,1,1.49000,1.87000,51.060447,3.707087,1,2230,1,7.000000,1,146.89,1,2.98,1,-119,3.75,1870.66,7,0
10/29/2018 15:54:29 ,12,1,1.14000,1,1.49000,1.87000,51.060420,3.707126,1,2311,1,6.800000,1,133.72,1,5.65,1,-119,3.75,1870.66,7,0
10/29/2018 15:54:31 ,12,1,1.15000,1,1.78000,2.12000,51.060401,3.707165,1,3030,1,6.400000,1,131.89,1,5.80,1,-119,3.75,1870.66,7,0
10/29/2018 15:54:32 ,12,1,1.15000,1,1.78000,2.12000,51.060390,3.707183,1,34,1,6.400000,1,134.92,1,5.59,1,125,1.00,-3350.99,12,1
10/29/2018 15:54:33 ,12,1,1.15000,1,1.78000,2.12000,51.060379,3.707196,1,214,1,6.800000,1,141.12,1,5.70,1,125,1.00,-3350.99,12,0
10/29/2018 15:54:34 ,12,1,1.15000,1,1.78000,2.12000,51.060363,3.707212,1,1323,1,7.300000,1,142.50,1,5.80,1,125,1.00,-3350.99,12,0
10/29/2018 15:54:36 ,13,1,1.09000,1,1.48000,1.84000,51.060340,3.707248,1,2201,1,7.100000,1,139.83,1,5.85,1,125,1.00,-3350.99,12,0
10/29/2018 15:54:38 ,12,1,1.15000,1,1.78000,2.12000,51.060317,3.707284,1,2244,1,6.800000,1,136.15,1,5.74,1,125,1.00,-3350.99,12,0
10/29/2018 15:54:40 ,12,1,1.15000,1,1.78000,2.12000,51.060298,3.707320,1,2322,1,6.900000,1,134.29,1,5.65,1,125,1.00,-3350.99,12,0
10/29/2018 15:54:41 ,14,1,1.09000,1,1.48000,1.84000,51.060291,3.707339,1,322,1,6.800000,1,133.48,1,5.63,1,-125,4.25,-3365.14,12,1
10/29/2018 15:54:42 ,13,1,1.15000,1,1.78000,2.12000,51.060279,3.707358,1,2003,1,6.700000,1,132.37,1,5.46,1,-125,4.25,-3365.14,12,0
10/29/2018 15:54:44 ,12,1,1.15000,1,1.78000,2.12000,51.060256,3.707390,1,2231,1,6.300000,1,143.14,1,5.78,1,-125,4.25,-3365.14,12,0
10/29/2018 15:54:46 ,13,1,1.09000,1,1.48000,1.84000,51.060230,3.707417,1,2303,1,6.000000,1,148.41,1,6.04,1,-125,4.25,-3365.14,12,0
10/29/2018 15:54:48 ,13,1,1.15000,1,1.78000,2.11000,51.060207,3.707454,1,2323,1,5.500000,1,138.21,1,6.02,1,-125,4.25,-3365.14,12,0
10/29/2018 15:54:50 ,14,1,0.92000,1,1.35000,1.64000,51.060184,3.707489,1,2102,1,5.800000,1,136.66,1,5.85,1,-121,4.25,-3317.96,12,1
10/29/2018 15:54:50 ,14,1,0.92000,1,1.35000,1.64000,51.060184,3.707489,1,2102,1,5.800000,1,136.66,1,5.85,1,-121,4.25,-3317.96,12,0
10/29/2018 15:54:52 ,13,1,0.96000,1,1.45000,1.73000,51.060165,3.707530,1,2311,1,6.400000,1,126.76,1,6.46,1,-121,4.25,-3317.96,12,0
10/29/2018 15:54:53 ,14,1,0.92000,1,1.35000,1.64000,51.060161,3.707550,1,2330,1,6.500000,1,125.08,1,5.48,1,-121,4.25,-3317.96,12,0
10/29/2018 15:54:55 ,14,1,1.09000,1,1.48000,1.84000,51.060146,3.707592,1,2402,1,7.500000,1,120.17,1,5.82,1,-121,4.25,-3317.96,12,0
10/29/2018 15:54:56 ,20,1,0.85000,1,1.32000,1.57000,51.060138,3.707614,1,3144,1,7.700000,1,119.74,1,6.30,1,-121,4.25,-3317.96,12,0
10/29/2018 15:54:57 ,20,1,0.85000,1,1.32000,1.57000,51.060131,3.707637,1,404,1,7.700000,1,117.39,1,6.52,1,-106,6.50,1887.44,7,1
10/29/2018 15:54:58 ,20,1,1.09000,1,1.48000,1.83000,51.060123,3.707661,1,1044,1,7.800000,1,117.22,1,6.07,1,-106,6.50,1887.44,7,0
10/29/2018 15:54:58 ,20,1,1.09000,1,1.48000,1.83000,51.060123,3.707661,1,4133,1,7.800000,1,117.22,1,6.07,1,-104,5.50,1904.21,7,1
10/29/2018 15:54:59 ,20,1,0.85000,1,1.31000,1.57000,51.060111,3.707681,1,4403,1,7.900000,1,124.26,1,5.74,1,-104,5.50,1904.21,7,0
10/29/2018 15:55:01 ,20,1,0.93000,1,1.36000,1.65000,51.060092,3.707725,1,4441,1,7.500000,1,122.92,1,5.56,1,-104,5.50,1904.21,7,0
10/29/2018 15:55:03 ,20,1,0.93000,1,1.36000,1.65000,51.060081,3.707762,1,10013,1,7.400000,1,120.67,1,4.67,1,-104,5.50,1904.21,7,0
10/29/2018 15:55:05 ,20,1,0.85000,1,1.31000,1.57000,51.060073,3.707796,1,10311,1,7.100000,1,114.10,1,3.37,1,-104,5.50,1904.21,7,0
10/29/2018 15:55:07 ,20,1,0.85000,1,1.31000,1.57000,51.060070,3.707828,1,10333,1,7.200000,1,101.43,1,3.63,1,-104,5.50,1904.21,7,0
10/29/2018 15:55:08 ,20,1,0.85000,1,1.31000,1.56000,51.060073,3.707842,1,10120,1,7.300000,1,75.04,1,3.93,1,-124,3.25,-3167.49,12,1
10/29/2018 15:55:09 ,14,1,0.93000,1,1.36000,1.65000,51.060081,3.707849,1,10203,1,7.200000,1,57.10,1,3.61,1,-124,3.25,-3167.49,12,0
10/29/2018 15:55:11 ,12,1,1.04000,1,1.62000,1.93000,51.060089,3.707894,1,10222,1,6.700000,1,61.30,1,4.57,1,-124,3.25,-3167.49,12,0
10/29/2018 15:55:13 ,12,1,1.35000,1,2.21000,2.59000,51.060104,3.707927,1,10244,1,6.300000,1,53.94,1,4.50,1,-124,3.25,-3167.49,12,0
10/29/2018 15:55:15 ,12,1,1.35000,1,2.21000,2.59000,51.060119,3.707959,1,10323,1,5.900000,1,43.62,1,4.26,1,-124,3.25,-3167.49,12,0
10/29/2018 15:55:17 ,12,1,1.35000,1,2.21000,2.59000,51.060138,3.707990,1,10344,1,5.300000,1,37.14,1,5.80,1,-124,3.25,-3167.49,12,0
10/29/2018 15:55:17 ,12,1,1.35000,1,2.21000,2.59000,51.060138,3.707990,1,11421,1,5.300000,1,37.14,1,5.80,1,-110,-4.25,-3169.58,12,1
10/29/2018 15:55:19 ,12,1,1.35000,1,2.21000,2.59000,51.060161,3.708019,1,44,1,4.800000,1,34.68,1,5.52,1,-110,-4.25,-3169.58,12,0
10/29/2018 15:55:20 ,12,1,1.35000,1,2.21000,2.59000,51.060169,3.708031,1,1210,1,4.400000,1,31.60,1,4.93,1,-110,-4.25,-3169.58,12,0
10/29/2018 15:55:21 ,13,1,1.35000,1,2.21000,2.59000,51.060184,3.708044,1,2144,1,4.300000,1,29.29,1,5.48,1,-110,-4.25,-3169.58,12,0
10/29/2018 15:55:23 ,12,1,1.35000,1,2.21000,2.59000,51.060207,3.708069,1,2224,1,4.100000,1,29.69,1,5.32,1,-110,-4.25,-3169.58,12,0
10/29/2018 15:55:24 ,13,1,1.17000,1,1.57000,1.95000,51.060218,3.708086,1,2304,1,3.900000,1,41.82,1,5.69,1,-110,-4.25,-3169.58,12,0
10/29/2018 15:55:25 ,12,1,1.35000,1,2.21000,2.58000,51.060226,3.708107,1,2323,1,3.700000,1,49.64,1,5.70,1,-110,-4.25,-3169.58,12,0
10/29/2018 15:55:27 ,12,1,1.35000,1,1.57000,1.95000,51.060241,3.708148,1,201,1,3.500000,1,61.45,1,6.00,1,-97,4.75,-3117.15,12,1
10/29/2018 15:55:27 ,12,1,1.35000,1,1.57000,1.95000,51.060241,3.708148,1,201,1,3.500000,1,61.45,1,6.00,1,-97,4.75,-3117.15,12,0
10/29/2018 15:55:28 ,14,1,1.17000,1,1.57000,1.95000,51.060249,3.708161,1,2201,1,3.500000,1,55.62,1,4.48,1,-97,4.75,-3117.15,12,0
10/29/2018 15:55:29 ,13,1,1.17000,1,1.57000,1.95000,51.060253,3.708168,1,10010,1,3.500000,1,55.62,1,0.17,1,-20,6.25,2071.99,7,1
10/29/2018 15:55:29 ,13,1,1.17000,1,1.57000,1.95000,51.060253,3.708168,1,10010,1,3.500000,1,55.62,1,0.17,1,-20,6.25,2071.99,7,0
10/29/2018 15:55:31 ,13,1,1.17000,1,1.57000,1.95000,51.060245,3.708191,1,1201,1,4.300000,1,115.62,1,2.28,1,-16,6.00,2055.21,7,1
10/29/2018 15:55:31 ,13,1,1.17000,1,1.57000,1.95000,51.060245,3.708191,1,1201,1,4.300000,1,115.62,1,2.28,1,-16,6.00,2055.21,7,0
10/29/2018 15:55:32 ,14,1,0.93000,1,1.36000,1.65000,51.060245,3.708197,1,10431,1,4.400000,1,115.62,1,0.33,1,-17,5.75,2071.99,7,1
10/29/2018 15:55:32 ,14,1,0.93000,1,1.36000,1.65000,51.060245,3.708197,1,10431,1,4.400000,1,115.62,1,0.33,1,-17,5.75,2071.99,7,0
10/29/2018 15:55:33 ,14,1,1.16000,1,1.50000,1.89000,51.060249,3.708198,1,11412,1,4.500000,1,115.62,1,0.20,1,-17,5.75,2071.99,7,0
10/29/2018 15:55:35 ,20,1,0.93000,1,1.50000,1.89000,51.060249,3.708201,1,130,1,4.800000,1,115.62,1,0.26,1,-17,5.75,2071.99,7,0
10/29/2018 15:55:36 ,20,1,0.93000,1,1.36000,1.65000,51.060249,3.708203,1,1241,1,5.000000,1,115.62,1,0.02,1,-17,5.75,2071.99,7,0
10/29/2018 15:55:38 ,14,1,0.99000,1,1.55000,1.84000,51.060249,3.708205,1,2242,1,5.200000,1,115.62,1,0.06,1,-17,5.75,2071.99,7,0
10/29/2018 15:55:40 ,20,1,0.85000,1,1.31000,1.56000,51.060249,3.708207,1,3021,1,5.500000,1,115.62,1,0.26,1,-17,5.75,2071.99,7,0
10/29/2018 15:55:42 ,20,1,0.93000,1,1.36000,1.65000,51.060249,3.708206,1,3102,1,5.800000,1,115.62,1,0.07,1,-17,5.75,2071.99,7,0
10/29/2018 15:55:44 ,20,1,0.93000,1,1.36000,1.65000,51.060249,3.708208,1,3130,1,5.600000,1,115.62,1,0.02,1,-17,5.75,2071.99,7,0
10/29/2018 15:55:45 ,20,1,0.93000,1,1.36000,1.65000,51.060245,3.708209,1,3213,1,5.600000,1,115.62,1,0.06,1,-81,4.25,-3263.43,12,1
10/29/2018 15:55:45 ,20,1,0.93000,1,1.36000,1.65000,51.060245,3.708209,1,3213,1,5.600000,1,115.62,1,0.06,1,-81,4.25,-3263.43,12,0
10/29/2018 15:55:46 ,14,1,1.17000,1,1.57000,1.95000,51.060249,3.708209,1,3331,1,5.600000,1,115.62,1,0.30,1,-81,4.25,-3263.43,12,0
10/29/2018 15:55:48 ,12,1,1.42000,1,1.60000,2.14000,51.060249,3.708210,1,3404,1,5.400000,1,115.62,1,0.09,1,-81,4.25,-3263.43,12,0
10/29/2018 15:55:50 ,13,1,1.09000,1,1.47000,1.83000,51.060245,3.708210,1,3414,1,5.100000,1,115.62,1,0.41,1,-81,4.25,-3263.43,12,0
10/29/2018 15:55:51 ,13,1,1.09000,1,1.47000,1.83000,51.060245,3.708210,1,3433,1,5.100000,1,115.62,1,0.04,1,-81,4.25,-3263.43,12,0
10/29/2018 15:55:53 ,13,1,0.99000,1,1.54000,1.83000,51.060245,3.708212,1,4012,1,5.300000,1,115.62,1,0.19,1,-81,4.25,-3263.43,12,0
