00/00/2000 00:00:00 ,0,0,0.00000,0,0.00000,0.00000,0.000000,0.000000,0,0,0,0.000000,0,0.00,0,0.00,0,-122,-1.00,1770.00,7,1
10/29/2018 15:33:36 ,12,1,1.07000,1,2.23000,2.47000,51.065635,3.711077,1,2213,1,24.399999,1,259.53,1,5.39,1,-122,-1.00,1770.00,7,0
10/29/2018 15:33:36 ,12,1,1.07000,1,2.23000,2.47000,51.065635,3.711077,1,10243,1,24.399999,1,259.53,1,5.39,1,-125,-0.25,1803.55,7,1
10/29/2018 15:33:37 ,13,1,1.07000,1,2.23000,2.47000,51.065628,3.711058,1,10304,1,23.799999,1,259.21,1,5.13,1,-125,-0.25,1803.55,7,0
10/29/2018 15:33:38 ,13,1,0.97000,1,2.23000,2.43000,51.065624,3.711038,1,1442,1,23.600000,1,256.38,1,5.06,1,-127,-4.50,1770.00,7,1
10/29/2018 15:33:39 ,13,1,1.28000,1,2.65000,2.94000,51.065624,3.711016,1,1244,1,23.600000,1,256.14,1,5.37,1,121,-4.25,23.07,9,1
10/29/2018 15:33:39 ,13,1,1.28000,1,2.65000,2.94000,51.065624,3.711016,1,1244,1,23.600000,1,256.14,1,5.37,1,121,-4.25,23.07,9,0
10/29/2018 15:33:41 ,12,1,1.07000,1,2.23000,2.47000,51.065620,3.710981,1,2300,1,23.000000,1,257.66,1,5.32,1,121,-4.25,23.07,9,0
10/29/2018 15:33:41 ,12,1,1.07000,1,2.23000,2.47000,51.065620,3.710981,1,11214,1,23.000000,1,257.66,1,5.32,1,125,-9.00,2.10,9,1
10/29/2018 15:33:43 ,12,1,1.07000,1,2.23000,2.47000,51.065612,3.710943,1,321,1,23.000000,1,255.98,1,4.59,1,125,-9.00,2.10,9,0
10/29/2018 15:33:44 ,13,1,0.97000,1,2.23000,2.43000,51.065608,3.710924,1,441,1,22.600000,1,253.24,1,4.69,1,125,-9.00,2.10,9,0
10/29/2018 15:33:44 ,13,1,0.97000,1,2.23000,2.43000,51.065608,3.710924,1,3134,1,22.600000,1,253.24,1,4.69,1,123,-0.25,6.29,9,1
10/29/2018 15:33:45 ,13,1,1.28000,1,2.65000,2.94000,51.065605,3.710904,1,3430,1,21.100000,1,254.68,1,3.91,1,123,-0.25,6.29,9,0
10/29/2018 15:33:47 ,13,1,0.97000,1,2.23000,2.43000,51.065605,3.710862,1,4002,1,21.899999,1,256.35,1,5.37,1,123,-0.25,6.29,9,0
10/29/2018 15:33:49 ,13,1,0.97000,1,2.23000,2.43000,51.065601,3.710824,1,4023,1,22.700000,1,258.06,1,5.17,1,123,-0.25,6.29,9,0
10/29/2018 15:33:51 ,11,1,2.42000,1,3.49000,4.25000,51.065593,3.710789,1,434,1,23.200000,1,250.06,1,3.52,1,124,1.25,-3564.37,12,1
10/29/2018 15:33:51 ,11,1,2.42000,1,3.49000,4.25000,51.065593,3.710789,1,434,1,23.200000,1,250.06,1,3.52,1,124,1.25,-3564.37,12,0
10/29/2018 15:33:53 ,13,1,1.27000,1,2.31000,2.63000,51.065586,3.710757,1,2204,1,24.000000,1,241.87,1,5.46,1,124,1.25,-3564.37,12,0
10/29/2018 15:33:54 ,12,1,2.42000,1,3.48000,4.24000,51.065574,3.710739,1,2302,1,23.200000,1,246.63,1,5.65,1,124,1.25,-3564.37,12,0
10/29/2018 15:33:56 ,12,1,1.07000,1,2.23000,2.47000,51.065574,3.710700,1,2324,1,27.399999,1,249.77,1,4.96,1,124,1.25,-3564.37,12,0
10/29/2018 15:33:58 ,12,1,1.07000,1,2.23000,2.47000,51.065574,3.710658,1,2401,1,29.100000,1,258.55,1,5.17,1,124,1.25,-3564.37,12,0
10/29/2018 15:34:00 ,12,1,1.06000,1,2.23000,2.47000,51.065567,3.710619,1,2203,1,30.100000,1,258.22,1,4.74,1,122,-1.75,-3604.22,12,1
10/29/2018 15:34:00 ,12,1,1.06000,1,2.23000,2.47000,51.065567,3.710619,1,2203,1,30.100000,1,258.22,1,4.74,1,122,-1.75,-3604.22,12,0
10/29/2018 15:34:02 ,13,1,1.28000,1,2.65000,2.95000,51.065567,3.710582,1,2301,1,32.200000,1,256.22,1,4.59,1,122,-1.75,-3604.22,12,0
10/29/2018 15:34:04 ,14,1,1.06000,1,1.89000,2.17000,51.065563,3.710543,1,2333,1,33.700000,1,261.22,1,5.15,1,122,-1.75,-3604.22,12,0
10/29/2018 15:34:06 ,13,1,1.28000,1,2.65000,2.95000,51.065559,3.710494,1,2404,1,33.700000,1,258.07,1,5.20,1,122,-1.75,-3604.22,12,0
10/29/2018 15:34:08 ,12,1,1.06000,1,2.23000,2.47000,51.065559,3.710454,1,2430,1,35.500000,1,255.77,1,4.67,1,122,-1.75,-3604.22,12,0
10/29/2018 15:34:09 ,12,1,1.06000,1,2.22000,2.47000,51.065555,3.710435,1,3002,1,35.700000,1,253.45,1,5.15,1,122,-1.75,-3604.22,12,0
10/29/2018 15:34:10 ,14,1,0.96000,1,1.86000,2.10000,51.065551,3.710415,1,3241,1,36.000000,1,255.14,1,5.07,1,122,-1.75,-3604.22,12,0
10/29/2018 15:34:10 ,14,1,0.96000,1,1.86000,2.10000,51.065551,3.710415,1,12010,1,36.000000,1,255.14,1,5.07,1,-124,-3.00,1702.89,7,1
10/29/2018 15:34:12 ,14,1,0.96000,1,1.86000,2.10000,51.065540,3.710379,1,123,1,34.700000,1,249.52,1,3.00,1,-124,-3.00,1702.89,7,0
10/29/2018 15:34:12 ,14,1,0.96000,1,1.86000,2.10000,51.065540,3.710379,1,3212,1,34.700000,1,249.52,1,3.00,1,-126,-2.50,1669.33,7,1
