00/00/2000 00:00:00 ,0,0,0.00000,0,0.00000,0.00000,0.000000,0.000000,0,32244002423140,0,0.000000,0,0.00,0,0.00,0,-108,6.25,2038.43,7,1
10/29/2018 15:21:26 ,12,1,1.16000,1,0.00000,0.00000,51.058574,3.708281,1,131,1,18.600000,1,116.85,1,5.69,1,-108,6.25,2038.43,7,0
10/29/2018 15:21:26 ,12,1,1.16000,1,2.31000,2.59000,51.058574,3.708281,1,2411,1,18.600000,1,116.85,1,5.69,1,-104,2.75,2038.43,7,1
10/29/2018 15:21:27 ,12,1,1.16000,1,2.31000,2.59000,51.058570,3.708298,1,3013,1,18.799999,1,116.85,1,4.24,1,-104,2.75,2038.43,7,0
10/29/2018 15:21:28 ,12,1,1.16000,1,2.31000,2.59000,51.058567,3.708314,1,113,1,18.799999,1,114.45,1,4.89,1,-105,6.25,2021.65,7,1
10/29/2018 15:21:28 ,12,1,1.16000,1,2.31000,2.59000,51.058567,3.708314,1,10132,1,18.799999,1,114.45,1,4.89,1,-118,7.75,232.78,9,1
10/29/2018 15:21:28 ,12,1,1.16000,1,2.31000,2.59000,51.058567,3.708314,1,10132,1,18.799999,1,114.45,1,4.89,1,-118,7.75,232.78,9,0
10/29/2018 15:21:30 ,13,1,1.02000,1,2.15000,2.38000,51.058563,3.708353,1,4243,1,17.600000,1,108.53,1,4.98,1,-118,7.75,232.78,9,0
10/29/2018 15:21:31 ,12,1,1.17000,1,2.32000,2.59000,51.058555,3.708373,1,1121,1,16.299999,1,108.92,1,4.94,1,-118,7.50,249.56,9,1
10/29/2018 15:21:32 ,12,1,1.17000,1,2.32000,2.59000,51.058555,3.708384,1,2100,1,15.200000,1,108.92,1,2.70,1,-118,7.50,249.56,9,0
10/29/2018 15:21:33 ,12,1,1.17000,1,2.32000,2.59000,51.058559,3.708407,1,11040,1,15.100001,1,88.46,1,4.72,1,-119,6.50,232.78,9,1
10/29/2018 15:21:33 ,12,1,1.17000,1,2.32000,2.59000,51.058559,3.708407,1,11040,1,15.100001,1,88.46,1,4.72,1,-119,6.50,232.78,9,0
10/29/2018 15:21:34 ,12,1,1.17000,1,2.32000,2.59000,51.058570,3.708420,1,24342,1,13.600001,1,77.73,1,4.35,1,-120,4.50,-3344.17,12,1
10/29/2018 15:21:34 ,12,1,1.17000,1,2.32000,2.59000,51.058570,3.708420,1,24342,1,13.600001,1,77.73,1,4.35,1,-120,4.50,-3344.17,12,0
10/29/2018 15:21:37 ,12,1,1.17000,1,2.32000,2.60000,51.058593,3.708472,1,1213,1,11.000000,1,39.72,1,4.17,1,-120,4.50,-3344.17,12,0
10/29/2018 15:21:38 ,12,1,1.17000,1,2.32000,2.60000,51.058605,3.708482,1,2022,1,11.200000,1,35.10,1,4.76,1,-120,4.50,-3344.17,12,0
10/29/2018 15:21:40 ,12,1,1.17000,1,2.32000,2.60000,51.058631,3.708498,1,2144,1,13.400000,1,19.49,1,5.57,1,-120,4.50,-3344.17,12,0
10/29/2018 15:21:42 ,12,1,1.17000,1,2.32000,2.60000,51.058658,3.708516,1,2221,1,14.200000,1,17.90,1,6.07,1,-120,4.50,-3344.17,12,0
10/29/2018 15:21:44 ,12,1,1.17000,1,2.32000,2.60000,51.058681,3.708536,1,2240,1,14.400000,1,17.69,1,5.54,1,-120,4.50,-3344.17,12,0
10/29/2018 15:21:45 ,12,1,1.17000,1,2.32000,2.60000,51.058692,3.708546,1,120,1,14.300001,1,20.65,1,5.37,1,-117,3.50,-3374.58,12,1
10/29/2018 15:21:46 ,12,1,1.17000,1,2.32000,2.60000,51.058700,3.708560,1,1342,1,14.000000,1,29.33,1,5.39,1,-117,3.50,-3374.58,12,0
10/29/2018 15:21:47 ,12,1,1.17000,1,2.32000,2.60000,51.058712,3.708574,1,2121,1,14.400000,1,31.37,1,5.46,1,-117,3.50,-3374.58,12,0
10/29/2018 15:21:49 ,13,1,1.02000,1,2.15000,2.38000,51.058731,3.708597,1,2204,1,15.300001,1,18.27,1,5.35,1,-117,3.50,-3374.58,12,0
10/29/2018 15:21:51 ,13,1,1.02000,1,2.15000,2.38000,51.058750,3.708616,1,2224,1,15.000000,1,23.17,1,4.91,1,-117,3.50,-3374.58,12,0
10/29/2018 15:21:53 ,13,1,1.02000,1,2.15000,2.38000,51.058769,3.708629,1,2310,1,14.700000,1,10.39,1,5.63,1,-117,3.50,-3374.58,12,0
10/29/2018 15:21:54 ,13,1,1.02000,1,2.15000,2.38000,51.058780,3.708635,1,1403,1,14.600001,1,7.65,1,5.61,1,-117,5.75,-3406.04,12,1
10/29/2018 15:21:55 ,13,1,1.02000,1,2.15000,2.38000,51.058788,3.708645,1,2141,1,14.600001,1,9.17,1,3.67,1,-117,5.75,-3406.04,12,0
10/29/2018 15:21:57 ,13,1,1.02000,1,2.15000,2.39000,51.058811,3.708646,1,2242,1,13.800001,1,359.46,1,1.96,1,-117,5.75,-3406.04,12,0
10/29/2018 15:21:59 ,13,1,1.02000,1,2.15000,2.39000,51.058818,3.708656,1,2311,1,13.600001,1,5.24,1,2.00,1,-117,5.75,-3406.04,12,0
10/29/2018 15:22:00 ,13,1,1.02000,1,2.15000,2.39000,51.058826,3.708665,1,3031,1,14.000000,1,20.58,1,3.76,1,-117,5.75,-3406.04,12,0
10/29/2018 15:22:00 ,13,1,1.02000,1,2.15000,2.39000,51.058826,3.708665,1,4130,1,14.000000,1,20.58,1,3.76,1,-102,6.50,1954.55,7,1
10/29/2018 15:22:01 ,13,1,1.02000,1,2.15000,2.39000,51.058834,3.708672,1,4211,1,13.300001,1,13.33,1,3.93,1,-102,6.50,1954.55,7,0
10/29/2018 15:22:02 ,13,1,1.02000,1,2.15000,2.39000,51.058837,3.708691,1,401,1,13.200000,1,21.03,1,2.74,1,-107,6.50,1971.32,7,1
10/29/2018 15:22:03 ,13,1,1.02000,1,2.15000,2.39000,51.058849,3.708703,1,2012,1,13.400000,1,20.99,1,4.19,1,-107,6.50,1971.32,7,0
10/29/2018 15:22:04 ,13,1,1.02000,1,2.15000,2.39000,51.058860,3.708716,1,2431,1,14.300001,1,22.55,1,4.67,1,-107,6.50,1971.32,7,0
10/29/2018 15:22:05 ,13,1,1.02000,1,2.16000,2.39000,51.058868,3.708729,1,312,1,13.700000,1,25.06,1,4.70,1,-113,7.25,182.45,9,1
10/29/2018 15:22:06 ,13,1,1.02000,1,2.16000,2.39000,51.058883,3.708735,1,2101,1,13.800001,1,20.05,1,5.32,1,-113,7.25,182.45,9,0
10/29/2018 15:22:07 ,13,1,1.02000,1,2.16000,2.39000,51.058891,3.708744,1,10230,1,13.900000,1,21.10,1,4.33,1,-113,6.00,220.20,9,1
10/29/2018 15:22:07 ,13,1,1.02000,1,2.16000,2.39000,51.058891,3.708744,1,10230,1,13.900000,1,21.10,1,4.33,1,-113,6.00,220.20,9,0
10/29/2018 15:22:09 ,13,1,1.02000,1,2.16000,2.39000,51.058917,3.708758,1,10322,1,13.300001,1,24.58,1,4.20,1,-113,6.00,220.20,9,0
10/29/2018 15:22:10 ,13,1,1.02000,1,2.16000,2.39000,51.058937,3.708765,1,11131,1,12.800001,1,27.84,1,5.32,1,-113,6.00,220.20,9,0
10/29/2018 15:22:12 ,13,1,1.02000,1,2.16000,2.39000,51.058959,3.708792,1,4410,1,11.800001,1,28.30,1,3.93,1,-114,5.75,-3356.23,12,1
10/29/2018 15:22:12 ,13,1,1.02000,1,2.16000,2.39000,51.058959,3.708792,1,4410,1,11.800001,1,28.30,1,3.93,1,-114,5.75,-3356.23,12,0
10/29/2018 15:22:14 ,13,1,1.02000,1,2.16000,2.39000,51.058990,3.708814,1,10010,1,10.900000,1,24.82,1,4.85,1,-114,5.75,-3356.23,12,0
10/29/2018 15:22:16 ,13,1,1.02000,1,2.16000,2.39000,51.059017,3.708837,1,10033,1,9.400000,1,20.03,1,5.26,1,-114,5.75,-3356.23,12,0
10/29/2018 15:22:18 ,13,1,1.02000,1,2.16000,2.39000,51.059040,3.708853,1,10103,1,8.500000,1,15.24,1,4.70,1,-114,5.75,-3356.23,12,0
10/29/2018 15:22:19 ,13,1,1.02000,1,2.16000,2.39000,51.059051,3.708860,1,10114,1,8.400000,1,15.22,1,4.93,1,-114,5.75,-3356.23,12,0
10/29/2018 15:22:21 ,13,1,1.02000,1,2.16000,2.39000,51.059074,3.708874,1,10203,1,7.700000,1,13.71,1,5.02,1,-114,5.75,-3356.23,12,0
10/29/2018 15:22:21 ,13,1,1.02000,1,2.16000,2.39000,51.059074,3.708874,1,11141,1,7.700000,1,13.71,1,5.02,1,-118,4.50,-3341.03,12,1
10/29/2018 15:22:22 ,13,1,1.02000,1,2.16000,2.39000,51.059089,3.708880,1,11213,1,7.700000,1,13.00,1,5.06,1,-118,4.50,-3341.03,12,0
10/29/2018 15:22:24 ,13,1,1.02000,1,2.34000,2.62000,51.059116,3.708889,1,313,1,7.700000,1,2.55,1,5.17,1,-118,4.50,-3341.03,12,0
10/29/2018 15:22:25 ,13,1,1.02000,1,2.16000,2.39000,51.059127,3.708900,1,1040,1,7.600000,1,15.69,1,4.98,1,-118,4.50,-3341.03,12,0
10/29/2018 15:22:27 ,13,1,1.02000,1,2.16000,2.39000,51.059146,3.708920,1,2141,1,7.300000,1,23.14,1,5.04,1,-118,4.50,-3341.03,12,0
10/29/2018 15:22:29 ,13,1,1.02000,1,2.16000,2.39000,51.059169,3.708942,1,2222,1,7.100000,1,21.75,1,4.56,1,-118,4.50,-3341.03,12,0
10/29/2018 15:22:31 ,13,1,1.02000,1,2.16000,2.39000,51.059192,3.708963,1,410,1,7.000000,1,27.30,1,4.70,1,-112,5.00,-3345.22,12,1
10/29/2018 15:22:31 ,13,1,1.02000,1,2.16000,2.39000,51.059192,3.708963,1,410,1,7.000000,1,27.30,1,4.70,1,-112,5.00,-3345.22,12,0
10/29/2018 15:22:33 ,13,1,1.02000,1,2.16000,2.39000,51.059211,3.708988,1,2143,1,6.100000,1,26.38,1,5.06,1,-112,5.00,-3345.22,12,0
10/29/2018 15:22:34 ,13,1,1.02000,1,2.16000,2.39000,51.059223,3.708999,1,10412,1,6.000000,1,26.90,1,4.91,1,-91,6.25,2004.88,7,1
10/29/2018 15:22:34 ,13,1,1.02000,1,2.16000,2.39000,51.059223,3.708999,1,10412,1,6.000000,1,26.90,1,4.91,1,-91,6.25,2004.88,7,0
10/29/2018 15:22:36 ,13,1,1.02000,1,2.16000,2.39000,51.059249,3.709017,1,2121,1,6.000000,1,22.52,1,5.48,1,-93,5.75,2021.65,7,1
10/29/2018 15:22:36 ,13,1,1.02000,1,2.16000,2.39000,51.059249,3.709017,1,2121,1,6.000000,1,22.52,1,5.48,1,-93,5.75,2021.65,7,0
10/29/2018 15:22:37 ,13,1,1.02000,1,2.16000,2.39000,51.059261,3.709027,1,11323,1,6.000000,1,20.97,1,5.32,1,-96,6.00,2021.65,7,1
10/29/2018 15:22:37 ,13,1,1.02000,1,2.16000,2.39000,51.059261,3.709027,1,11323,1,6.000000,1,20.97,1,5.32,1,-96,6.00,2021.65,7,0
10/29/2018 15:22:39 ,13,1,1.02000,1,2.16000,2.39000,51.059288,3.709042,1,11,1,6.000000,1,15.26,1,5.65,1,-114,7.75,257.95,9,1
10/29/2018 15:22:39 ,13,1,1.02000,1,2.16000,2.39000,51.059288,3.709042,1,11,1,6.000000,1,15.26,1,5.65,1,-114,7.75,257.95,9,0
10/29/2018 15:22:41 ,13,1,1.02000,1,2.16000,2.39000,51.059314,3.709048,1,2142,1,6.400000,1,5.23,1,5.28,1,-114,7.75,257.95,9,0
10/29/2018 15:22:41 ,13,1,1.02000,1,2.16000,2.39000,51.059314,3.709048,1,4414,1,6.400000,1,5.23,1,5.28,1,-109,7.25,249.56,9,1
10/29/2018 15:22:42 ,13,1,1.02000,1,2.16000,2.39000,51.059326,3.709047,1,4444,1,6.400000,1,356.54,1,5.67,1,-109,7.25,249.56,9,0
10/29/2018 15:22:44 ,13,1,1.02000,1,2.16000,2.39000,51.059356,3.709039,1,1340,1,6.900000,1,348.55,1,5.59,1,-107,6.00,253.76,9,1
10/29/2018 15:22:44 ,13,1,1.02000,1,2.16000,2.39000,51.059356,3.709039,1,1340,1,6.900000,1,348.55,1,5.59,1,-107,6.00,253.76,9,0
10/29/2018 15:22:45 ,13,1,1.02000,1,2.16000,2.39000,51.059371,3.709033,1,2440,1,7.100000,1,343.48,1,5.50,1,-107,6.00,253.76,9,0
10/29/2018 15:22:47 ,13,1,1.02000,1,2.16000,2.39000,51.059394,3.709022,1,3020,1,7.200000,1,341.54,1,5.61,1,-107,6.00,253.76,9,0
10/29/2018 15:22:49 ,13,1,1.02000,1,2.16000,2.39000,51.059417,3.709010,1,2423,1,6.900000,1,340.35,1,5.46,1,-105,4.00,-3329.49,12,1
10/29/2018 15:22:49 ,13,1,1.02000,1,2.16000,2.39000,51.059417,3.709010,1,2423,1,6.900000,1,340.35,1,5.46,1,-105,4.00,-3329.49,12,0
10/29/2018 15:22:51 ,12,1,1.23000,1,2.33000,2.63000,51.059444,3.708994,1,3021,1,7.200000,1,339.41,1,4.96,1,-105,4.00,-3329.49,12,0
10/29/2018 15:22:53 ,13,1,1.23000,1,2.33000,2.63000,51.059467,3.708993,1,3104,1,7.300000,1,1.50,1,4.32,1,-105,4.00,-3329.49,12,0
10/29/2018 15:22:55 ,13,1,1.02000,1,2.16000,2.39000,51.059490,3.708999,1,3114,1,7.000000,1,5.40,1,4.78,1,-105,4.00,-3329.49,12,0
10/29/2018 15:22:57 ,13,1,1.02000,1,2.16000,2.39000,51.059513,3.709000,1,3202,1,6.900000,1,2.52,1,2.80,1,-105,4.00,-3329.49,12,0
10/29/2018 15:22:58 ,13,1,1.02000,1,2.16000,2.39000,51.059520,3.709002,1,4211,1,6.600000,1,6.93,1,3.80,1,-111,4.50,-3295.94,12,1
10/29/2018 15:22:58 ,13,1,1.02000,1,2.16000,2.39000,51.059520,3.709002,1,4211,1,6.600000,1,6.93,1,3.80,1,-111,4.50,-3295.94,12,0
10/29/2018 15:23:00 ,13,1,1.02000,1,2.16000,2.39000,51.059543,3.709004,1,4304,1,6.200000,1,0.87,1,3.91,1,-111,4.50,-3295.94,12,0
10/29/2018 15:23:02 ,14,1,1.15000,1,2.16000,2.45000,51.059566,3.709003,1,4331,1,6.300000,1,357.99,1,4.33,1,-111,4.50,-3295.94,12,0
10/29/2018 15:23:04 ,14,1,0.98000,1,1.98000,2.21000,51.059593,3.708996,1,4341,1,6.500000,1,349.34,1,5.09,1,-111,4.50,-3295.94,12,0
10/29/2018 15:23:06 ,14,1,0.98000,1,1.98000,2.21000,51.059616,3.708983,1,4423,1,6.500000,1,342.90,1,5.44,1,-111,4.50,-3295.94,12,0
10/29/2018 15:23:07 ,13,1,1.18000,1,2.18000,2.48000,51.059631,3.708981,1,4442,1,6.600000,1,351.48,1,4.89,1,-111,4.50,-3295.94,12,0
10/29/2018 15:23:07 ,13,1,1.18000,1,2.18000,2.48000,51.059631,3.708981,1,10431,1,6.600000,1,351.48,1,4.89,1,-108,1.00,-3269.72,12,1
10/29/2018 15:23:08 ,14,1,1.15000,1,2.17000,2.45000,51.059642,3.708981,1,11023,1,6.600000,1,357.54,1,5.04,1,-108,1.00,-3269.72,12,0
10/29/2018 15:23:08 ,14,1,1.15000,1,2.17000,2.45000,51.059642,3.708981,1,12321,1,6.600000,1,357.54,1,5.04,1,-85,6.00,2071.99,7,1
10/29/2018 15:23:10 ,14,1,1.15000,1,2.17000,2.45000,51.059665,3.708987,1,1041,1,6.500000,1,9.54,1,4.46,1,-85,6.00,2071.99,7,0
10/29/2018 15:23:10 ,14,1,1.15000,1,2.17000,2.45000,51.059665,3.708987,1,3334,1,6.500000,1,9.54,1,4.46,1,-83,6.00,2088.76,7,1
10/29/2018 15:23:11 ,14,1,0.98000,1,1.98000,2.21000,51.059673,3.708994,1,3344,1,6.000000,1,17.69,1,4.20,1,-83,6.00,2088.76,7,0
10/29/2018 15:23:12 ,14,1,0.98000,1,1.98000,2.21000,51.059680,3.709004,1,34,1,5.900000,1,28.36,1,4.11,1,-91,6.25,2071.99,7,1
10/29/2018 15:23:13 ,14,1,0.98000,1,1.98000,2.21000,51.059688,3.709016,1,132,1,5.900000,1,37.68,1,4.06,1,-104,6.75,316.67,9,1
10/29/2018 15:23:13 ,14,1,0.98000,1,1.98000,2.21000,51.059688,3.709016,1,132,1,5.900000,1,37.68,1,4.06,1,-104,6.75,316.67,9,0
10/29/2018 15:23:14 ,14,1,1.02000,1,2.16000,2.39000,51.059696,3.709028,1,2013,1,5.900000,1,42.39,1,4.09,1,-104,6.75,316.67,9,0
10/29/2018 15:23:15 ,14,1,0.98000,1,1.98000,2.21000,51.059703,3.709040,1,4111,1,5.900000,1,42.49,1,4.41,1,-103,7.00,316.67,9,1
10/29/2018 15:23:15 ,14,1,0.98000,1,1.98000,2.21000,51.059703,3.709040,1,4111,1,5.900000,1,42.49,1,4.41,1,-103,7.00,316.67,9,0
10/29/2018 15:23:17 ,14,1,0.98000,1,1.98000,2.21000,51.059719,3.709066,1,4203,1,5.700000,1,42.57,1,4.54,1,-103,7.00,316.67,9,0
10/29/2018 15:23:18 ,14,1,0.98000,1,1.98000,2.21000,51.059730,3.709081,1,1032,1,5.800000,1,46.35,1,5.20,1,-110,7.25,299.89,9,1
10/29/2018 15:23:19 ,14,1,0.98000,1,1.98000,2.21000,51.059738,3.709097,1,2414,1,6.000000,1,46.75,1,5.04,1,-110,7.25,299.89,9,0
10/29/2018 15:23:21 ,14,1,0.98000,1,1.98000,2.21000,51.059753,3.709125,1,2440,1,6.300000,1,48.95,1,3.89,1,-110,7.25,299.89,9,0
10/29/2018 15:23:23 ,13,1,1.02000,1,2.16000,2.39000,51.059768,3.709154,1,3013,1,6.200000,1,49.48,1,4.74,1,-110,7.25,299.89,9,0
10/29/2018 15:23:25 ,14,1,1.02000,1,2.16000,2.39000,51.059783,3.709178,1,3030,1,6.600000,1,53.31,1,3.74,1,-110,7.25,299.89,9,0
10/29/2018 15:23:26 ,14,1,1.06000,1,2.17000,2.42000,51.059787,3.709187,1,1013,1,6.600000,1,52.21,1,2.93,1,-110,1.25,-3283.35,12,1
10/29/2018 15:23:27 ,14,1,0.98000,1,1.98000,2.21000,51.059795,3.709196,1,2120,1,7.000000,1,35.67,1,3.74,1,-110,1.25,-3283.35,12,0
10/29/2018 15:23:29 ,14,1,0.98000,1,1.98000,2.21000,51.059814,3.709217,1,2214,1,7.200000,1,36.50,1,4.94,1,-110,1.25,-3283.35,12,0
10/29/2018 15:23:31 ,14,1,1.08000,1,2.02000,2.29000,51.059837,3.709233,1,2234,1,8.100001,1,20.35,1,4.43,1,-110,1.25,-3283.35,12,0
10/29/2018 15:23:33 ,14,1,1.08000,1,2.02000,2.29000,51.059864,3.709233,1,2311,1,9.100001,1,353.42,1,5.83,1,-110,1.25,-3283.35,12,0
10/29/2018 15:23:35 ,14,1,1.08000,1,2.02000,2.29000,51.059879,3.709245,1,2304,1,7.800000,1,1.16,1,1.46,1,-106,4.25,-3295.41,12,1
10/29/2018 15:23:35 ,14,1,1.08000,1,2.02000,2.29000,51.059879,3.709245,1,2304,1,7.800000,1,1.16,1,1.46,1,-106,4.25,-3295.41,12,0
10/29/2018 15:23:37 ,14,1,1.16000,1,2.18000,2.46000,51.059898,3.709260,1,2344,1,7.400000,1,4.54,1,2.94,1,-106,4.25,-3295.41,12,0
10/29/2018 15:23:39 ,14,1,1.02000,1,2.16000,2.39000,51.059906,3.709302,1,2343,1,6.300000,1,47.99,1,5.09,1,-106,4.25,-3295.41,12,0
10/29/2018 15:23:41 ,14,1,1.33000,1,2.40000,2.74000,51.059921,3.709332,1,2423,1,5.800000,1,47.91,1,4.39,1,-106,4.25,-3295.41,12,0
10/29/2018 15:23:43 ,14,1,1.08000,1,2.02000,2.29000,51.059940,3.709359,1,341,1,5.900000,1,31.76,1,4.80,1,-106,6.50,2038.43,7,1
10/29/2018 15:23:43 ,14,1,1.08000,1,2.02000,2.29000,51.059940,3.709359,1,341,1,5.900000,1,31.76,1,4.80,1,-106,6.50,2038.43,7,0
10/29/2018 15:23:44 ,14,1,1.31000,1,2.16000,2.53000,51.059947,3.709377,1,10102,1,5.000000,1,34.39,1,5.06,1,-106,6.25,2038.43,7,1
10/29/2018 15:23:44 ,14,1,1.31000,1,2.16000,2.53000,51.059947,3.709377,1,10102,1,5.000000,1,34.39,1,5.06,1,-106,6.25,2038.43,7,0
10/29/2018 15:23:46 ,14,1,1.08000,1,2.02000,2.29000,51.059974,3.709378,1,10414,1,7.200000,1,352.80,1,6.67,1,-106,6.25,2038.43,7,0
10/29/2018 15:23:46 ,14,1,1.08000,1,2.02000,2.29000,51.059974,3.709378,1,11400,1,7.200000,1,352.80,1,6.67,1,-111,7.50,295.70,9,1
10/29/2018 15:23:48 ,14,1,1.06000,1,2.02000,2.29000,51.059997,3.709402,1,31,1,8.300001,1,4.46,1,5.35,1,-111,7.50,295.70,9,0
10/29/2018 15:23:48 ,14,1,1.06000,1,2.17000,2.41000,51.059997,3.709402,1,3430,1,8.300001,1,4.46,1,5.35,1,-111,7.50,-4825.55,9,1
10/29/2018 15:23:49 ,14,1,0.98000,1,1.98000,2.21000,51.060005,3.709422,1,3431,1,8.500000,1,19.28,1,4.98,1,-111,7.50,153.09,9,0
10/29/2018 15:23:51 ,14,1,0.98000,1,1.98000,2.21000,51.060020,3.709444,1,4030,1,9.500000,1,19.28,1,5.28,1,-111,7.50,153.09,9,0
10/29/2018 15:23:53 ,12,1,2.59000,1,3.93000,4.71000,51.060024,3.709507,1,4312,1,8.300001,1,39.05,1,4.87,1,-111,7.50,144.70,9,0
10/29/2018 15:23:53 ,12,1,2.59000,1,3.93000,4.71000,51.060024,3.709507,1,10310,1,8.300001,1,39.05,1,4.87,1,-118,4.50,-3299.61,12,1
10/29/2018 15:23:54 ,13,1,1.17000,1,2.16000,2.46000,51.060028,3.709529,1,10324,1,8.100001,1,16.54,1,4.59,1,-118,4.50,-3299.61,12,0
10/29/2018 15:23:56 ,12,1,2.59000,1,3.93000,4.71000,51.059989,3.709660,1,10410,1,2.900000,1,38.43,1,4.07,1,-118,4.50,-3299.61,12,0
10/29/2018 15:23:57 ,13,1,1.17000,1,2.16000,2.45000,51.059974,3.709706,1,10442,1,0.800000,1,38.43,1,3.13,1,-118,4.50,-3299.61,12,0
10/29/2018 15:23:59 ,12,1,2.59000,1,3.93000,4.71000,51.059978,3.709755,1,10443,1,-0.400000,1,56.33,1,5.19,1,-118,4.50,-3299.61,12,0
10/29/2018 15:24:01 ,13,1,1.17000,1,2.16000,2.45000,51.059989,3.709800,1,11013,1,-0.600000,1,54.15,1,4.96,1,-118,4.50,-3299.61,12,0
10/29/2018 15:24:03 ,13,1,1.21000,1,2.30000,2.60000,51.060012,3.709822,1,22,1,-0.300000,1,45.81,1,4.35,1,-116,4.25,-3310.62,12,1
10/29/2018 15:24:03 ,13,1,1.21000,1,2.30000,2.60000,51.060012,3.709822,1,22,1,-0.300000,1,45.81,1,4.35,1,-116,4.25,-3310.62,12,0
10/29/2018 15:24:04 ,13,1,1.21000,1,2.30000,2.60000,51.060020,3.709836,1,1303,1,0.200000,1,49.83,1,4.56,1,-116,4.25,-3310.62,12,0
10/29/2018 15:24:06 ,12,1,2.60000,1,4.09000,4.85000,51.060047,3.709859,1,2230,1,1.600000,1,47.89,1,5.30,1,-116,4.25,-3310.62,12,0
10/29/2018 15:24:08 ,12,1,2.59000,1,3.93000,4.71000,51.060062,3.709890,1,2243,1,1.600000,1,45.96,1,4.80,1,-116,4.25,-3310.62,12,0
10/29/2018 15:24:10 ,12,1,2.59000,1,3.93000,4.71000,51.060081,3.709918,1,2322,1,2.500000,1,50.18,1,5.00,1,-116,4.25,-3310.62,12,0
10/29/2018 15:24:12 ,12,1,2.59000,1,3.93000,4.71000,51.060096,3.709946,1,323,1,3.300000,1,45.67,1,3.94,1,-117,5.25,-3336.31,12,1
10/29/2018 15:24:12 ,12,1,2.59000,1,3.93000,4.71000,51.060096,3.709946,1,323,1,3.300000,1,45.67,1,3.94,1,-117,5.25,-3336.31,12,0
10/29/2018 15:24:14 ,14,1,1.17000,1,2.15000,2.45000,51.060100,3.709973,1,2213,1,1.700000,1,46.00,1,2.83,1,-117,5.25,-3336.31,12,0
10/29/2018 15:24:16 ,13,1,1.16000,1,2.15000,2.45000,51.060092,3.709990,1,2243,1,1.500000,1,112.30,1,2.00,1,-117,5.25,-3336.31,12,0
10/29/2018 15:24:18 ,14,1,0.98000,1,1.98000,2.21000,51.060104,3.710013,1,3034,1,1.800000,1,61.57,1,3.67,1,-117,5.25,-3336.31,12,0
10/29/2018 15:24:18 ,14,1,0.98000,1,1.98000,2.21000,51.060104,3.710013,1,11331,1,1.800000,1,61.57,1,3.67,1,-110,6.50,1954.55,7,1
10/29/2018 15:24:20 ,14,1,1.21000,1,1.98000,2.21000,51.060115,3.710041,1,110,1,2.100000,1,62.27,1,3.50,1,-110,6.50,1954.55,7,0
10/29/2018 15:24:20 ,14,1,1.21000,1,2.29000,2.59000,51.060115,3.710041,1,3043,1,2.100000,1,62.27,1,3.50,1,-94,5.25,1954.55,7,1
10/29/2018 15:24:20 ,14,1,1.21000,1,2.29000,2.59000,51.060115,3.710041,1,11100,1,2.100000,1,62.27,1,3.50,1,-111,-1.00,211.81,9,1
10/29/2018 15:24:21 ,14,1,0.98000,1,1.98000,2.21000,51.060119,3.710055,1,11110,1,1.700000,1,68.41,1,3.67,1,-111,-1.00,211.81,9,0
10/29/2018 15:24:23 ,14,1,0.98000,1,1.98000,2.21000,51.060142,3.710083,1,3004,1,1.800000,1,52.88,1,4.67,1,-118,7.50,211.81,9,1
10/29/2018 15:24:23 ,14,1,0.98000,1,1.98000,2.21000,51.060142,3.710083,1,3004,1,1.800000,1,52.88,1,4.67,1,-118,7.50,211.81,9,0
10/29/2018 15:24:25 ,14,1,0.98000,1,1.98000,2.21000,51.060161,3.710104,1,3100,1,1.600000,1,39.45,1,4.19,1,-118,7.50,211.81,9,0
10/29/2018 15:24:26 ,14,1,0.98000,1,1.98000,2.21000,51.060169,3.710114,1,420,1,1.600000,1,37.54,1,3.76,1,-117,7.50,207.62,9,1
10/29/2018 15:24:27 ,13,1,1.17000,1,2.19000,2.48000,51.060176,3.710128,1,1142,1,1.200000,1,53.48,1,2.67,1,-117,7.50,207.62,9,0
10/29/2018 15:24:28 ,13,1,1.17000,1,2.19000,2.48000,51.060184,3.710139,1,2433,1,1.100000,1,53.22,1,3.32,1,-117,7.50,207.62,9,0
10/29/2018 15:24:30 ,14,1,0.98000,1,1.98000,2.21000,51.060207,3.710169,1,3012,1,0.800000,1,57.82,1,5.22,1,-117,7.50,207.62,9,0
10/29/2018 15:24:30 ,14,1,0.98000,1,1.98000,2.21000,51.060207,3.710169,1,3331,1,0.800000,1,57.82,1,5.22,1,-123,4.75,-3378.77,12,1
10/29/2018 15:24:31 ,14,1,0.98000,1,1.98000,2.21000,51.060222,3.710186,1,3404,1,1.100000,1,60.60,1,4.78,1,-123,4.75,-3378.77,12,0
10/29/2018 15:24:33 ,14,1,1.03000,1,2.16000,2.39000,51.060253,3.710205,1,3432,1,3.800000,1,46.50,1,3.67,1,-123,4.75,-3378.77,12,0
10/29/2018 15:24:35 ,13,1,1.03000,1,2.16000,2.39000,51.060272,3.710241,1,4004,1,4.800000,1,59.83,1,4.41,1,-123,4.75,-3378.77,12,0
10/29/2018 15:24:37 ,13,1,1.03000,1,2.16000,2.39000,51.060295,3.710274,1,4013,1,5.700000,1,53.42,1,5.41,1,-123,4.75,-3378.77,12,0
10/29/2018 15:24:39 ,14,1,1.03000,1,2.16000,2.39000,51.060321,3.710298,1,4100,1,6.200000,1,35.29,1,5.00,1,-123,4.75,-3378.77,12,0
10/29/2018 15:24:39 ,14,1,1.03000,1,2.16000,2.39000,51.060321,3.710298,1,10112,1,6.200000,1,35.29,1,5.00,1,-124,4.25,-3398.17,12,1
10/29/2018 15:24:40 ,14,1,1.03000,1,2.16000,2.39000,51.060337,3.710297,1,10141,1,6.100000,1,17.62,1,5.22,1,-124,4.25,-3398.17,12,0
10/29/2018 15:24:42 ,14,1,1.03000,1,2.16000,2.39000,51.060359,3.710323,1,10213,1,5.200000,1,24.69,1,4.87,1,-124,4.25,-3398.17,12,0
10/29/2018 15:24:44 ,14,1,1.03000,1,2.15000,2.39000,51.060382,3.710343,1,10233,1,4.400000,1,21.63,1,4.87,1,-124,4.25,-3398.17,12,0
10/29/2018 15:24:46 ,14,1,1.03000,1,2.15000,2.39000,51.060405,3.710361,1,10313,1,3.700000,1,11.79,1,5.09,1,-124,4.25,-3398.17,12,0
10/29/2018 15:24:47 ,14,1,0.98000,1,1.98000,2.21000,51.060420,3.710372,1,10322,1,3.500000,1,16.38,1,5.24,1,-124,4.25,-3398.17,12,0
10/29/2018 15:24:48 ,14,1,0.98000,1,1.98000,2.21000,51.060432,3.710388,1,10410,1,3.900000,1,23.71,1,4.93,1,-124,4.25,-3398.17,12,0
10/29/2018 15:24:48 ,14,1,0.98000,1,1.98000,2.21000,51.060432,3.710388,1,11404,1,3.900000,1,23.71,1,4.93,1,-126,3.50,-3394.50,12,1
10/29/2018 15:24:50 ,14,1,1.03000,1,1.98000,2.21000,51.060447,3.710417,1,22,1,3.100000,1,27.68,1,4.30,1,-126,3.50,-3394.50,12,0
10/29/2018 15:24:51 ,13,1,1.32000,1,2.16000,2.53000,51.060462,3.710428,1,1124,1,3.100000,1,29.83,1,5.09,1,-126,3.50,-3394.50,12,0
10/29/2018 15:24:53 ,14,1,1.32000,1,2.16000,2.53000,51.060485,3.710446,1,101,1,2.200000,1,19.27,1,4.48,1,-109,6.25,1954.55,7,1
10/29/2018 15:24:53 ,14,1,1.32000,1,2.16000,2.53000,51.060485,3.710446,1,101,1,2.200000,1,19.27,1,4.48,1,-109,6.25,1954.55,7,0
10/29/2018 15:24:54 ,14,1,1.32000,1,2.16000,2.53000,51.060497,3.710450,1,4311,1,2.100000,1,14.24,1,4.74,1,-106,5.00,1954.55,7,1
10/29/2018 15:24:54 ,14,1,1.32000,1,2.16000,2.53000,51.060497,3.710450,1,4311,1,2.100000,1,14.24,1,4.74,1,-106,5.00,1954.55,7,0
10/29/2018 15:24:56 ,14,1,1.32000,1,2.16000,2.53000,51.060520,3.710450,1,10132,1,1.600000,1,2.98,1,4.28,1,-106,5.00,1954.55,7,0
10/29/2018 15:24:57 ,14,1,1.32000,1,2.16000,2.53000,51.060531,3.710448,1,2203,1,1.400000,1,352.86,1,4.76,1,-122,7.00,216.01,9,1
10/29/2018 15:24:58 ,14,1,1.32000,1,2.16000,2.53000,51.060546,3.710449,1,2234,1,1.300000,1,343.28,1,6.33,1,-122,7.00,216.01,9,0
10/29/2018 15:25:00 ,14,1,1.08000,1,2.02000,2.29000,51.060569,3.710453,1,110,1,1.000000,1,347.66,1,4.85,1,127,4.25,224.40,9,1
10/29/2018 15:25:00 ,14,1,1.08000,1,2.02000,2.29000,51.060569,3.710453,1,110,1,1.000000,1,347.66,1,4.85,1,127,4.25,224.40,9,0
10/29/2018 15:25:01 ,13,1,1.26000,1,2.24000,2.57000,51.060581,3.710451,1,1441,1,0.900000,1,350.49,1,4.91,1,127,4.25,224.40,9,0
10/29/2018 15:25:03 ,13,1,1.26000,1,2.24000,2.57000,51.060600,3.710457,1,2432,1,0.600000,1,355.91,1,3.70,1,127,4.25,224.40,9,0
10/29/2018 15:25:05 ,14,1,0.98000,1,1.98000,2.20000,51.060615,3.710469,1,3010,1,0.200000,1,348.83,1,4.87,1,127,4.25,224.40,9,0
10/29/2018 15:25:07 ,14,1,0.98000,1,1.98000,2.20000,51.060638,3.710480,1,1400,1,0.500000,1,348.67,1,5.19,1,-126,3.00,-3339.98,12,1
10/29/2018 15:25:07 ,14,1,0.98000,1,1.98000,2.20000,51.060638,3.710480,1,1400,1,0.500000,1,348.67,1,5.19,1,-126,3.00,-3339.98,12,0
10/29/2018 15:25:09 ,14,1,0.98000,1,1.98000,2.20000,51.060661,3.710489,1,2304,1,0.300000,1,347.78,1,4.72,1,-126,3.00,-3339.98,12,0
10/29/2018 15:25:11 ,13,1,1.17000,1,2.21000,2.50000,51.060676,3.710501,1,2323,1,-0.200000,1,347.00,1,4.65,1,-126,3.00,-3339.98,12,0
10/29/2018 15:25:13 ,14,1,0.98000,1,1.98000,2.20000,51.060699,3.710508,1,2342,1,-0.500000,1,344.74,1,4.61,1,-126,3.00,-3339.98,12,0
10/29/2018 15:25:15 ,14,1,0.98000,1,1.97000,2.20000,51.060714,3.710508,1,2424,1,-0.600000,1,336.39,1,4.07,1,-126,3.00,-3339.98,12,0
10/29/2018 15:25:16 ,14,1,0.98000,1,1.97000,2.20000,51.060722,3.710506,1,3000,1,-0.800000,1,336.33,1,3.28,1,-126,3.00,-3339.98,12,0
10/29/2018 15:25:16 ,14,1,0.98000,1,1.97000,2.20000,51.060722,3.710506,1,3132,1,-0.800000,1,336.33,1,3.28,1,-127,2.75,-3312.71,12,1
10/29/2018 15:25:17 ,14,1,0.98000,1,1.97000,2.20000,51.060733,3.710504,1,3203,1,-0.900000,1,338.18,1,4.02,1,-127,2.75,-3312.71,12,0
10/29/2018 15:25:19 ,13,1,2.60000,1,3.92000,4.70000,51.060760,3.710502,1,3232,1,-0.900000,1,346.40,1,5.37,1,-127,2.75,-3312.71,12,0
10/29/2018 15:25:21 ,13,1,1.06000,1,2.04000,2.30000,51.060791,3.710503,1,3304,1,-0.800000,1,352.06,1,5.32,1,-127,2.75,-3312.71,12,0
10/29/2018 15:25:23 ,13,1,1.06000,1,2.04000,2.30000,51.060821,3.710503,1,3330,1,-0.700000,1,344.42,1,5.43,1,-127,2.75,-3312.71,12,0
10/29/2018 15:25:25 ,12,1,1.25000,1,2.30000,2.61000,51.060848,3.710499,1,3411,1,-0.900000,1,349.39,1,5.30,1,-127,2.75,-3312.71,12,0
10/29/2018 15:25:25 ,12,1,1.25000,1,2.30000,2.61000,51.060848,3.710499,1,4420,1,-0.900000,1,349.39,1,5.30,1,127,1.75,-3294.36,12,1
10/29/2018 15:25:26 ,13,1,1.06000,1,2.04000,2.30000,51.060863,3.710496,1,4443,1,-0.700000,1,344.82,1,4.65,1,127,1.75,-3294.36,12,0
10/29/2018 15:25:27 ,14,1,0.98000,1,1.97000,2.20000,51.060878,3.710493,1,1312,1,-0.600000,1,344.91,1,4.56,1,-117,5.00,2055.21,7,1
10/29/2018 15:25:28 ,13,1,1.18000,1,2.21000,2.50000,51.060890,3.710489,1,2234,1,-0.800000,1,344.92,1,4.89,1,-117,5.00,2055.21,7,0
10/29/2018 15:25:28 ,13,1,1.18000,1,2.21000,2.50000,51.060890,3.710489,1,11021,1,-0.800000,1,344.92,1,4.89,1,-116,2.25,2055.21,7,1
10/29/2018 15:25:29 ,14,1,0.98000,1,1.97000,2.20000,51.060905,3.710486,1,11034,1,-0.700000,1,344.88,1,4.00,1,-116,2.25,2055.21,7,0
