00/00/2000 00:00:00 ,0,0,0.00000,0,0.00000,0.00000,0.000000,0.000000,0,0,0,0.000000,0,0.00,0,0.00,0,-66,6.00,2222.98,7,1
00/00/2000 00:00:00 ,0,1,99.99000,1,99.99000,99.99000,0.000000,0.000000,0,32244002423140,0,0.000000,0,0.00,0,0.00,0,-66,6.00,2222.98,7,0
00/00/2000 00:00:00 ,0,1,99.99000,1,99.99000,99.99000,0.000000,0.000000,0,32244002423140,0,0.000000,0,0.00,0,0.00,0,-69,6.50,2189.43,7,1
00/00/2000 00:00:00 ,0,1,99.99000,1,99.99000,99.99000,0.000000,0.000000,0,32244002423140,0,0.000000,0,0.00,0,0.00,0,-69,6.50,2189.43,7,0
00/00/2000 00:00:00 ,0,1,99.99000,1,99.99000,99.99000,0.000000,0.000000,0,32244002423140,0,0.000000,0,0.00,0,0.00,0,-67,5.75,2172.65,7,1
00/00/2000 00:00:00 ,0,1,99.99000,1,99.99000,99.99000,0.000000,0.000000,0,32244002423140,0,0.000000,0,0.00,0,0.00,0,-67,5.75,2172.65,7,0
00/00/2000 00:00:00 ,0,1,99.99000,1,99.99000,99.99000,0.000000,0.000000,0,32244002423140,0,0.000000,0,0.00,0,0.00,0,-93,-0.25,501.22,9,1
00/00/2000 00:00:00 ,0,1,99.99000,1,99.99000,99.99000,0.000000,0.000000,0,32244002423140,0,0.000000,0,0.00,0,0.00,0,-93,-0.25,501.22,9,0
00/00/2000 15:16:43 ,0,1,99.99000,1,99.99000,99.99000,0.000000,0.000000,0,32244002423140,0,0.000000,0,0.00,0,0.00,0,-93,-0.25,501.22,9,0
00/00/2000 15:16:43 ,0,1,99.99000,1,99.99000,99.99000,0.000000,0.000000,0,32244002423140,0,0.000000,0,0.00,0,0.00,0,-87,5.75,446.69,9,1
00/00/2000 15:16:44 ,0,1,99.99000,1,99.99000,99.99000,0.000000,0.000000,0,32244002423140,0,0.000000,0,0.00,0,0.00,0,-87,5.75,446.69,9,0
10/29/2018 15:16:46 ,0,1,99.99000,1,99.99000,99.99000,0.000000,0.000000,0,32244002423140,0,0.000000,0,0.00,0,0.00,0,-94,6.00,413.14,9,1
10/29/2018 15:16:46 ,0,1,99.99000,1,99.99000,99.99000,0.000000,0.000000,0,32244002423140,0,0.000000,0,0.00,0,0.00,0,-94,6.00,413.14,9,0
10/29/2018 15:16:48 ,0,1,99.99000,1,99.99000,99.99000,0.000000,0.000000,0,32244002423140,0,0.000000,0,0.00,0,0.00,0,-94,6.00,413.14,9,0
10/29/2018 15:16:50 ,0,1,99.99000,1,99.99000,99.99000,0.000000,0.000000,0,32244002423140,0,0.000000,0,0.00,0,0.00,0,-94,6.00,413.14,9,0
10/29/2018 15:16:52 ,0,1,99.99000,1,99.99000,99.99000,0.000000,0.000000,0,32244002423140,0,0.000000,0,0.00,0,0.00,0,-94,6.00,413.14,9,0
10/29/2018 15:16:53 ,0,1,99.99000,1,99.99000,99.99000,0.000000,0.000000,0,32244002423140,0,0.000000,0,0.00,0,0.00,0,-94,4.75,-3196.32,12,1
10/29/2018 15:16:54 ,0,1,99.99000,1,99.99000,99.99000,0.000000,0.000000,0,32244002423140,0,0.000000,0,0.00,0,0.00,0,-94,4.75,-3196.32,12,0
10/29/2018 15:16:56 ,0,1,99.99000,1,99.99000,99.99000,0.000000,0.000000,0,32244002423140,0,0.000000,0,0.00,0,0.00,0,-94,4.75,-3196.32,12,0
10/29/2018 15:16:58 ,0,1,99.99000,1,99.99000,99.99000,0.000000,0.000000,0,32244002423140,0,0.000000,0,0.00,0,0.00,0,-94,4.75,-3196.32,12,0
10/29/2018 15:17:00 ,0,1,99.99000,1,99.99000,99.99000,0.000000,0.000000,0,32244002423140,0,0.000000,0,0.00,0,0.00,0,-94,4.75,-3196.32,12,0
10/29/2018 15:17:02 ,0,1,99.99000,1,99.99000,99.99000,51.060291,3.708174,1,310,1,0.000000,0,0.00,1,0.26,1,-96,5.00,-3241.41,12,1
10/29/2018 15:17:02 ,0,1,99.99000,1,99.99000,99.99000,51.060291,3.708174,1,310,1,0.000000,0,0.00,1,0.26,1,-96,5.00,-3241.41,12,0
10/29/2018 15:17:04 ,10,1,3.68000,1,3.04000,4.77000,51.060295,3.708171,1,3112,1,8.400000,1,0.00,1,0.78,1,-96,5.00,-3241.41,12,0
10/29/2018 15:17:06 ,10,1,3.68000,1,3.04000,4.77000,51.060295,3.708170,1,3112,1,8.100001,1,337.93,1,1.54,1,-96,5.00,-3241.41,12,0
10/29/2018 15:17:08 ,10,1,3.69000,1,3.04000,4.78000,51.060302,3.708164,1,3211,1,7.300000,1,332.30,1,0.20,1,-96,5.00,-3241.41,12,0
10/29/2018 15:17:10 ,10,1,3.69000,1,3.04000,4.78000,51.060314,3.708149,1,3231,1,8.100001,1,332.30,1,0.19,1,-96,5.00,-3241.41,12,0
10/29/2018 15:17:11 ,10,1,3.69000,1,3.03000,4.78000,51.060317,3.708144,1,2234,1,8.300001,1,332.30,1,0.13,1,-102,4.50,-3279.16,12,1
10/29/2018 15:17:12 ,10,1,3.69000,1,3.03000,4.78000,51.060314,3.708142,1,342,1,8.300001,1,332.30,1,0.43,1,-73,6.00,1988.10,7,1
10/29/2018 15:17:12 ,10,1,3.69000,1,3.03000,4.78000,51.060314,3.708142,1,342,1,8.300001,1,332.30,1,0.43,1,-73,6.00,1988.10,7,0
10/29/2018 15:17:13 ,10,1,3.69000,1,3.03000,4.78000,51.060314,3.708142,1,4120,1,8.400000,1,332.30,1,1.20,1,-65,6.00,1971.32,7,1
10/29/2018 15:17:13 ,10,1,3.69000,1,3.03000,4.78000,51.060314,3.708142,1,4120,1,8.400000,1,332.30,1,1.20,1,-65,6.00,1971.32,7,0
10/29/2018 15:17:14 ,10,1,3.69000,1,3.03000,4.78000,51.060314,3.708141,1,11341,1,8.400000,1,332.30,1,0.20,1,-93,7.50,283.12,9,1
10/29/2018 15:17:14 ,10,1,3.69000,1,3.03000,4.78000,51.060314,3.708141,1,11341,1,8.400000,1,332.30,1,0.20,1,-93,7.50,283.12,9,0
10/29/2018 15:17:16 ,10,1,3.70000,1,3.03000,4.78000,51.060310,3.708144,1,1142,1,8.500000,1,332.30,1,0.65,1,-93,7.50,283.12,9,0
10/29/2018 15:17:17 ,10,1,3.70000,1,3.03000,4.78000,51.060310,3.708142,1,3241,1,8.500000,1,332.30,1,0.07,1,-92,7.75,291.50,9,1
10/29/2018 15:17:17 ,10,1,3.70000,1,3.03000,4.78000,51.060310,3.708142,1,3241,1,8.500000,1,332.30,1,0.07,1,-92,7.75,291.50,9,0
10/29/2018 15:17:19 ,10,1,3.70000,1,3.03000,4.78000,51.060306,3.708143,1,3334,1,8.000000,1,332.30,1,0.76,1,-92,7.75,291.50,9,0
10/29/2018 15:17:20 ,10,1,3.70000,1,3.03000,4.78000,51.060306,3.708142,1,221,1,7.900000,1,332.30,1,0.43,1,-85,5.75,278.92,9,1
10/29/2018 15:17:21 ,10,1,3.70000,1,3.03000,4.78000,51.060306,3.708142,1,1423,1,7.700000,1,332.30,1,0.07,1,-85,5.75,278.92,9,0
10/29/2018 15:17:22 ,10,1,3.70000,1,3.03000,4.79000,51.060302,3.708144,1,2220,1,7.500000,1,332.30,1,0.19,1,-85,5.75,278.92,9,0
10/29/2018 15:17:24 ,10,1,3.71000,1,3.03000,4.79000,51.060302,3.708153,1,2243,1,7.400000,1,332.30,1,0.26,1,-85,5.75,278.92,9,0
10/29/2018 15:17:25 ,10,1,3.71000,1,3.03000,4.79000,51.060302,3.708153,1,2321,1,7.400000,1,332.30,1,0.72,1,-85,5.75,278.92,9,0
10/29/2018 15:17:27 ,10,1,3.71000,1,3.03000,4.79000,51.060295,3.708150,1,2343,1,7.700000,1,332.30,1,1.17,1,-85,5.75,278.92,9,0
10/29/2018 15:17:29 ,10,1,3.71000,1,3.03000,4.79000,51.060295,3.708145,1,2414,1,8.200000,1,332.30,1,0.17,1,-85,5.75,278.92,9,0
10/29/2018 15:17:29 ,10,1,3.71000,1,3.03000,4.79000,51.060295,3.708145,1,10304,1,8.200000,1,332.30,1,0.17,1,-95,4.50,-3278.11,12,1
10/29/2018 15:17:30 ,10,1,3.71000,1,3.03000,4.79000,51.060295,3.708146,1,10332,1,8.300001,1,332.30,1,0.28,1,-95,4.50,-3278.11,12,0
10/29/2018 15:17:32 ,10,1,3.72000,1,3.02000,4.79000,51.060291,3.708149,1,10410,1,8.300001,1,332.30,1,0.06,1,-95,4.50,-3278.11,12,0
10/29/2018 15:17:34 ,10,1,3.72000,1,3.02000,4.79000,51.060295,3.708149,1,10423,1,8.300001,1,332.30,1,0.31,1,-95,4.50,-3278.11,12,0
10/29/2018 15:17:36 ,10,1,3.72000,1,3.02000,4.80000,51.060291,3.708150,1,11011,1,8.400000,1,332.30,1,0.09,1,-95,4.50,-3278.11,12,0
10/29/2018 15:17:38 ,10,1,3.72000,1,3.02000,4.80000,51.060291,3.708151,1,11021,1,8.400000,1,332.30,1,0.35,1,-95,4.50,-3278.11,12,0
10/29/2018 15:17:39 ,10,1,3.72000,1,3.02000,4.80000,51.060291,3.708153,1,11,1,8.400000,1,332.30,1,0.13,1,-97,4.75,-3285.45,12,1
10/29/2018 15:17:40 ,10,1,3.73000,1,3.02000,4.80000,51.060287,3.708155,1,204,1,8.600001,1,332.30,1,0.57,1,-97,4.75,-3285.45,12,0
10/29/2018 15:17:41 ,10,1,3.73000,1,3.02000,4.80000,51.060287,3.708156,1,1240,1,8.700000,1,325.62,1,0.85,1,-97,4.75,-3285.45,12,0
10/29/2018 15:17:43 ,10,1,3.73000,1,3.02000,4.80000,51.060287,3.708155,1,2031,1,9.000000,1,325.62,1,0.28,1,-97,4.75,-3285.45,12,0
10/29/2018 15:17:45 ,10,1,3.73000,1,3.02000,4.80000,51.060287,3.708155,1,2043,1,9.000000,1,325.62,1,0.50,1,-97,4.75,-3285.45,12,0
10/29/2018 15:17:46 ,10,1,3.74000,1,3.02000,4.80000,51.060287,3.708155,1,2123,1,8.900000,1,325.62,1,0.30,1,-97,4.75,-3285.45,12,0
10/29/2018 15:17:47 ,10,1,3.74000,1,3.02000,4.80000,51.060287,3.708155,1,2412,1,8.800001,1,325.62,1,0.24,1,-97,4.75,-3285.45,12,0
10/29/2018 15:17:47 ,10,1,3.74000,1,3.02000,4.80000,51.060287,3.708155,1,10343,1,8.800001,1,325.62,1,0.24,1,-57,5.75,1971.32,7,1
10/29/2018 15:17:48 ,10,1,3.74000,1,3.02000,4.80000,51.060287,3.708154,1,10414,1,8.800001,1,325.62,1,0.39,1,-57,5.75,1971.32,7,0
10/29/2018 15:17:49 ,10,1,3.74000,1,3.02000,4.80000,51.060287,3.708155,1,2030,1,8.800001,1,324.93,1,0.91,1,-62,5.50,1988.10,7,1
10/29/2018 15:17:50 ,10,1,3.74000,1,3.02000,4.81000,51.060287,3.708156,1,2124,1,8.600001,1,324.93,1,0.07,1,-62,5.50,1988.10,7,0
10/29/2018 15:17:51 ,10,1,3.74000,1,3.02000,4.81000,51.060287,3.708157,1,2421,1,8.400000,1,324.93,1,0.11,1,-62,5.50,241.17,7,0
10/29/2018 15:17:51 ,10,1,3.74000,1,3.02000,4.81000,51.060287,3.708157,1,2421,1,8.400000,1,324.93,1,0.11,1,-92,7.50,241.17,9,1
10/29/2018 15:17:52 ,10,1,3.74000,1,3.01000,4.81000,51.060287,3.708158,1,3020,1,8.300001,1,324.93,1,0.20,1,-92,7.50,241.17,9,0
10/29/2018 15:17:54 ,10,1,3.74000,1,3.01000,4.81000,51.060287,3.708159,1,401,1,8.200000,1,324.93,1,0.39,1,-91,7.75,257.95,9,1
10/29/2018 15:17:54 ,10,1,3.74000,1,3.01000,4.81000,51.060287,3.708159,1,401,1,8.200000,1,324.93,1,0.39,1,-91,7.75,257.95,9,0
10/29/2018 15:17:55 ,10,1,3.75000,1,3.01000,4.81000,51.060287,3.708159,1,1434,1,8.100001,1,324.93,1,0.19,1,-91,7.75,257.95,9,0
10/29/2018 15:17:56 ,10,1,3.75000,1,3.01000,4.81000,51.060287,3.708160,1,4332,1,7.900000,1,324.93,1,0.35,1,-88,7.00,253.76,9,1
10/29/2018 15:17:56 ,10,1,3.75000,1,3.01000,4.81000,51.060287,3.708160,1,4332,1,7.900000,1,324.93,1,0.35,1,-88,7.00,253.76,9,0
10/29/2018 15:17:57 ,11,1,1.40000,1,3.00000,3.31000,51.060287,3.708163,1,2040,1,7.800000,1,324.93,1,0.43,1,-96,4.50,-3320.05,12,1
10/29/2018 15:17:58 ,11,1,1.40000,1,3.00000,3.31000,51.060283,3.708167,1,2113,1,7.700000,1,324.93,1,0.13,1,-96,4.50,-3320.05,12,0
10/29/2018 15:18:00 ,11,1,1.40000,1,3.00000,3.31000,51.060283,3.708173,1,2141,1,7.500000,1,324.93,1,0.13,1,-96,4.50,-3320.05,12,0
10/29/2018 15:18:02 ,11,1,1.40000,1,3.00000,3.31000,51.060279,3.708180,1,2201,1,7.600000,1,324.93,1,0.15,1,-96,4.50,-3320.05,12,0
10/29/2018 15:18:04 ,11,1,1.40000,1,3.00000,3.31000,51.060279,3.708179,1,2231,1,7.700000,1,324.93,1,0.09,1,-96,4.50,-3320.05,12,0
10/29/2018 15:18:06 ,11,1,1.40000,1,3.00000,3.31000,51.060279,3.708183,1,2310,1,7.700000,1,324.93,1,0.56,1,-96,4.50,-3320.05,12,0
10/29/2018 15:18:06 ,11,1,1.40000,1,3.00000,3.31000,51.060279,3.708183,1,3323,1,7.700000,1,324.93,1,0.56,1,-92,4.00,-3327.92,12,1
10/29/2018 15:18:07 ,11,1,1.40000,1,3.00000,3.31000,51.060279,3.708183,1,3343,1,7.600000,1,324.93,1,0.57,1,-92,4.00,-3327.92,12,0
10/29/2018 15:18:09 ,11,1,1.40000,1,2.99000,3.31000,51.060279,3.708186,1,3423,1,7.700000,1,324.93,1,0.04,1,-92,4.00,-3327.92,12,0
10/29/2018 15:18:11 ,11,1,1.40000,1,2.99000,3.31000,51.060272,3.708194,1,3440,1,7.900000,1,324.93,1,0.37,1,-92,4.00,-3327.92,12,0
10/29/2018 15:18:13 ,11,1,1.40000,1,2.99000,3.30000,51.060268,3.708199,1,3443,1,8.100001,1,302.01,1,1.09,1,-92,4.00,-3327.92,12,0
10/29/2018 15:18:15 ,11,1,1.40000,1,2.99000,3.30000,51.060260,3.708186,1,4001,1,8.100001,1,229.94,1,2.74,1,-92,4.00,-3327.92,12,0
10/29/2018 15:18:15 ,11,1,1.40000,1,2.99000,3.30000,51.060260,3.708186,1,10013,1,8.100001,1,229.94,1,2.74,1,-95,4.00,-3323.20,12,1
10/29/2018 15:18:16 ,11,1,1.40000,1,2.99000,3.30000,51.060253,3.708183,1,10111,1,8.300001,1,207.27,1,3.61,1,-95,4.00,-3323.20,12,0
10/29/2018 15:18:17 ,11,1,1.40000,1,2.99000,3.30000,51.060241,3.708178,1,10130,1,8.300001,1,202.36,1,4.41,1,-95,4.00,-3323.20,12,0
10/29/2018 15:18:18 ,11,1,1.40000,1,2.99000,3.30000,51.060230,3.708177,1,10202,1,8.100001,1,192.58,1,4.28,1,-95,4.00,-3323.20,12,0
10/29/2018 15:18:20 ,11,1,1.40000,1,2.99000,3.30000,51.060211,3.708181,1,10231,1,7.800000,1,176.21,1,3.59,1,-95,4.00,-3323.20,12,0
10/29/2018 15:18:21 ,11,1,1.40000,1,2.99000,3.30000,51.060203,3.708183,1,11020,1,7.900000,1,177.15,1,2.94,1,-95,4.00,-3323.20,12,0
10/29/2018 15:18:22 ,11,1,1.40000,1,2.99000,3.30000,51.060192,3.708184,1,30,1,7.900000,1,179.82,1,4.19,1,-76,5.50,1920.99,7,1
10/29/2018 15:18:23 ,11,1,1.40000,1,2.99000,3.30000,51.060180,3.708184,1,211,1,7.900000,1,182.86,1,4.57,1,-76,5.50,1920.99,7,0
10/29/2018 15:18:23 ,11,1,1.40000,1,2.99000,3.30000,51.060180,3.708184,1,3301,1,7.900000,1,182.86,1,4.57,1,-74,6.00,1904.21,7,1
10/29/2018 15:18:24 ,11,1,1.40000,1,2.99000,3.30000,51.060169,3.708184,1,3312,1,7.800000,1,182.50,1,4.09,1,-74,6.00,1904.21,7,0
10/29/2018 15:18:25 ,11,1,1.40000,1,2.99000,3.30000,51.060161,3.708183,1,2102,1,7.800000,1,182.17,1,3.93,1,-102,7.25,207.62,9,1
10/29/2018 15:18:26 ,11,1,1.40000,1,2.99000,3.30000,51.060150,3.708182,1,2140,1,7.800000,1,183.40,1,4.24,1,-102,7.25,207.62,9,0
10/29/2018 15:18:28 ,12,1,1.08000,1,2.63000,2.85000,51.060127,3.708184,1,13,1,7.700000,1,173.84,1,4.72,1,-100,6.25,224.40,9,1
10/29/2018 15:18:28 ,12,1,1.08000,1,2.63000,2.85000,51.060127,3.708184,1,13,1,7.700000,1,173.84,1,4.72,1,-100,6.25,224.40,9,0
10/29/2018 15:18:29 ,12,1,1.08000,1,2.63000,2.85000,51.060115,3.708189,1,1224,1,7.700000,1,168.43,1,4.85,1,-100,6.25,224.40,9,0
10/29/2018 15:18:30 ,12,1,1.08000,1,2.63000,2.85000,51.060108,3.708195,1,3441,1,7.800000,1,160.72,1,3.91,1,-102,7.25,203.42,9,1
10/29/2018 15:18:30 ,12,1,1.08000,1,2.63000,2.85000,51.060108,3.708195,1,3441,1,7.800000,1,160.72,1,3.91,1,-102,7.25,203.42,9,0
10/29/2018 15:18:32 ,12,1,1.08000,1,2.63000,2.85000,51.060085,3.708206,1,4302,1,8.400000,1,162.77,1,4.22,1,-102,7.25,203.42,9,0
10/29/2018 15:18:34 ,12,1,1.08000,1,2.63000,2.85000,51.060066,3.708212,1,103,1,8.300001,1,165.26,1,3.74,1,-105,4.25,-3361.47,12,1
10/29/2018 15:18:34 ,12,1,1.08000,1,2.63000,2.85000,51.060066,3.708212,1,103,1,8.300001,1,165.26,1,3.74,1,-105,4.25,-3361.47,12,0
10/29/2018 15:18:36 ,12,1,1.08000,1,2.63000,2.85000,51.060047,3.708221,1,2030,1,8.400000,1,161.21,1,3.70,1,-105,4.25,-3361.47,12,0
10/29/2018 15:18:37 ,12,1,1.08000,1,2.63000,2.85000,51.060039,3.708228,1,2043,1,8.300001,1,155.28,1,4.41,1,-105,4.25,-3361.47,12,0
10/29/2018 15:18:38 ,12,1,1.08000,1,2.63000,2.85000,51.060031,3.708232,1,2121,1,8.100001,1,158.89,1,3.22,1,-105,4.25,-3361.47,12,0
10/29/2018 15:18:38 ,12,1,1.08000,1,2.63000,2.85000,51.060012,3.708239,1,2141,1,7.100000,1,168.82,1,4.41,1,-105,4.25,-3361.47,12,0
10/29/2018 15:18:40 ,12,1,1.08000,1,2.63000,2.85000,51.059993,3.708248,1,2214,1,7.400000,1,154.95,1,2.78,1,-105,4.25,-3361.47,12,0
10/29/2018 15:18:41 ,12,1,1.08000,1,2.63000,2.85000,51.059989,3.708257,1,1323,1,7.300000,1,133.38,1,3.11,1,-107,4.50,-3387.16,12,1
10/29/2018 15:18:42 ,12,1,1.08000,1,2.63000,2.85000,51.059982,3.708270,1,2034,1,7.500000,1,130.46,1,4.28,1,-107,4.50,-3387.16,12,0
10/29/2018 15:18:44 ,12,1,1.08000,1,2.63000,2.85000,51.059967,3.708303,1,2104,1,7.300000,1,125.20,1,5.15,1,-107,4.50,-3387.16,12,0
10/29/2018 15:18:46 ,12,1,1.08000,1,2.63000,2.85000,51.059951,3.708334,1,2140,1,6.800000,1,125.98,1,2.98,1,-107,4.50,-3387.16,12,0
10/29/2018 15:18:48 ,12,1,1.08000,1,2.63000,2.85000,51.059940,3.708353,1,2210,1,6.600000,1,131.72,1,3.50,1,-107,4.50,-3387.16,12,0
10/29/2018 15:18:50 ,11,1,1.41000,1,2.97000,3.29000,51.059925,3.708369,1,2240,1,6.400000,1,149.24,1,4.46,1,-107,4.50,-3387.16,12,0
10/29/2018 15:18:50 ,11,1,1.41000,1,2.97000,3.29000,51.059925,3.708369,1,3114,1,6.400000,1,149.24,1,4.46,1,-107,5.00,-3398.70,12,1
10/29/2018 15:18:51 ,12,1,1.08000,1,2.63000,2.85000,51.059909,3.708378,1,3132,1,6.300000,1,151.26,1,5.61,1,-107,5.00,-3398.70,12,0
10/29/2018 15:18:52 ,12,1,1.08000,1,2.63000,2.85000,51.059898,3.708386,1,3201,1,6.000000,1,155.88,1,5.19,1,-107,5.00,-3398.70,12,0
10/29/2018 15:18:54 ,12,1,1.08000,1,2.63000,2.85000,51.059871,3.708404,1,3231,1,6.300000,1,156.89,1,5.19,1,-107,5.00,-3398.70,12,0
10/29/2018 15:18:55 ,12,1,1.08000,1,2.63000,2.85000,51.059860,3.708411,1,4013,1,6.800000,1,155.37,1,5.11,1,-107,5.00,-3398.70,12,0
10/29/2018 15:18:55 ,12,1,1.08000,1,2.63000,2.85000,51.059860,3.708411,1,4444,1,6.800000,1,155.37,1,5.11,1,-83,6.00,1887.44,7,1
10/29/2018 15:18:56 ,12,1,1.08000,1,2.63000,2.85000,51.059848,3.708422,1,10030,1,6.900000,1,152.89,1,4.80,1,-83,6.00,1887.44,7,0
10/29/2018 15:18:57 ,12,1,1.08000,1,2.63000,2.85000,51.059837,3.708432,1,1212,1,7.200000,1,150.33,1,4.56,1,-78,-7.25,1820.33,7,1
10/29/2018 15:18:58 ,12,1,1.08000,1,2.63000,2.85000,51.059829,3.708441,1,2142,1,6.800000,1,153.69,1,4.06,1,-78,-7.25,1820.33,7,0
10/29/2018 15:18:59 ,12,1,1.08000,1,2.63000,2.85000,51.059818,3.708445,1,2413,1,6.700000,1,164.14,1,4.43,1,-78,-7.25,1820.33,7,0
10/29/2018 15:18:59 ,12,1,1.08000,1,2.63000,2.85000,51.059818,3.708445,1,11201,1,6.700000,1,164.14,1,4.43,1,-108,8.00,157.29,9,1
10/29/2018 15:19:01 ,12,1,1.08000,1,2.63000,2.85000,51.059799,3.708455,1,214,1,6.700000,1,163.52,1,3.56,1,-108,8.00,157.29,9,0
10/29/2018 15:19:02 ,12,1,1.08000,1,2.63000,2.85000,51.059787,3.708463,1,434,1,6.200000,1,164.89,1,4.57,1,-108,8.00,157.29,9,0
10/29/2018 15:19:02 ,12,1,1.08000,1,2.63000,2.85000,51.059787,3.708463,1,3133,1,6.200000,1,164.89,1,4.57,1,-108,7.75,144.70,9,1
10/29/2018 15:19:03 ,11,1,1.21000,1,2.70000,2.96000,51.059780,3.708464,1,3204,1,5.800000,1,166.09,1,3.70,1,-108,7.75,144.70,9,0
10/29/2018 15:19:05 ,11,1,1.21000,1,2.70000,2.96000,51.059761,3.708469,1,4020,1,5.100000,1,168.40,1,3.07,1,-108,7.75,144.70,9,0
10/29/2018 15:19:07 ,11,1,1.21000,1,2.70000,2.96000,51.059745,3.708472,1,4030,1,4.100000,1,164.75,1,4.32,1,-108,7.75,144.70,9,0
10/29/2018 15:19:08 ,11,1,1.21000,1,2.70000,2.96000,51.059734,3.708474,1,11120,1,3.600000,1,167.54,1,3.80,1,-117,3.75,-3436.97,12,1
10/29/2018 15:19:08 ,11,1,1.21000,1,2.70000,2.96000,51.059734,3.708474,1,11120,1,3.600000,1,167.54,1,3.80,1,-117,3.75,-3436.97,12,0
10/29/2018 15:19:10 ,11,1,1.21000,1,2.70000,2.96000,51.059722,3.708466,1,44,1,3.400000,1,167.54,1,3.52,1,-117,3.75,-3436.97,12,0
10/29/2018 15:19:11 ,10,1,2.52000,1,4.16000,4.87000,51.059711,3.708466,1,304,1,2.100000,1,166.11,1,5.06,1,-117,3.75,-3436.97,12,0
10/29/2018 15:19:12 ,10,1,2.53000,1,4.16000,4.87000,51.059700,3.708476,1,2000,1,2.700000,1,166.11,1,3.93,1,-117,3.75,-3436.97,12,0
10/29/2018 15:19:13 ,10,1,2.53000,1,4.16000,4.87000,51.059692,3.708477,1,2120,1,2.600000,1,169.02,1,4.24,1,-117,3.75,-3436.97,12,0
10/29/2018 15:19:15 ,10,1,2.53000,1,4.16000,4.87000,51.059673,3.708482,1,2230,1,3.500000,1,169.02,1,4.02,1,-117,3.75,-3436.97,12,0
10/29/2018 15:19:16 ,11,1,1.21000,1,2.70000,2.96000,51.059669,3.708481,1,2311,1,3.700000,1,169.02,1,2.54,1,-117,3.75,-3436.97,12,0
10/29/2018 15:19:18 ,11,1,1.21000,1,2.70000,2.96000,51.059654,3.708489,1,402,1,4.000000,1,161.79,1,4.06,1,-115,4.25,-3442.74,12,1
10/29/2018 15:19:18 ,11,1,1.21000,1,2.70000,2.96000,51.059654,3.708489,1,402,1,4.000000,1,161.79,1,4.06,1,-115,4.25,-3442.74,12,0
10/29/2018 15:19:20 ,10,1,2.53000,1,4.17000,4.87000,51.059635,3.708498,1,2133,1,4.200000,1,164.52,1,3.96,1,-115,4.25,-3442.74,12,0
10/29/2018 15:19:22 ,10,1,2.53000,1,4.17000,4.88000,51.059612,3.708520,1,2203,1,3.900000,1,158.05,1,3.82,1,-115,4.25,-3442.74,12,0
10/29/2018 15:19:24 ,11,1,1.21000,1,2.71000,2.96000,51.059600,3.708532,1,2301,1,3.900000,1,158.05,1,2.52,1,-115,4.25,-3442.74,12,0
10/29/2018 15:19:25 ,12,1,1.08000,1,2.63000,2.85000,51.059585,3.708561,1,2234,1,4.500000,1,158.63,1,4.11,1,-115,4.25,-3442.74,12,0
10/29/2018 15:19:27 ,12,1,1.08000,1,2.63000,2.85000,51.059562,3.708632,1,1210,1,7.600000,1,158.63,1,2.07,1,-112,5.50,-3461.09,12,1
10/29/2018 15:19:27 ,12,1,1.08000,1,2.63000,2.85000,51.059562,3.708632,1,1210,1,7.600000,1,158.63,1,2.07,1,-112,5.50,-3461.09,12,0
10/29/2018 15:19:29 ,12,1,1.08000,1,2.63000,2.85000,51.059539,3.708667,1,2200,1,7.600000,1,158.63,1,2.00,1,-112,5.50,-3461.09,12,0
10/29/2018 15:19:29 ,12,1,1.08000,1,2.63000,2.85000,51.059539,3.708667,1,11303,1,7.600000,1,158.63,1,2.00,1,-89,6.00,1870.66,7,1
10/29/2018 15:19:31 ,12,1,1.08000,1,2.63000,2.85000,51.059520,3.708680,1,40,1,7.200000,1,158.63,1,0.61,1,-89,6.00,1870.66,7,0
10/29/2018 15:19:31 ,12,1,1.08000,1,2.63000,2.85000,51.059520,3.708680,1,3014,1,7.200000,1,158.63,1,0.61,1,-85,6.00,1870.66,7,1
10/29/2018 15:19:32 ,12,1,1.08000,1,2.63000,2.85000,51.059516,3.708682,1,3043,1,6.800000,1,158.63,1,1.67,1,-85,6.00,1870.66,7,0
10/29/2018 15:19:33 ,12,1,1.08000,1,2.63000,2.85000,51.059509,3.708681,1,3332,1,6.100000,1,158.63,1,1.41,1,-85,6.00,1870.66,7,0
10/29/2018 15:19:33 ,12,1,1.08000,1,2.63000,2.85000,51.059509,3.708681,1,10442,1,6.100000,1,158.63,1,1.41,1,-110,7.75,123.73,9,1
10/29/2018 15:19:34 ,12,1,1.08000,1,2.63000,2.85000,51.059501,3.708680,1,11022,1,5.400000,1,158.63,1,2.19,1,-110,7.75,123.73,9,0
10/29/2018 15:19:36 ,12,1,1.08000,1,2.63000,2.85000,51.059490,3.708657,1,2413,1,1.200000,1,158.63,1,2.30,1,-113,0.50,123.73,9,1
10/29/2018 15:19:36 ,12,1,1.08000,1,2.63000,2.85000,51.059490,3.708657,1,2413,1,1.200000,1,158.63,1,2.30,1,-113,0.50,123.73,9,0
10/29/2018 15:19:38 ,12,1,1.08000,1,2.63000,2.85000,51.059463,3.708647,1,3010,1,0.600000,1,158.63,1,3.09,1,-113,0.50,123.73,9,0
10/29/2018 15:19:39 ,12,1,1.08000,1,2.63000,2.85000,51.059455,3.708630,1,242,1,0.600000,1,240.40,1,4.96,1,-113,6.25,94.37,9,1
10/29/2018 15:19:40 ,11,1,1.41000,1,2.95000,3.27000,51.059459,3.708603,1,2014,1,-0.400000,1,246.55,1,4.04,1,-113,6.25,94.37,9,0
10/29/2018 15:19:42 ,10,1,2.09000,1,6.47000,6.80000,51.059459,3.708555,1,2142,1,-3.100000,1,261.73,1,3.28,1,-113,6.25,94.37,9,0
10/29/2018 15:19:44 ,12,1,1.08000,1,2.63000,2.85000,51.059448,3.708529,1,2210,1,-3.400000,1,262.81,1,4.57,1,-113,6.25,94.37,9,0
10/29/2018 15:19:45 ,12,1,1.08000,1,2.63000,2.85000,51.059440,3.708509,1,4143,1,-3.700000,1,262.01,1,4.46,1,-116,5.25,-3484.16,12,1
10/29/2018 15:19:45 ,12,1,1.08000,1,2.63000,2.85000,51.059440,3.708509,1,4143,1,-3.700000,1,262.01,1,4.46,1,-116,5.25,-3484.16,12,0
10/29/2018 15:19:47 ,10,1,2.09000,1,6.46000,6.79000,51.059429,3.708486,1,4240,1,-4.600000,1,267.11,1,3.82,1,-116,5.25,-3484.16,12,0
10/29/2018 15:19:49 ,11,1,1.37000,1,2.20000,2.59000,51.059383,3.708418,1,4330,1,6.900000,1,255.98,1,0.74,1,-116,5.25,-3484.16,12,0
10/29/2018 15:19:51 ,13,1,1.02000,1,2.14000,2.37000,51.059379,3.708388,1,4332,1,2.800000,1,258.59,1,3.50,1,-116,5.25,-3484.16,12,0
10/29/2018 15:19:52 ,4,1,6.84000,1,7.48000,10.14000,51.059375,3.708374,1,10011,1,1.600000,1,258.59,1,3.61,1,-116,5.25,-3484.16,12,0
10/29/2018 15:19:54 ,0,1,99.99000,1,99.99000,99.99000,51.059375,3.708361,1,23024,1,0.500000,1,258.59,1,3.52,1,-116,5.25,-3484.16,12,0
10/29/2018 15:19:54 ,0,1,99.99000,1,99.99000,99.99000,51.059375,3.708361,1,24020,1,0.500000,1,258.59,1,3.52,1,-123,2.25,-3436.97,12,1
10/29/2018 15:19:55 ,0,1,99.99000,1,99.99000,99.99000,51.059375,3.708361,1,42041,1,0.500000,1,258.59,1,3.52,1,-123,2.25,-3436.97,12,0
10/29/2018 15:19:57 ,0,1,99.99000,1,99.99000,99.99000,51.059375,3.708361,1,123112,1,0.500000,1,258.59,1,3.52,1,-123,2.25,-3436.97,12,0
10/29/2018 15:19:58 ,0,1,99.99000,1,99.99000,99.99000,51.059375,3.708361,1,141134,1,0.500000,1,258.59,1,3.52,1,-123,2.25,-3436.97,12,0
10/29/2018 15:20:00 ,0,1,99.99000,1,99.99000,99.99000,51.059375,3.708361,1,222212,1,0.500000,1,258.59,1,3.52,1,-123,2.25,-3436.97,12,0
10/29/2018 15:20:02 ,0,1,99.99000,1,99.99000,99.99000,51.059375,3.708361,1,241120,1,0.500000,1,258.59,1,3.52,1,-123,2.25,-3436.97,12,0
10/29/2018 15:20:03 ,0,1,99.99000,1,99.99000,99.99000,51.059375,3.708361,1,310233,1,0.500000,1,258.59,1,3.52,1,-123,2.25,-3436.97,12,0
10/29/2018 15:20:04 ,0,1,99.99000,1,99.99000,99.99000,51.059375,3.708361,1,322300,1,0.500000,1,258.59,1,3.52,1,-120,5.00,-3396.60,12,1
10/29/2018 15:20:05 ,0,1,99.99000,1,99.99000,99.99000,51.059375,3.708361,1,342223,1,0.500000,1,258.59,1,3.52,1,-120,5.00,-3396.60,12,0
10/29/2018 15:20:05 ,0,1,99.99000,1,99.99000,99.99000,51.059375,3.708361,1,400244,1,0.500000,1,258.59,1,3.52,1,-111,6.25,1937.77,7,1
10/29/2018 15:20:06 ,0,1,99.99000,1,99.99000,99.99000,51.059375,3.708361,1,413321,1,0.500000,1,258.59,1,3.52,1,-111,6.25,1937.77,7,0
10/29/2018 15:20:07 ,10,1,3.94000,1,2.94000,4.92000,51.059375,3.708361,1,423010,1,0.500000,1,258.59,1,3.52,1,-107,6.25,1920.99,7,1
10/29/2018 15:20:08 ,4,1,5.26000,1,3.68000,6.42000,51.059635,3.707934,1,1142,1,-3.700000,1,258.59,1,6.19,1,-107,6.25,1920.99,7,0
10/29/2018 15:20:09 ,11,1,1.42000,1,2.94000,3.26000,51.059459,3.708201,1,2223,1,-11.500000,1,258.59,1,1.98,1,-107,6.25,1920.99,7,0
10/29/2018 15:20:11 ,12,1,1.08000,1,2.63000,2.85000,51.059356,3.708284,1,2222,1,-9.600001,1,234.37,1,3.96,1,-107,6.25,1920.99,7,0
10/29/2018 15:20:12 ,12,1,1.08000,1,2.63000,2.85000,51.059329,3.708298,1,11444,1,-9.900000,1,219.16,1,4.19,1,-119,4.00,136.31,9,1
10/29/2018 15:20:12 ,12,1,1.08000,1,2.63000,2.85000,51.059329,3.708298,1,11444,1,-9.900000,1,219.16,1,4.19,1,-119,4.00,136.31,9,0
10/29/2018 15:20:14 ,12,1,1.08000,1,2.63000,2.85000,51.059291,3.708276,1,1321,1,-5.300000,1,215.70,1,4.52,1,-119,4.00,136.31,9,0
10/29/2018 15:20:15 ,12,1,1.08000,1,2.63000,2.85000,51.059265,3.708265,1,2032,1,0.700000,1,212.25,1,4.44,1,-119,4.00,136.31,9,0
10/29/2018 15:20:16 ,12,1,1.08000,1,2.63000,2.85000,51.059253,3.708260,1,2412,1,0.500000,1,209.96,1,3.93,1,-119,4.00,136.31,9,0
10/29/2018 15:20:18 ,12,1,1.08000,1,2.63000,2.85000,51.059238,3.708245,1,2434,1,0.400000,1,201.92,1,3.22,1,-119,4.00,136.31,9,0
10/29/2018 15:20:20 ,13,1,1.08000,1,2.19000,2.45000,51.059215,3.708236,1,3010,1,0.200000,1,199.63,1,4.20,1,-119,4.00,136.31,9,0
10/29/2018 15:20:22 ,13,1,1.02000,1,2.15000,2.38000,51.059188,3.708226,1,2214,1,1.300000,1,198.60,1,3.85,1,-123,4.00,-3428.06,12,1
10/29/2018 15:20:22 ,13,1,1.02000,1,2.15000,2.38000,51.059188,3.708226,1,2214,1,1.300000,1,198.60,1,3.85,1,-123,4.00,-3428.06,12,0
10/29/2018 15:20:24 ,13,1,1.02000,1,2.15000,2.38000,51.059146,3.708235,1,2314,1,3.800000,1,196.89,1,4.04,1,-123,4.00,-3428.06,12,0
10/29/2018 15:20:26 ,13,1,1.02000,1,2.15000,2.38000,51.059112,3.708230,1,2334,1,5.100000,1,196.14,1,4.89,1,-123,4.00,-3428.06,12,0
10/29/2018 15:20:27 ,13,1,1.02000,1,2.15000,2.38000,51.059097,3.708227,1,2402,1,4.900000,1,194.93,1,4.83,1,-123,4.00,-3428.06,12,0
10/29/2018 15:20:29 ,13,1,1.02000,1,2.15000,2.38000,51.059070,3.708215,1,2434,1,5.200000,1,199.10,1,4.87,1,-123,4.00,-3428.06,12,0
10/29/2018 15:20:31 ,13,1,1.02000,1,2.15000,2.38000,51.059047,3.708200,1,3011,1,5.200000,1,197.65,1,4.83,1,-123,4.00,-3428.06,12,0
10/29/2018 15:20:31 ,13,1,1.02000,1,2.15000,2.38000,51.059047,3.708200,1,4000,1,5.200000,1,197.65,1,4.83,1,-124,4.50,-3420.19,12,1
10/29/2018 15:20:32 ,13,1,1.02000,1,2.15000,2.38000,51.059036,3.708196,1,4032,1,4.400000,1,194.90,1,4.70,1,-124,4.50,-3420.19,12,0
10/29/2018 15:20:34 ,13,1,1.02000,1,2.15000,2.38000,51.059009,3.708188,1,4104,1,3.900000,1,199.97,1,4.39,1,-124,4.50,-3420.19,12,0
10/29/2018 15:20:35 ,13,1,1.02000,1,2.15000,2.38000,51.058998,3.708194,1,4130,1,2.200000,1,192.19,1,4.26,1,-124,4.50,-3420.19,12,0
10/29/2018 15:20:36 ,13,1,1.02000,1,2.15000,2.38000,51.058986,3.708192,1,4203,1,1.700000,1,193.00,1,4.41,1,-124,4.50,-3420.19,12,0
10/29/2018 15:20:38 ,13,1,1.02000,1,2.15000,2.38000,51.058967,3.708179,1,4224,1,0.500000,1,195.44,1,3.54,1,-124,4.50,-3420.19,12,0
10/29/2018 15:20:39 ,13,1,1.02000,1,2.15000,2.38000,51.058959,3.708170,1,10433,1,-0.300000,1,207.54,1,3.37,1,-113,6.00,1904.21,7,1
10/29/2018 15:20:39 ,13,1,1.02000,1,2.15000,2.38000,51.058959,3.708170,1,10433,1,-0.300000,1,207.54,1,3.37,1,-113,6.00,1904.21,7,0
10/29/2018 15:20:40 ,13,1,1.02000,1,2.15000,2.38000,51.058952,3.708164,1,11023,1,-0.700000,1,200.44,1,4.15,1,-113,6.00,1904.21,7,0
10/29/2018 15:20:41 ,13,1,1.02000,1,2.15000,2.38000,51.058940,3.708158,1,2130,1,-0.800000,1,198.79,1,3.89,1,-122,1.75,1887.44,7,1
10/29/2018 15:20:42 ,13,1,1.02000,1,2.15000,2.38000,51.058929,3.708154,1,2210,1,-1.000000,1,194.22,1,3.83,1,-122,1.75,1887.44,7,0
10/29/2018 15:20:42 ,13,1,1.02000,1,2.15000,2.38000,51.058929,3.708154,1,11341,1,-1.000000,1,194.22,1,3.83,1,-114,4.00,1887.44,7,1
10/29/2018 15:20:44 ,13,1,1.02000,1,2.15000,2.38000,51.058910,3.708138,1,1114,1,-1.300000,1,202.68,1,4.41,1,-114,4.00,115.34,7,0
10/29/2018 15:20:44 ,13,1,1.02000,1,2.15000,2.38000,51.058910,3.708138,1,1114,1,-1.300000,1,202.68,1,4.41,1,127,4.75,115.34,9,1
10/29/2018 15:20:45 ,13,1,1.02000,1,2.15000,2.38000,51.058902,3.708128,1,2103,1,-1.400000,1,205.48,1,4.17,1,127,4.75,115.34,9,0
10/29/2018 15:20:46 ,13,1,1.02000,1,2.15000,2.38000,51.058891,3.708123,1,11143,1,-1.200000,1,201.31,1,4.26,1,125,1.75,102.76,9,1
10/29/2018 15:20:46 ,13,1,1.02000,1,2.15000,2.38000,51.058891,3.708123,1,11143,1,-1.200000,1,201.31,1,4.26,1,125,1.75,102.76,9,0
10/29/2018 15:20:48 ,13,1,1.02000,1,2.15000,2.38000,51.058868,3.708105,1,424,1,-1.200000,1,200.82,1,5.32,1,125,1.75,102.76,9,0
10/29/2018 15:20:49 ,13,1,1.02000,1,2.15000,2.38000,51.058860,3.708089,1,1144,1,0.000000,1,203.29,1,4.76,1,125,1.75,102.76,9,0
10/29/2018 15:20:50 ,13,1,1.02000,1,2.15000,2.38000,51.058849,3.708078,1,20,1,0.000000,1,201.96,1,4.52,1,-127,3.75,-3483.11,12,1
10/29/2018 15:20:51 ,13,1,1.02000,1,2.15000,2.38000,51.058837,3.708071,1,244,1,0.000000,1,202.72,1,4.28,1,-127,3.75,-3483.11,12,0
10/29/2018 15:20:52 ,13,1,1.02000,1,2.15000,2.38000,51.058830,3.708057,1,1412,1,0.600000,1,208.73,1,4.11,1,-127,3.75,-3483.11,12,0
10/29/2018 15:20:54 ,13,1,1.08000,1,2.63000,2.84000,51.058807,3.708035,1,2043,1,0.600000,1,199.71,1,4.93,1,-127,3.75,-3483.11,12,0
10/29/2018 15:20:56 ,13,1,1.02000,1,2.15000,2.38000,51.058780,3.708014,1,2112,1,1.300000,1,200.78,1,4.85,1,-127,3.75,-3483.11,12,0
10/29/2018 15:20:57 ,13,1,1.02000,1,2.15000,2.38000,51.058769,3.708004,1,2140,1,1.500000,1,197.00,1,4.78,1,-127,3.75,-3483.11,12,0
10/29/2018 15:20:58 ,13,1,1.02000,1,2.15000,2.38000,51.058757,3.708001,1,2211,1,1.200000,1,190.82,1,4.93,1,-127,3.75,-3483.11,12,0
10/29/2018 15:20:59 ,13,1,1.02000,1,2.15000,2.38000,51.058750,3.707997,1,244,1,0.300000,1,192.05,1,3.22,1,-127,4.00,-3467.90,12,1
10/29/2018 15:21:00 ,13,1,1.08000,1,2.20000,2.46000,51.058742,3.707990,1,1421,1,0.400000,1,183.83,1,3.93,1,-127,4.00,-3467.90,12,0
10/29/2018 15:21:01 ,13,1,1.02000,1,2.15000,2.38000,51.058731,3.707988,1,2100,1,0.400000,1,175.37,1,4.13,1,-127,4.00,-3467.90,12,0
10/29/2018 15:21:03 ,13,1,1.02000,1,2.15000,2.38000,51.058712,3.707990,1,2111,1,0.000000,1,166.73,1,4.57,1,-127,4.00,-3467.90,12,0
10/29/2018 15:21:05 ,13,1,1.02000,1,2.15000,2.38000,51.058689,3.707982,1,2133,1,4.000000,1,157.26,1,4.22,1,-127,4.00,-3467.90,12,0
10/29/2018 15:21:07 ,12,1,1.16000,1,2.30000,2.58000,51.058673,3.707979,1,2212,1,9.900000,1,142.53,1,3.85,1,-127,4.00,-3467.90,12,0
10/29/2018 15:21:08 ,12,1,1.16000,1,2.31000,2.58000,51.058670,3.707990,1,2034,1,11.400000,1,131.46,1,3.93,1,-126,4.75,-3458.99,12,1
10/29/2018 15:21:09 ,13,1,1.02000,1,2.15000,2.38000,51.058662,3.708004,1,2103,1,12.800001,1,123.64,1,4.43,1,-126,4.75,-3458.99,12,0
10/29/2018 15:21:11 ,13,1,1.02000,1,2.15000,2.38000,51.058658,3.708035,1,2210,1,15.300001,1,120.80,1,4.87,1,-126,4.75,-3458.99,12,0
10/29/2018 15:21:13 ,13,1,1.02000,1,2.15000,2.38000,51.058650,3.708068,1,2230,1,16.500000,1,119.91,1,4.83,1,-126,4.75,-3458.99,12,0
10/29/2018 15:21:15 ,13,1,1.02000,1,2.15000,2.38000,51.058639,3.708102,1,3032,1,16.000000,1,117.20,1,5.06,1,-126,4.75,-3458.99,12,0
10/29/2018 15:21:15 ,13,1,1.02000,1,2.15000,2.38000,51.058639,3.708102,1,3411,1,16.000000,1,117.20,1,5.06,1,-113,-9.25,1920.99,7,1
10/29/2018 15:21:16 ,13,1,1.02000,1,2.15000,2.38000,51.058631,3.708119,1,3440,1,15.900000,1,117.23,1,5.48,1,-113,-9.25,1920.99,7,0
10/29/2018 15:21:17 ,13,1,1.02000,1,2.15000,2.38000,51.058628,3.708136,1,122,1,16.399999,1,118.03,1,5.39,1,-113,-5.00,1971.32,7,1
10/29/2018 15:21:18 ,13,1,1.02000,1,2.15000,2.38000,51.058620,3.708153,1,1243,1,16.200000,1,117.68,1,4.93,1,-113,-5.00,1971.32,7,0
