10/29/2018 15:35:23 ,13,1,1.28000,1,2.31000,2.64000,51.065437,3.709700,1,3402,1,23.200000,1,0.00,1,0.15,1,0,0.00,-1067.45,0,0
10/29/2018 15:35:25 ,13,1,1.28000,1,2.31000,2.64000,51.065433,3.709701,1,4213,1,22.799999,1,0.00,1,0.09,1,0,0.00,-1067.45,0,0
10/29/2018 15:35:27 ,13,1,1.30000,1,2.68000,2.98000,51.065433,3.709701,1,4242,1,22.700000,1,0.00,1,0.13,1,0,0.00,-1067.45,0,0
10/29/2018 15:35:29 ,13,1,1.30000,1,2.68000,2.98000,51.065433,3.709701,1,4314,1,22.700000,1,0.00,1,0.24,1,0,0.00,-1067.45,0,0
10/29/2018 15:35:31 ,11,1,2.33000,1,3.38000,4.10000,51.065429,3.709702,1,10114,1,22.100000,1,0.00,1,0.17,1,0,0.00,-1067.45,0,0
10/29/2018 15:35:32 ,11,1,2.32000,1,3.38000,4.10000,51.065429,3.709702,1,1412,1,21.799999,1,0.00,1,0.19,1,122,-8.00,-3576.43,12,1
10/29/2018 15:35:33 ,11,1,2.32000,1,3.38000,4.10000,51.065425,3.709702,1,2202,1,21.500000,1,0.00,1,0.26,1,122,-8.00,-3576.43,12,0
10/29/2018 15:35:35 ,12,1,1.30000,1,2.68000,2.98000,51.065425,3.709682,1,2200,1,22.000000,1,237.19,1,3.17,1,122,-8.00,-3576.43,12,0
10/29/2018 15:35:37 ,13,1,1.28000,1,2.31000,2.64000,51.065425,3.709646,1,2212,1,22.200000,1,254.13,1,4.59,1,122,-8.00,-3576.43,12,0
10/29/2018 15:35:39 ,13,1,1.28000,1,2.31000,2.64000,51.065422,3.709609,1,2241,1,22.299999,1,259.30,1,4.69,1,122,-8.00,-3576.43,12,0
10/29/2018 15:35:41 ,13,1,1.28000,1,2.31000,2.64000,51.065414,3.709571,1,2313,1,21.799999,1,260.79,1,5.13,1,122,-8.00,-3576.43,12,0
10/29/2018 15:35:41 ,13,1,1.28000,1,2.31000,2.64000,51.065414,3.709571,1,3110,1,21.799999,1,260.79,1,5.13,1,123,-14.25,-2.36,12,1
10/29/2018 15:35:42 ,13,1,1.28000,1,2.31000,2.64000,51.065414,3.709550,1,3140,1,21.500000,1,263.66,1,5.00,1,123,-14.25,-2.36,12,0
10/29/2018 15:35:44 ,13,1,1.28000,1,2.31000,2.64000,51.065422,3.709507,1,3210,1,21.500000,1,280.99,1,5.52,1,123,-14.25,-2.36,12,0
10/29/2018 15:35:46 ,13,1,1.28000,1,2.31000,2.64000,51.065422,3.709465,1,3232,1,20.899999,1,282.81,1,5.72,1,123,-14.25,-2.36,12,0
10/29/2018 15:35:47 ,14,1,0.96000,1,1.83000,2.07000,51.065425,3.709443,1,3303,1,20.899999,1,275.48,1,5.50,1,123,-14.25,-2.36,12,0
10/29/2018 15:35:49 ,14,1,0.96000,1,1.83000,2.07000,51.065422,3.709403,1,3330,1,19.899999,1,266.85,1,4.85,1,123,-14.25,-2.36,12,0
10/29/2018 15:35:51 ,14,1,0.96000,1,1.83000,2.06000,51.065410,3.709373,1,3343,1,18.700000,1,261.40,1,3.04,1,123,-14.25,-2.36,12,0
10/29/2018 15:35:53 ,14,1,0.96000,1,1.83000,2.06000,51.065406,3.709356,1,3420,1,18.000000,1,270.49,1,1.72,1,123,-14.25,-2.36,12,0
10/29/2018 15:35:55 ,14,1,0.96000,1,1.83000,2.06000,51.065414,3.709353,1,4010,1,18.799999,1,330.90,1,0.28,1,123,-14.25,-2.36,12,0
10/29/2018 15:35:56 ,14,1,0.96000,1,1.83000,2.06000,51.065414,3.709353,1,4314,1,19.100000,1,330.90,1,0.11,1,123,-14.25,-2.36,12,0
10/29/2018 15:35:58 ,14,1,0.96000,1,1.83000,2.06000,51.065410,3.709353,1,4400,1,18.899999,1,330.90,1,0.44,1,123,-14.25,-2.36,12,0
10/29/2018 15:35:59 ,14,1,0.96000,1,1.83000,2.06000,51.065410,3.709353,1,10120,1,18.700000,1,330.90,1,0.30,1,123,-14.25,-2.36,12,0
10/29/2018 15:36:01 ,14,1,0.96000,1,1.83000,2.06000,51.065414,3.709353,1,10202,1,19.299999,1,330.90,1,0.06,1,123,-14.25,-2.36,12,0
10/29/2018 15:36:03 ,14,1,1.04000,1,1.84000,2.12000,51.065418,3.709352,1,10230,1,19.500000,1,330.90,1,0.30,1,123,-14.25,-2.36,12,0
10/29/2018 15:36:05 ,12,1,2.26000,1,3.27000,3.98000,51.065414,3.709353,1,11034,1,19.399999,1,330.90,1,0.46,1,123,-14.25,-2.36,12,0
10/29/2018 15:36:07 ,13,1,2.26000,1,3.27000,3.97000,51.065410,3.709353,1,11110,1,19.100000,1,330.90,1,0.30,1,123,-14.25,-2.36,12,0
10/29/2018 15:36:09 ,13,1,1.04000,1,1.84000,2.11000,51.065410,3.709353,1,11132,1,18.799999,1,330.90,1,0.24,1,123,-14.25,-2.36,12,0
10/29/2018 15:36:11 ,14,1,1.04000,1,1.84000,2.11000,51.065406,3.709352,1,11201,1,18.799999,1,330.90,1,0.19,1,123,-14.25,-2.36,12,0
10/29/2018 15:36:13 ,13,1,1.04000,1,1.84000,2.11000,51.065406,3.709351,1,11230,1,18.500000,1,330.90,1,0.15,1,123,-14.25,-2.36,12,0
10/29/2018 15:36:15 ,13,1,1.04000,1,1.84000,2.11000,51.065406,3.709351,1,330,1,18.500000,1,330.90,1,0.11,1,123,-14.25,-2.36,12,0
10/29/2018 15:36:16 ,13,1,1.04000,1,1.84000,2.11000,51.065402,3.709351,1,1021,1,18.299999,1,330.90,1,0.19,1,123,-14.25,-2.36,12,0
10/29/2018 15:36:17 ,13,1,1.04000,1,1.84000,2.11000,51.065406,3.709351,1,2200,1,18.500000,1,330.90,1,0.04,1,123,-14.25,-2.36,12,0
10/29/2018 15:36:18 ,13,1,1.04000,1,1.84000,2.11000,51.065406,3.709351,1,1213,1,18.500000,1,330.90,1,0.06,1,123,-13.50,-3532.91,12,1
10/29/2018 15:36:19 ,13,1,1.04000,1,1.83000,2.11000,51.065402,3.709351,1,2212,1,18.200000,1,330.90,1,0.09,1,123,-13.50,-3532.91,12,0
10/29/2018 15:36:21 ,13,1,1.04000,1,1.83000,2.11000,51.065402,3.709352,1,2233,1,18.000000,1,330.90,1,0.72,1,123,-13.50,-3532.91,12,0
10/29/2018 15:36:23 ,13,1,1.04000,1,1.83000,2.11000,51.065399,3.709353,1,2304,1,18.100000,1,330.90,1,0.22,1,123,-13.50,-3532.91,12,0
10/29/2018 15:36:25 ,13,1,1.04000,1,1.83000,2.11000,51.065399,3.709352,1,2324,1,17.700000,1,330.90,1,0.33,1,123,-13.50,-3532.91,12,0
10/29/2018 15:36:27 ,13,1,1.04000,1,1.83000,2.11000,51.065402,3.709345,1,2332,1,17.600000,1,318.25,1,2.00,1,123,-13.50,-3532.91,12,0
10/29/2018 15:36:29 ,13,1,1.04000,1,1.83000,2.10000,51.065418,3.709331,1,2401,1,16.899999,1,334.28,1,4.52,1,123,-13.50,-3532.91,12,0
10/29/2018 15:36:30 ,14,1,0.95000,1,1.82000,2.05000,51.065429,3.709320,1,3142,1,16.500000,1,331.62,1,5.89,1,123,-13.50,-3532.91,12,0
10/29/2018 15:36:32 ,14,1,0.95000,1,1.82000,2.05000,51.065448,3.709294,1,3223,1,16.600000,1,325.23,1,5.02,1,123,-13.50,-3532.91,12,0
10/29/2018 15:36:33 ,14,1,0.95000,1,1.82000,2.05000,51.065456,3.709278,1,4003,1,16.299999,1,316.95,1,5.22,1,123,-13.50,-3532.91,12,0
10/29/2018 15:36:35 ,14,1,0.95000,1,1.82000,2.05000,51.065444,3.709241,1,4040,1,13.300001,1,296.72,1,4.93,1,123,-13.50,-3532.91,12,0
10/29/2018 15:36:37 ,14,1,0.95000,1,1.81000,2.05000,51.065444,3.709217,1,4110,1,10.100001,1,326.75,1,3.70,1,123,-13.50,-3532.91,12,0
10/29/2018 15:36:39 ,14,1,0.95000,1,1.81000,2.05000,51.065456,3.709203,1,4402,1,8.700000,1,338.22,1,4.50,1,123,-13.50,-3532.91,12,0
10/29/2018 15:36:41 ,14,1,0.95000,1,1.81000,2.05000,51.065479,3.709193,1,4430,1,8.800001,1,344.71,1,4.24,1,123,-13.50,-3532.91,12,0
10/29/2018 15:36:42 ,14,1,0.95000,1,1.81000,2.05000,51.065490,3.709190,1,10014,1,8.700000,1,347.45,1,4.22,1,123,-13.50,-3532.91,12,0
10/29/2018 15:36:44 ,14,1,0.95000,1,1.81000,2.05000,51.065513,3.709180,1,10042,1,8.200000,1,346.42,1,5.41,1,123,-13.50,-3532.91,12,0
10/29/2018 15:36:45 ,14,1,0.95000,1,1.81000,2.05000,51.065528,3.709174,1,10442,1,8.100001,1,343.42,1,5.13,1,123,-15.50,-330.56,28,1
10/29/2018 15:36:45 ,14,1,0.95000,1,1.81000,2.05000,51.065528,3.709174,1,10442,1,8.100001,1,343.42,1,5.13,1,123,-15.50,-330.56,28,0
10/29/2018 15:36:47 ,14,1,0.95000,1,1.81000,2.05000,51.065547,3.709159,1,11032,1,7.400000,1,339.84,1,4.69,1,123,-15.50,-330.56,28,0
10/29/2018 15:36:49 ,14,1,0.95000,1,1.81000,2.05000,51.065570,3.709149,1,11111,1,6.500000,1,345.97,1,4.85,1,123,-15.50,-330.56,28,0
10/29/2018 15:36:51 ,14,1,1.02000,1,1.99000,2.23000,51.065597,3.709135,1,11131,1,6.600000,1,344.59,1,4.61,1,123,-15.50,-330.56,28,0
10/29/2018 15:36:53 ,14,1,1.02000,1,1.99000,2.23000,51.065620,3.709127,1,11202,1,6.700000,1,345.10,1,3.83,1,123,-15.50,-330.56,28,0
10/29/2018 15:36:55 ,14,1,1.02000,1,1.81000,2.04000,51.065647,3.709124,1,320,1,6.700000,1,351.55,1,4.72,1,123,-15.50,-330.56,28,0
10/29/2018 15:36:56 ,14,1,0.95000,1,1.81000,2.04000,51.065662,3.709120,1,1004,1,8.100001,1,352.19,1,4.93,1,123,-15.50,-330.56,28,0
10/29/2018 15:36:57 ,14,1,0.95000,1,1.81000,2.04000,51.065673,3.709115,1,2104,1,7.800000,1,349.77,1,4.52,1,123,-15.50,-330.56,28,0
10/29/2018 15:36:59 ,14,1,0.95000,1,1.81000,2.04000,51.065700,3.709107,1,2221,1,8.000000,1,350.29,1,4.94,1,123,-15.50,-330.56,28,0
10/29/2018 15:37:01 ,14,1,0.95000,1,1.81000,2.04000,51.065727,3.709097,1,2312,1,7.000000,1,349.19,1,4.83,1,123,-15.50,-330.56,28,0
10/29/2018 15:37:03 ,14,1,0.95000,1,1.81000,2.04000,51.065750,3.709085,1,2332,1,6.400000,1,348.26,1,4.30,1,123,-15.50,-330.56,28,0
10/29/2018 15:37:04 ,14,1,0.95000,1,1.81000,2.04000,51.065765,3.709081,1,3123,1,5.900000,1,348.26,1,4.91,1,123,-15.50,-330.56,28,0
10/29/2018 15:37:06 ,14,1,0.95000,1,1.80000,2.04000,51.065776,3.709086,1,3204,1,6.300000,1,36.13,1,2.89,1,123,-15.50,-330.56,28,0
10/29/2018 15:37:07 ,14,1,0.95000,1,1.80000,2.04000,51.065784,3.709098,1,4001,1,6.600000,1,46.30,1,4.74,1,123,-15.50,-330.56,28,0
10/29/2018 15:37:09 ,14,1,1.29000,1,2.30000,2.64000,51.065799,3.709124,1,4031,1,6.900000,1,62.08,1,4.04,1,123,-15.50,-330.56,28,0
10/29/2018 15:37:11 ,14,1,1.09000,1,2.28000,2.52000,51.065807,3.709142,1,4103,1,6.900000,1,58.74,1,1.50,1,123,-15.50,-330.56,28,0
10/29/2018 15:37:13 ,13,1,1.33000,1,2.58000,2.90000,51.065818,3.709150,1,2233,1,8.400000,1,28.28,1,0.98,1,123,-10.75,-3364.62,12,1
10/29/2018 15:37:13 ,13,1,1.33000,1,2.58000,2.90000,51.065818,3.709150,1,2233,1,8.400000,1,28.28,1,0.98,1,123,-10.75,-3364.62,12,0
10/29/2018 15:37:14 ,13,1,1.02000,1,1.98000,2.23000,51.065818,3.709150,1,2414,1,8.400000,1,28.28,1,0.13,1,123,-10.75,-3364.62,12,0
10/29/2018 15:37:16 ,13,1,1.02000,1,1.98000,2.22000,51.065822,3.709149,1,2432,1,9.600001,1,28.28,1,0.04,1,123,-10.75,-3364.62,12,0
10/29/2018 15:37:18 ,13,1,1.09000,1,2.27000,2.52000,51.065822,3.709151,1,3002,1,9.900000,1,28.28,1,0.31,1,123,-10.75,-3364.62,12,0
10/29/2018 15:37:20 ,14,1,1.35000,1,2.33000,2.69000,51.065830,3.709153,1,3030,1,12.700000,1,28.28,1,0.78,1,123,-10.75,-3364.62,12,0
10/29/2018 15:37:22 ,13,1,1.09000,1,2.27000,2.52000,51.065834,3.709153,1,3102,1,12.700000,1,28.28,1,0.93,1,123,-10.75,-3364.62,12,0
10/29/2018 15:37:22 ,13,1,1.09000,1,2.27000,2.52000,51.065834,3.709153,1,4042,1,12.700000,1,28.28,1,0.93,1,123,-10.50,-3377.20,12,1
10/29/2018 15:37:23 ,13,1,1.09000,1,2.27000,2.52000,51.065834,3.709152,1,4113,1,13.000000,1,28.28,1,0.07,1,123,-10.50,-3377.20,12,0
10/29/2018 15:37:25 ,13,1,1.02000,1,1.98000,2.22000,51.065826,3.709151,1,4141,1,12.400000,1,28.28,1,0.22,1,123,-10.50,-3377.20,12,0
10/29/2018 15:37:26 ,13,1,1.02000,1,1.98000,2.22000,51.065822,3.709151,1,4214,1,12.200000,1,28.28,1,0.22,1,123,-10.50,-3377.20,12,0
10/29/2018 15:37:28 ,14,1,1.09000,1,2.27000,2.51000,51.065822,3.709151,1,4240,1,11.700000,1,28.28,1,0.06,1,123,-10.50,-3377.20,12,0
10/29/2018 15:37:30 ,14,1,1.09000,1,2.27000,2.51000,51.065818,3.709152,1,4312,1,12.000000,1,28.28,1,0.44,1,123,-10.50,-3377.20,12,0
10/29/2018 15:37:31 ,14,1,1.00000,1,1.87000,2.12000,51.065814,3.709152,1,10312,1,11.700000,1,28.28,1,0.80,1,124,-12.00,-3360.95,12,1
10/29/2018 15:37:31 ,14,1,1.00000,1,1.87000,2.12000,51.065814,3.709152,1,10312,1,11.700000,1,28.28,1,0.80,1,124,-12.00,-3360.95,12,0
10/29/2018 15:37:33 ,13,1,1.02000,1,1.97000,2.22000,51.065814,3.709153,1,10410,1,11.700000,1,28.28,1,0.04,1,124,-12.00,-3360.95,12,0
10/29/2018 15:37:35 ,13,1,1.09000,1,2.26000,2.51000,51.065818,3.709155,1,10440,1,12.400000,1,28.28,1,0.11,1,124,-12.00,-3360.95,12,0
10/29/2018 15:37:37 ,13,1,1.09000,1,2.26000,2.51000,51.065818,3.709157,1,11230,1,13.000000,1,28.28,1,0.50,1,124,-12.00,-3360.95,12,0
10/29/2018 15:37:39 ,13,1,1.09000,1,2.26000,2.51000,51.065822,3.709156,1,412,1,13.000000,1,28.28,1,0.41,1,124,-12.00,-3360.95,12,0
10/29/2018 15:37:40 ,12,1,1.09000,1,2.26000,2.51000,51.065822,3.709157,1,1103,1,13.500000,1,28.28,1,0.93,1,124,-12.00,-3360.95,12,0
10/29/2018 15:37:41 ,12,1,1.09000,1,2.26000,2.51000,51.065822,3.709158,1,3000,1,13.200000,1,28.28,1,0.50,1,124,-12.00,-3360.95,12,0
10/29/2018 15:37:42 ,13,1,1.09000,1,2.26000,2.51000,51.065822,3.709159,1,3004,1,13.000000,1,11.16,1,1.02,1,124,-12.00,-3360.95,12,0
10/29/2018 15:37:44 ,13,1,1.09000,1,2.26000,2.51000,51.065822,3.709164,1,3102,1,12.400000,1,11.16,1,0.13,1,124,-12.00,-3360.95,12,0
10/29/2018 15:37:46 ,13,1,1.09000,1,2.26000,2.51000,51.065818,3.709169,1,3122,1,11.700000,1,11.16,1,0.13,1,124,-12.00,-3360.95,12,0
10/29/2018 15:37:47 ,14,1,1.02000,1,1.97000,2.21000,51.065818,3.709171,1,3414,1,11.700000,1,11.16,1,0.20,1,124,-12.00,-3360.95,12,0
10/29/2018 15:37:49 ,14,1,1.02000,1,1.97000,2.21000,51.065814,3.709174,1,3441,1,11.400000,1,11.16,1,0.00,1,124,-12.00,-3360.95,12,0
10/29/2018 15:37:50 ,14,1,0.95000,1,1.79000,2.03000,51.065814,3.709176,1,331,1,11.100001,1,11.16,1,0.17,1,-125,-13.25,-3363.05,12,1
10/29/2018 15:37:51 ,14,1,1.09000,1,2.26000,2.50000,51.065811,3.709176,1,2104,1,10.900000,1,11.16,1,0.06,1,-125,-13.25,-3363.05,12,0
10/29/2018 15:37:52 ,14,1,0.95000,1,1.79000,2.02000,51.065811,3.709176,1,2310,1,10.600001,1,11.16,1,0.52,1,-125,-13.25,-3363.05,12,0
10/29/2018 15:37:54 ,14,1,0.95000,1,1.79000,2.02000,51.065803,3.709177,1,2341,1,10.400000,1,11.16,1,0.85,1,-125,-13.25,-3363.05,12,0
10/29/2018 15:37:56 ,14,1,1.09000,1,2.25000,2.50000,51.065799,3.709180,1,2413,1,9.500000,1,11.16,1,0.09,1,-125,-13.25,-3363.05,12,0
10/29/2018 15:37:58 ,14,1,1.09000,1,2.25000,2.50000,51.065799,3.709181,1,2433,1,8.800001,1,11.16,1,0.59,1,-125,-13.25,-3363.05,12,0
10/29/2018 15:37:59 ,14,1,1.01000,1,1.96000,2.21000,51.065799,3.709180,1,2101,1,8.900000,1,11.16,1,0.17,1,123,-12.00,-3375.63,12,1
10/29/2018 15:38:00 ,14,1,0.95000,1,1.79000,2.02000,51.065799,3.709180,1,2312,1,9.000000,1,11.16,1,0.93,1,123,-12.00,-3375.63,12,0
10/29/2018 15:38:02 ,14,1,1.09000,1,2.25000,2.50000,51.065799,3.709183,1,2401,1,8.900000,1,11.16,1,0.15,1,123,-12.00,-3375.63,12,0
10/29/2018 15:38:04 ,14,1,1.09000,1,2.25000,2.50000,51.065799,3.709182,1,2423,1,8.800001,1,11.16,1,0.04,1,123,-12.00,-3375.63,12,0
10/29/2018 15:38:06 ,14,1,1.09000,1,2.25000,2.50000,51.065795,3.709177,1,2422,1,8.300001,1,297.96,1,2.09,1,123,-12.00,-3375.63,12,0
10/29/2018 15:38:08 ,14,1,1.09000,1,2.25000,2.50000,51.065795,3.709171,1,3022,1,8.300001,1,297.96,1,0.78,1,123,-12.00,-3375.63,12,0
10/29/2018 15:38:10 ,14,1,1.09000,1,2.25000,2.50000,51.065799,3.709176,1,3043,1,8.200000,1,297.96,1,0.15,1,123,-12.00,-3375.63,12,0
10/29/2018 15:38:12 ,14,1,1.09000,1,2.24000,2.49000,51.065795,3.709177,1,3341,1,8.000000,1,297.96,1,0.02,1,123,-12.00,-3375.63,12,0
10/29/2018 15:38:14 ,14,1,1.09000,1,2.24000,2.49000,51.065795,3.709173,1,3412,1,7.800000,1,297.96,1,0.02,1,123,-12.00,-3375.63,12,0
10/29/2018 15:38:15 ,14,1,1.09000,1,2.24000,2.49000,51.065792,3.709173,1,4144,1,7.500000,1,297.96,1,0.17,1,123,-12.00,-3375.63,12,0
10/29/2018 15:38:17 ,14,1,1.09000,1,2.24000,2.49000,51.065792,3.709172,1,4222,1,6.700000,1,297.96,1,0.11,1,123,-12.00,-3375.63,12,0
10/29/2018 15:38:19 ,13,1,1.09000,1,2.24000,2.49000,51.065792,3.709172,1,4243,1,6.400000,1,297.96,1,0.65,1,123,-12.00,-3375.63,12,0
10/29/2018 15:38:21 ,13,1,1.09000,1,2.24000,2.49000,51.065792,3.709168,1,10023,1,6.400000,1,321.71,1,2.28,1,123,-12.00,-3375.63,12,0
10/29/2018 15:38:23 ,13,1,1.09000,1,2.24000,2.49000,51.065788,3.709169,1,10132,1,6.100000,1,321.71,1,0.37,1,123,-12.00,-3375.63,12,0
10/29/2018 15:38:25 ,14,1,1.09000,1,2.24000,2.49000,51.065784,3.709169,1,10142,1,6.100000,1,321.71,1,0.13,1,123,-12.00,-3375.63,12,0
10/29/2018 15:38:26 ,14,1,1.09000,1,2.24000,2.49000,51.065784,3.709169,1,11421,1,6.200000,1,321.71,1,0.35,1,-125,-14.25,-3385.07,12,1
10/29/2018 15:38:26 ,14,1,1.09000,1,2.24000,2.49000,51.065784,3.709169,1,11421,1,6.200000,1,321.71,1,0.35,1,-125,-14.25,-3385.07,12,0
10/29/2018 15:38:28 ,13,1,1.09000,1,2.24000,2.49000,51.065784,3.709169,1,1141,1,6.000000,1,321.71,1,0.31,1,-125,-14.25,-3385.07,12,0
10/29/2018 15:38:29 ,14,1,1.01000,1,1.95000,2.20000,51.065780,3.709169,1,2240,1,5.900000,1,321.71,1,0.13,1,-125,-14.25,-3385.07,12,0
10/29/2018 15:38:31 ,13,1,1.01000,1,1.95000,2.20000,51.065784,3.709166,1,2311,1,6.000000,1,321.71,1,0.22,1,-125,-14.25,-3385.07,12,0
10/29/2018 15:38:33 ,13,1,1.01000,1,1.95000,2.20000,51.065784,3.709164,1,2341,1,5.800000,1,321.71,1,0.39,1,-125,-14.25,-3385.07,12,0
10/29/2018 15:38:35 ,13,1,1.09000,1,2.23000,2.48000,51.065788,3.709161,1,2414,1,5.700000,1,321.71,1,0.06,1,-125,-14.25,-3385.07,12,0
10/29/2018 15:38:36 ,13,1,1.09000,1,2.23000,2.48000,51.065788,3.709160,1,201,1,5.600000,1,321.71,1,0.07,1,122,-10.00,-3358.85,12,1
10/29/2018 15:38:37 ,13,1,1.09000,1,2.23000,2.48000,51.065788,3.709161,1,1320,1,5.800000,1,321.71,1,0.19,1,122,-10.00,-3358.85,12,0
10/29/2018 15:38:39 ,14,1,1.09000,1,2.23000,2.48000,51.065792,3.709162,1,2221,1,5.800000,1,342.48,1,2.54,1,122,-10.00,-3358.85,12,0
10/29/2018 15:38:41 ,13,1,1.09000,1,2.23000,2.48000,51.065814,3.709153,1,2311,1,5.600000,1,349.13,1,5.67,1,122,-10.00,-3358.85,12,0
10/29/2018 15:38:43 ,13,1,1.09000,1,2.23000,2.48000,51.065837,3.709146,1,2340,1,5.200000,1,352.22,1,3.93,1,122,-10.00,-3358.85,12,0
10/29/2018 15:38:45 ,13,1,1.10000,1,1.95000,2.23000,51.065860,3.709140,1,1411,1,4.400000,1,351.83,1,4.89,1,123,-12.00,-3339.98,12,1
10/29/2018 15:38:45 ,13,1,1.10000,1,1.95000,2.23000,51.065860,3.709140,1,1411,1,4.400000,1,351.83,1,4.89,1,123,-12.00,-3339.98,12,0
10/29/2018 15:38:46 ,13,1,1.21000,1,2.24000,2.55000,51.065876,3.709138,1,3044,1,4.500000,1,357.04,1,4.85,1,123,-12.00,-3339.98,12,0
10/29/2018 15:38:48 ,13,1,1.01000,1,1.94000,2.19000,51.065895,3.709132,1,3122,1,4.400000,1,348.41,1,2.82,1,123,-12.00,-3339.98,12,0
10/29/2018 15:38:49 ,13,1,1.01000,1,1.94000,2.19000,51.065902,3.709126,1,3411,1,4.100000,1,342.43,1,3.06,1,123,-12.00,-3339.98,12,0
10/29/2018 15:38:51 ,14,1,1.01000,1,1.94000,2.19000,51.065906,3.709118,1,3433,1,4.200000,1,318.38,1,1.54,1,123,-12.00,-3339.98,12,0
10/29/2018 15:38:53 ,13,1,1.09000,1,2.22000,2.48000,51.065906,3.709118,1,4010,1,4.500000,1,196.79,1,0.72,1,123,-12.00,-3339.98,12,0
10/29/2018 15:38:55 ,12,1,1.09000,1,2.22000,2.47000,51.065910,3.709118,1,4331,1,4.300000,1,196.79,1,0.04,1,123,-12.00,-3339.98,12,0
10/29/2018 15:38:57 ,12,1,1.09000,1,2.22000,2.47000,51.065910,3.709117,1,4403,1,3.900000,1,196.79,1,0.09,1,123,-12.00,-3339.98,12,0
10/29/2018 15:38:59 ,12,1,1.09000,1,2.22000,2.47000,51.065914,3.709119,1,4414,1,3.400000,1,196.79,1,0.30,1,123,-12.00,-3339.98,12,0
10/29/2018 15:39:01 ,12,1,1.09000,1,2.22000,2.47000,51.065914,3.709118,1,10011,1,4.000000,1,196.79,1,0.19,1,123,-12.00,-3339.98,12,0
10/29/2018 15:39:03 ,12,1,1.09000,1,2.22000,2.47000,51.065917,3.709117,1,4443,1,4.100000,1,196.79,1,0.39,1,123,-12.00,-3403.42,12,1
10/29/2018 15:39:03 ,12,1,1.09000,1,2.22000,2.47000,51.065917,3.709117,1,4443,1,4.100000,1,196.79,1,0.39,1,123,-12.00,-3403.42,12,0
10/29/2018 15:39:05 ,12,1,1.09000,1,2.22000,2.47000,51.065914,3.709120,1,10041,1,4.100000,1,196.79,1,0.22,1,123,-12.00,-3403.42,12,0
10/29/2018 15:39:07 ,13,1,1.09000,1,2.22000,2.47000,51.065914,3.709120,1,10102,1,4.400000,1,196.79,1,0.19,1,123,-12.00,-3403.42,12,0
10/29/2018 15:39:09 ,14,1,1.01000,1,1.94000,2.19000,51.065914,3.709120,1,10132,1,5.200000,1,196.79,1,1.11,1,123,-12.00,-3403.42,12,0
10/29/2018 15:39:11 ,13,1,1.01000,1,1.94000,2.18000,51.065914,3.709139,1,10134,1,4.900000,1,115.27,1,4.04,1,123,-12.00,-3403.42,12,0
10/29/2018 15:39:13 ,13,1,1.09000,1,2.21000,2.47000,51.065929,3.709167,1,10212,1,4.600000,1,63.01,1,5.19,1,123,-12.00,-3403.42,12,0
10/29/2018 15:39:15 ,13,1,1.09000,1,2.21000,2.47000,51.065948,3.709192,1,10240,1,4.200000,1,42.70,1,4.76,1,123,-12.00,-3403.42,12,0
10/29/2018 15:39:17 ,13,1,1.34000,1,1.95000,2.37000,51.065963,3.709217,1,10314,1,3.900000,1,27.19,1,4.83,1,123,-12.00,-3403.42,12,0
10/29/2018 15:39:19 ,13,1,1.01000,1,1.93000,2.18000,51.065979,3.709247,1,11104,1,3.800000,1,24.77,1,4.67,1,123,-12.00,-3403.42,12,0
10/29/2018 15:39:21 ,12,1,1.09000,1,2.21000,2.46000,51.065994,3.709275,1,11134,1,4.000000,1,57.09,1,5.26,1,123,-12.00,-3403.42,12,0
10/29/2018 15:39:23 ,12,1,1.09000,1,2.21000,2.46000,51.066005,3.709312,1,340,1,4.000000,1,60.08,1,5.41,1,123,-12.00,-3403.42,12,0
10/29/2018 15:39:24 ,12,1,1.09000,1,2.21000,2.46000,51.066013,3.709321,1,1113,1,3.700000,1,55.34,1,4.35,1,123,-12.00,-3403.42,12,0
10/29/2018 15:39:25 ,12,1,1.09000,1,2.21000,2.46000,51.066017,3.709342,1,2234,1,3.900000,1,60.69,1,4.87,1,123,-12.00,-3403.42,12,0
10/29/2018 15:39:27 ,13,1,1.01000,1,1.93000,2.18000,51.066020,3.709390,1,2303,1,4.300000,1,63.49,1,4.85,1,123,-12.00,-3403.42,12,0
10/29/2018 15:39:29 ,13,1,1.01000,1,1.93000,2.18000,51.066020,3.709449,1,3100,1,5.300000,1,77.35,1,5.89,1,123,-12.00,-3403.42,12,0
10/29/2018 15:39:31 ,13,1,1.01000,1,1.93000,2.18000,51.066020,3.709499,1,3130,1,5.900000,1,69.50,1,5.19,1,123,-12.00,-3403.42,12,0
10/29/2018 15:39:33 ,13,1,1.01000,1,1.93000,2.18000,51.066024,3.709546,1,3200,1,6.400000,1,60.20,1,5.46,1,123,-12.00,-3403.42,12,0
10/29/2018 15:39:35 ,12,1,1.09000,1,2.20000,2.46000,51.066040,3.709582,1,3221,1,6.700000,1,58.69,1,5.56,1,123,-12.00,-3403.42,12,0
10/29/2018 15:39:37 ,13,1,1.01000,1,1.93000,2.18000,51.066047,3.709617,1,3240,1,6.500000,1,55.26,1,4.70,1,123,-12.00,-3403.42,12,0
10/29/2018 15:39:39 ,14,1,1.01000,1,1.92000,2.17000,51.066055,3.709655,1,3310,1,6.600000,1,54.91,1,4.80,1,123,-12.00,-3403.42,12,0
10/29/2018 15:39:40 ,13,1,1.01000,1,1.92000,2.17000,51.066059,3.709679,1,3343,1,7.100000,1,57.57,1,5.13,1,123,-12.00,-3403.42,12,0
10/29/2018 15:39:42 ,13,1,1.01000,1,1.92000,2.17000,51.066059,3.709726,1,3412,1,7.000000,1,78.91,1,6.54,1,123,-12.00,-3403.42,12,0
10/29/2018 15:39:44 ,12,1,1.09000,1,2.20000,2.45000,51.066066,3.709767,1,3442,1,7.200000,1,68.64,1,5.04,1,123,-12.00,-3403.42,12,0
10/29/2018 15:39:46 ,12,1,1.09000,1,2.19000,2.45000,51.066078,3.709797,1,4014,1,7.400000,1,52.01,1,4.59,1,123,-12.00,-3403.42,12,0
10/29/2018 15:39:48 ,12,1,1.09000,1,2.19000,2.45000,51.066085,3.709845,1,4034,1,8.100001,1,43.88,1,5.02,1,123,-12.00,-3403.42,12,0
10/29/2018 15:39:49 ,12,1,1.09000,1,2.19000,2.45000,51.066089,3.709865,1,4230,1,8.400000,1,50.26,1,5.07,1,-125,-14.25,-3265.00,12,1
10/29/2018 15:39:49 ,12,1,1.09000,1,2.19000,2.45000,51.066089,3.709865,1,4230,1,8.400000,1,50.26,1,5.07,1,-125,-14.25,-3265.00,12,0
10/29/2018 15:39:51 ,11,1,1.63000,1,2.22000,2.75000,51.066097,3.709907,1,4333,1,8.300001,1,67.85,1,5.50,1,-125,-14.25,-3265.00,12,0
10/29/2018 15:39:53 ,11,1,1.63000,1,2.22000,2.75000,51.066101,3.709955,1,10131,1,8.900000,1,66.13,1,5.61,1,-125,-14.25,-3265.00,12,0
10/29/2018 15:39:55 ,12,1,1.09000,1,2.19000,2.45000,51.066104,3.710000,1,10201,1,9.200000,1,71.74,1,4.85,1,-125,-14.25,-3265.00,12,0
10/29/2018 15:39:56 ,12,1,1.09000,1,2.19000,2.45000,51.066108,3.710021,1,11002,1,9.600001,1,65.16,1,5.15,1,-125,-14.25,-3265.00,12,0
10/29/2018 15:39:58 ,13,1,1.01000,1,1.92000,2.17000,51.066112,3.710069,1,11014,1,10.200000,1,72.22,1,5.59,1,-125,-14.25,-3265.00,12,0
10/29/2018 15:40:00 ,13,1,1.01000,1,1.92000,2.17000,51.066112,3.710122,1,11040,1,10.700000,1,74.07,1,5.85,1,-125,-14.25,-3265.00,12,0
10/29/2018 15:40:03 ,13,1,1.01000,1,1.92000,2.17000,51.066108,3.710212,1,203,1,10.900000,1,77.51,1,5.94,1,-125,-14.25,-3265.00,12,0
10/29/2018 15:40:04 ,13,1,1.01000,1,1.91000,2.17000,51.066104,3.710240,1,441,1,11.700000,1,76.53,1,5.54,1,-125,-14.25,-3265.00,12,0
10/29/2018 15:40:05 ,13,1,1.01000,1,1.91000,2.17000,51.066104,3.710266,1,2103,1,11.800001,1,76.26,1,5.59,1,-125,-14.25,-3265.00,12,0
10/29/2018 15:40:07 ,13,1,1.01000,1,1.91000,2.16000,51.066108,3.710318,1,2301,1,12.100001,1,78.73,1,5.94,1,-125,-14.25,-3265.00,12,0
10/29/2018 15:40:09 ,13,1,1.01000,1,1.91000,2.16000,51.066112,3.710366,1,2330,1,12.500000,1,75.21,1,5.46,1,-125,-14.25,-3265.00,12,0
10/29/2018 15:40:11 ,13,1,1.01000,1,1.91000,2.16000,51.066120,3.710401,1,2400,1,12.100001,1,65.86,1,3.44,1,-125,-14.25,-3265.00,12,0
10/29/2018 15:40:13 ,14,1,0.94000,1,1.74000,1.98000,51.066123,3.710410,1,2421,1,12.300001,1,344.01,1,2.39,1,-125,-14.25,-3265.00,12,0
10/29/2018 15:40:14 ,14,1,0.94000,1,1.74000,1.97000,51.066127,3.710409,1,3001,1,12.500000,1,334.90,1,3.57,1,-125,-14.25,-3265.00,12,0
10/29/2018 15:40:16 ,14,1,0.94000,1,1.74000,1.97000,51.066143,3.710399,1,3031,1,12.700000,1,332.39,1,4.61,1,-125,-14.25,-3265.00,12,0
10/29/2018 15:40:18 ,13,1,0.95000,1,2.11000,2.32000,51.066154,3.710392,1,3100,1,13.200000,1,327.62,1,4.09,1,-125,-14.25,-3265.00,12,0
10/29/2018 15:40:20 ,14,1,0.94000,1,1.73000,1.97000,51.066150,3.710398,1,3200,1,13.600001,1,327.62,1,1.19,1,-125,-14.25,-3265.00,12,0
10/29/2018 15:40:22 ,14,1,0.94000,1,1.73000,1.97000,51.066154,3.710402,1,3221,1,14.000000,1,327.62,1,1.78,1,-125,-14.25,-3265.00,12,0
10/29/2018 15:40:24 ,14,1,0.94000,1,1.73000,1.97000,51.066162,3.710393,1,3242,1,14.200000,1,327.62,1,1.46,1,-125,-14.25,-3265.00,12,0
10/29/2018 15:40:26 ,14,1,0.94000,1,1.73000,1.97000,51.066173,3.710379,1,3244,1,14.400000,1,324.55,1,3.72,1,-125,-14.25,-3265.00,12,0
10/29/2018 15:40:27 ,14,1,0.94000,1,1.73000,1.97000,51.066177,3.710378,1,4103,1,14.600001,1,324.55,1,2.30,1,-125,-14.25,-3265.00,12,0
10/29/2018 15:40:29 ,14,1,0.99000,1,1.88000,2.13000,51.066192,3.710364,1,4141,1,14.600001,1,324.55,1,1.87,1,-125,-14.25,-3265.00,12,0
10/29/2018 15:40:30 ,14,1,0.94000,1,1.73000,1.97000,51.066196,3.710354,1,4440,1,14.600001,1,324.55,1,1.91,1,-125,-14.25,-3265.00,12,0
10/29/2018 15:40:32 ,14,1,0.99000,1,1.88000,2.13000,51.066211,3.710327,1,10013,1,14.600001,1,324.55,1,1.96,1,-125,-14.25,-3265.00,12,0
10/29/2018 15:40:34 ,13,1,1.04000,1,1.89000,2.15000,51.066226,3.710307,1,10043,1,14.300001,1,324.55,1,1.93,1,-125,-14.25,-3265.00,12,0
10/29/2018 15:40:36 ,13,1,1.04000,1,1.88000,2.15000,51.066246,3.710291,1,10332,1,13.900000,1,334.14,1,1.15,1,-125,-14.25,-3265.00,12,0
10/29/2018 15:40:38 ,14,1,0.94000,1,1.73000,1.97000,51.066272,3.710277,1,10322,1,13.900000,1,340.54,1,3.76,1,-125,-14.25,-3265.00,12,0
10/29/2018 15:40:40 ,14,1,1.31000,1,2.28000,2.63000,51.066287,3.710261,1,10402,1,13.600001,1,336.10,1,1.11,1,-125,-14.25,-3265.00,12,0
10/29/2018 15:40:42 ,14,1,1.31000,1,2.28000,2.63000,51.066295,3.710249,1,10422,1,13.700000,1,271.29,1,2.50,1,-125,-14.25,-3265.00,12,0
10/29/2018 15:40:44 ,14,1,0.94000,1,1.73000,1.96000,51.066291,3.710221,1,11001,1,12.900000,1,257.28,1,3.57,1,-125,-14.25,-3265.00,12,0
10/29/2018 15:40:46 ,14,1,0.94000,1,1.72000,1.96000,51.066284,3.710211,1,11024,1,12.200000,1,183.15,1,3.54,1,-125,-14.25,-3265.00,12,0
10/29/2018 15:40:48 ,14,1,0.94000,1,1.72000,1.96000,51.066280,3.710221,1,11042,1,11.300001,1,171.32,1,2.07,1,-125,-14.25,-3265.00,12,0
10/29/2018 15:40:50 ,14,1,0.94000,1,1.72000,1.96000,51.066276,3.710258,1,11122,1,11.900000,1,124.52,1,6.72,1,-125,-14.25,-3265.00,12,0
10/29/2018 15:40:52 ,14,1,0.94000,1,1.72000,1.96000,51.066280,3.710297,1,11203,1,11.800001,1,101.77,1,3.82,1,-125,-14.25,-3265.00,12,0
10/29/2018 15:40:53 ,14,1,0.94000,1,1.72000,1.96000,51.066284,3.710304,1,11424,1,11.700000,1,82.45,1,1.94,1,-125,-14.25,-3265.00,12,0
10/29/2018 15:40:55 ,14,1,0.94000,1,1.72000,1.96000,51.066291,3.710315,1,112,1,12.200000,1,62.95,1,0.70,1,-125,-14.25,-3265.00,12,0
10/29/2018 15:40:56 ,14,1,1.07000,1,1.85000,2.14000,51.066295,3.710323,1,1240,1,12.300001,1,62.95,1,2.07,1,-125,-14.25,-3265.00,12,0
10/29/2018 15:40:57 ,14,1,0.94000,1,1.72000,1.96000,51.066303,3.710340,1,2211,1,12.400000,1,62.27,1,4.11,1,-125,-14.25,-3265.00,12,0
10/29/2018 15:40:59 ,14,1,1.31000,1,2.27000,2.62000,51.066303,3.710360,1,2313,1,12.200000,1,59.69,1,2.20,1,-125,-14.25,-3265.00,12,0
10/29/2018 15:41:01 ,13,1,1.31000,1,2.27000,2.62000,51.066303,3.710394,1,3100,1,11.700000,1,84.63,1,3.74,1,-125,-14.25,-3265.00,12,0
10/29/2018 15:41:03 ,13,1,1.31000,1,2.27000,2.62000,51.066310,3.710418,1,3131,1,11.000000,1,60.26,1,3.74,1,-125,-14.25,-3265.00,12,0
10/29/2018 15:41:04 ,13,1,1.31000,1,2.27000,2.62000,51.066322,3.710442,1,3423,1,11.100001,1,56.82,1,5.59,1,-125,-14.25,-3265.00,12,0
10/29/2018 15:41:05 ,13,1,1.31000,1,2.27000,2.62000,51.066333,3.710460,1,3444,1,10.700000,1,52.42,1,5.07,1,-125,-14.25,-3265.00,12,0
10/29/2018 15:41:07 ,13,1,1.31000,1,2.27000,2.62000,51.066345,3.710489,1,4021,1,10.500000,1,50.95,1,2.78,1,-125,-14.25,-3265.00,12,0
10/29/2018 15:41:09 ,13,1,1.31000,1,2.27000,2.62000,51.066349,3.710510,1,4044,1,8.600001,1,46.29,1,2.70,1,-125,-14.25,-3265.00,12,0
10/29/2018 15:41:10 ,13,1,1.35000,1,2.56000,2.89000,51.066349,3.710520,1,4344,1,7.800000,1,49.21,1,2.30,1,-125,-14.25,-3265.00,12,0
10/29/2018 15:41:12 ,13,1,1.31000,1,2.27000,2.62000,51.066360,3.710551,1,4420,1,7.400000,1,57.67,1,3.76,1,-125,-14.25,-3265.00,12,0
10/29/2018 15:41:14 ,13,1,1.31000,1,2.27000,2.62000,51.066368,3.710576,1,4444,1,6.600000,1,60.54,1,2.80,1,-125,-14.25,-3265.00,12,0
10/29/2018 15:41:16 ,12,1,1.38000,1,2.28000,2.67000,51.066375,3.710596,1,10022,1,5.900000,1,47.38,1,2.89,1,-125,-14.25,-3265.00,12,0
10/29/2018 15:41:18 ,13,1,1.31000,1,2.27000,2.62000,51.066390,3.710623,1,10042,1,5.800000,1,52.92,1,4.63,1,-125,-14.25,-3265.00,12,0
10/29/2018 15:41:20 ,13,1,1.31000,1,2.27000,2.62000,51.066398,3.710644,1,10114,1,5.100000,1,50.37,1,3.00,1,-125,-14.25,-3265.00,12,0
10/29/2018 15:41:22 ,12,1,1.38000,1,2.28000,2.67000,51.066410,3.710667,1,10142,1,4.500000,1,46.03,1,3.11,1,-125,-14.25,-3265.00,12,0
10/29/2018 15:41:24 ,13,1,0.99000,1,1.77000,2.03000,51.066425,3.710685,1,10212,1,4.100000,1,24.72,1,2.83,1,-125,-14.25,-3265.00,12,0
10/29/2018 15:41:26 ,13,1,0.99000,1,1.77000,2.03000,51.066448,3.710691,1,10240,1,4.500000,1,12.19,1,2.82,1,-125,-14.25,-3265.00,12,0
10/29/2018 15:41:28 ,13,1,0.99000,1,1.77000,2.02000,51.066478,3.710692,1,10302,1,5.900000,1,346.38,1,4.69,1,-125,-14.25,-3265.00,12,0
10/29/2018 15:41:30 ,13,1,0.99000,1,1.77000,2.02000,51.066505,3.710672,1,10324,1,6.000000,1,327.54,1,4.59,1,-125,-14.25,-3265.00,12,0
10/29/2018 15:41:32 ,13,1,0.99000,1,1.77000,2.02000,51.066528,3.710653,1,10420,1,6.200000,1,324.70,1,4.59,1,-125,-14.25,-3265.00,12,0
10/29/2018 15:41:34 ,13,1,0.99000,1,1.77000,2.02000,51.066551,3.710636,1,11203,1,7.200000,1,326.52,1,4.02,1,-125,-14.25,-3265.00,12,0
10/29/2018 15:41:36 ,13,1,1.22000,1,2.22000,2.53000,51.066574,3.710613,1,34,1,7.300000,1,318.24,1,4.67,1,-125,-14.25,-3265.00,12,0
10/29/2018 15:41:37 ,13,1,1.39000,1,2.22000,2.53000,51.066581,3.710600,1,210,1,7.800000,1,313.85,1,4.65,1,-125,-14.25,-3265.00,12,0
10/29/2018 15:41:38 ,14,1,1.04000,1,1.86000,2.13000,51.066596,3.710585,1,2241,1,9.000000,1,313.33,1,5.30,1,-125,-14.25,-3265.00,12,0
10/29/2018 15:41:40 ,14,1,0.94000,1,1.70000,1.94000,51.066616,3.710555,1,2320,1,9.800001,1,307.66,1,4.41,1,-125,-14.25,-3265.00,12,0
10/29/2018 15:41:42 ,14,1,0.94000,1,1.70000,1.94000,51.066638,3.710533,1,2340,1,9.900000,1,322.42,1,3.78,1,-125,-14.25,-3265.00,12,0
10/29/2018 15:41:44 ,14,1,0.93000,1,1.70000,1.94000,51.066650,3.710509,1,3141,1,7.800000,1,317.57,1,3.59,1,-125,-14.25,-3265.00,12,0
10/29/2018 15:41:46 ,14,1,1.04000,1,1.86000,2.13000,51.066661,3.710479,1,3212,1,8.200000,1,307.23,1,4.28,1,-125,-14.25,-3265.00,12,0
10/29/2018 15:41:47 ,14,1,0.93000,1,1.70000,1.94000,51.066665,3.710469,1,3232,1,6.300000,1,316.14,1,3.44,1,-125,-14.25,-3265.00,12,0
10/29/2018 15:41:49 ,14,1,0.93000,1,1.70000,1.94000,51.066677,3.710440,1,3303,1,6.300000,1,308.46,1,4.46,1,-125,-14.25,-3265.00,12,0
10/29/2018 15:41:51 ,14,1,0.93000,1,1.70000,1.94000,51.066688,3.710415,1,3331,1,5.800000,1,304.71,1,3.67,1,-125,-14.25,-3265.00,12,0
10/29/2018 15:41:53 ,13,1,1.04000,1,1.86000,2.13000,51.066699,3.710382,1,3404,1,6.100000,1,297.00,1,4.65,1,-125,-14.25,-3265.00,12,0
10/29/2018 15:41:55 ,14,1,0.93000,1,1.70000,1.94000,51.066707,3.710348,1,3422,1,5.700000,1,291.26,1,4.82,1,-125,-14.25,-3265.00,12,0
10/29/2018 15:41:57 ,13,1,0.99000,1,1.76000,2.01000,51.066719,3.710313,1,4003,1,5.300000,1,295.42,1,4.70,1,-125,-14.25,-3265.00,12,0
10/29/2018 15:41:59 ,13,1,0.99000,1,1.75000,2.01000,51.066730,3.710277,1,4023,1,5.600000,1,293.34,1,4.76,1,-125,-14.25,-3265.00,12,0
10/29/2018 15:42:01 ,12,1,1.39000,1,2.27000,2.66000,51.066741,3.710244,1,4123,1,5.600000,1,296.57,1,4.00,1,-125,-14.25,-3265.00,12,0
10/29/2018 15:42:03 ,13,1,0.99000,1,1.75000,2.01000,51.066749,3.710215,1,4132,1,6.200000,1,293.74,1,4.13,1,-125,-14.25,-3265.00,12,0
10/29/2018 15:42:05 ,12,1,1.21000,1,2.20000,2.51000,51.066761,3.710185,1,4211,1,6.400000,1,290.90,1,3.65,1,-125,-14.25,-3265.00,12,0
10/29/2018 15:42:07 ,12,1,1.21000,1,2.20000,2.51000,51.066772,3.710152,1,4301,1,7.200000,1,294.75,1,3.83,1,-125,-14.25,-3265.00,12,0
10/29/2018 15:42:08 ,12,1,1.21000,1,2.20000,2.51000,51.066776,3.710136,1,10043,1,7.300000,1,297.94,1,4.61,1,-125,-14.25,-3265.00,12,0
10/29/2018 15:42:10 ,12,1,1.21000,1,2.20000,2.51000,51.066787,3.710103,1,10120,1,7.100000,1,300.59,1,4.78,1,-125,-14.25,-3265.00,12,0
10/29/2018 15:42:11 ,11,1,1.72000,1,2.26000,2.84000,51.066795,3.710086,1,10410,1,7.000000,1,301.36,1,4.96,1,-125,-14.25,-3265.00,12,0
10/29/2018 15:42:13 ,13,1,1.04000,1,1.85000,2.12000,51.066806,3.710050,1,10423,1,6.800000,1,298.38,1,4.50,1,-125,-14.25,-3265.00,12,0
10/29/2018 15:42:15 ,13,1,1.04000,1,1.85000,2.12000,51.066818,3.710015,1,11011,1,6.600000,1,302.29,1,5.04,1,-125,-14.25,-3265.00,12,0
10/29/2018 15:42:18 ,13,1,1.04000,1,1.85000,2.12000,51.066837,3.709967,1,42,1,6.400000,1,306.91,1,5.02,1,-125,-14.25,-3265.00,12,0
10/29/2018 15:42:19 ,13,1,1.04000,1,1.85000,2.12000,51.066844,3.709950,1,332,1,6.100000,1,307.13,1,5.28,1,-125,-14.25,-3265.00,12,0
10/29/2018 15:42:21 ,12,1,1.49000,1,2.68000,3.07000,51.066856,3.709913,1,2241,1,6.100000,1,301.98,1,5.24,1,-125,-14.25,-3265.00,12,0
10/29/2018 15:42:23 ,13,1,1.04000,1,1.85000,2.12000,51.066867,3.709877,1,2313,1,5.900000,1,300.43,1,5.22,1,-125,-14.25,-3265.00,12,0
10/29/2018 15:42:25 ,13,1,1.32000,1,2.25000,2.61000,51.066883,3.709840,1,2331,1,6.000000,1,303.83,1,5.28,1,-125,-14.25,-3265.00,12,0
10/29/2018 15:42:27 ,14,1,1.32000,1,2.25000,2.61000,51.066894,3.709805,1,2411,1,5.900000,1,302.74,1,4.87,1,-125,-14.25,-3265.00,12,0
10/29/2018 15:42:29 ,12,1,1.50000,1,2.68000,3.07000,51.066905,3.709772,1,2440,1,5.800000,1,305.88,1,4.87,1,-125,-14.25,-3265.00,12,0
10/29/2018 15:42:31 ,13,1,1.32000,1,2.25000,2.61000,51.066917,3.709739,1,3010,1,5.800000,1,304.03,1,5.19,1,-125,-14.25,-3265.00,12,0
10/29/2018 15:42:33 ,14,1,0.93000,1,1.68000,1.92000,51.066932,3.709704,1,3022,1,6.200000,1,301.78,1,4.57,1,-125,-14.25,-3265.00,12,0
10/29/2018 15:42:35 ,13,1,1.32000,1,2.25000,2.61000,51.066944,3.709670,1,3104,1,6.200000,1,299.74,1,4.93,1,-125,-14.25,-3265.00,12,0
10/29/2018 15:42:37 ,13,1,1.32000,1,2.25000,2.61000,51.066955,3.709633,1,3134,1,6.400000,1,299.63,1,4.89,1,-125,-14.25,-3265.00,12,0
10/29/2018 15:42:39 ,13,1,1.32000,1,2.25000,2.61000,51.066967,3.709598,1,3202,1,6.400000,1,301.44,1,5.24,1,-125,-14.25,-3265.00,12,0
10/29/2018 15:42:41 ,13,1,1.32000,1,2.25000,2.60000,51.066970,3.709557,1,3232,1,6.100000,1,286.08,1,5.13,1,-125,-14.25,-3265.00,12,0
10/29/2018 15:42:42 ,13,1,1.32000,1,2.25000,2.60000,51.066970,3.709531,1,4022,1,5.700000,1,277.05,1,5.13,1,-125,-14.25,-3265.00,12,0
10/29/2018 15:42:44 ,14,1,0.93000,1,1.68000,1.92000,51.066963,3.709487,1,4102,1,5.400000,1,267.30,1,4.00,1,-125,-14.25,-3265.00,12,0
10/29/2018 15:42:45 ,13,1,0.98000,1,1.73000,1.99000,51.066959,3.709470,1,4334,1,5.200000,1,256.49,1,4.11,1,-125,-14.25,-3265.00,12,0
10/29/2018 15:42:47 ,14,1,0.93000,1,1.68000,1.92000,51.066947,3.709431,1,4414,1,5.200000,1,254.73,1,4.52,1,-125,-14.25,-3265.00,12,0
10/29/2018 15:42:49 ,14,1,0.93000,1,1.68000,1.92000,51.066936,3.709392,1,4442,1,4.400000,1,259.51,1,3.80,1,-125,-14.25,-3265.00,12,0
10/29/2018 15:42:51 ,14,1,0.93000,1,1.68000,1.92000,51.066925,3.709359,1,10232,1,3.400000,1,252.28,1,4.67,1,-125,-14.25,-3265.00,12,0
10/29/2018 15:42:53 ,13,1,0.98000,1,1.73000,1.99000,51.066917,3.709324,1,10312,1,3.000000,1,260.26,1,4.65,1,-125,-14.25,-3265.00,12,0
10/29/2018 15:42:55 ,14,1,0.93000,1,1.68000,1.92000,51.066913,3.709283,1,10333,1,2.800000,1,259.99,1,5.07,1,-125,-14.25,-3265.00,12,0
10/29/2018 15:42:57 ,14,1,0.93000,1,1.67000,1.92000,51.066905,3.709241,1,10413,1,3.700000,1,257.23,1,5.67,1,-125,-14.25,-3265.00,12,0
10/29/2018 15:42:59 ,13,1,0.98000,1,1.73000,1.99000,51.066898,3.709201,1,10432,1,4.100000,1,250.27,1,5.13,1,-125,-14.25,-3265.00,12,0
10/29/2018 15:43:01 ,14,1,1.01000,1,1.84000,2.10000,51.066883,3.709181,1,11004,1,3.600000,1,222.31,1,4.24,1,-125,-14.25,-3265.00,12,0
10/29/2018 15:43:03 ,14,1,0.98000,1,1.73000,1.99000,51.066864,3.709172,1,11040,1,3.800000,1,198.90,1,2.80,1,-125,-14.25,-3265.00,12,0
10/29/2018 15:43:05 ,13,1,1.03000,1,1.84000,2.11000,51.066841,3.709177,1,11112,1,3.300000,1,174.39,1,4.76,1,-125,-14.25,-3265.00,12,0
10/29/2018 15:43:07 ,14,1,1.03000,1,1.83000,2.11000,51.066818,3.709185,1,11134,1,2.700000,1,168.43,1,5.06,1,-125,-14.25,-3265.00,12,0
10/29/2018 15:43:08 ,14,1,0.93000,1,1.67000,1.91000,51.066802,3.709188,1,11220,1,2.400000,1,167.79,1,4.56,1,-125,-14.25,-3265.00,12,0
10/29/2018 15:43:10 ,14,1,0.93000,1,1.83000,2.10000,51.066783,3.709187,1,440,1,2.400000,1,174.43,1,3.93,1,-125,-14.25,-3265.00,12,0
10/29/2018 15:43:11 ,14,1,0.93000,1,1.67000,1.91000,51.066772,3.709184,1,1044,1,2.900000,1,184.82,1,3.28,1,-125,-14.25,-3265.00,12,0
10/29/2018 15:43:12 ,14,1,0.93000,1,1.67000,1.91000,51.066764,3.709178,1,2213,1,2.900000,1,193.96,1,3.46,1,-125,-14.25,-3265.00,12,0
10/29/2018 15:43:14 ,14,1,1.03000,1,1.83000,2.10000,51.066749,3.709167,1,2320,1,3.200000,1,190.75,1,3.44,1,-125,-14.25,-3265.00,12,0
10/29/2018 15:43:16 ,13,1,1.32000,1,2.24000,2.60000,51.066734,3.709162,1,3113,1,4.200000,1,179.74,1,2.74,1,-125,-14.25,-3265.00,12,0
10/29/2018 15:43:18 ,13,1,1.36000,1,2.53000,2.87000,51.066715,3.709163,1,3200,1,4.800000,1,163.24,1,4.02,1,-125,-14.25,-3265.00,12,0
10/29/2018 15:43:19 ,13,1,1.36000,1,2.53000,2.87000,51.066707,3.709160,1,3432,1,4.900000,1,179.49,1,3.85,1,-125,-14.25,-3265.00,12,0
10/29/2018 15:43:21 ,14,1,0.93000,1,1.67000,1.91000,51.066692,3.709126,1,4013,1,4.900000,1,226.21,1,5.63,1,-125,-14.25,-3265.00,12,0
10/29/2018 15:43:23 ,13,1,1.32000,1,2.24000,2.60000,51.066680,3.709082,1,4041,1,4.500000,1,239.07,1,6.04,1,-125,-14.25,-3265.00,12,0
10/29/2018 15:43:25 ,13,1,1.32000,1,2.24000,2.59000,51.066669,3.709036,1,4322,1,4.900000,1,248.14,1,6.13,1,-125,-14.25,-3265.00,12,0
10/29/2018 15:43:27 ,13,1,1.32000,1,2.23000,2.59000,51.066661,3.708992,1,4404,1,4.800000,1,249.99,1,5.52,1,-125,-14.25,-3265.00,12,0
10/29/2018 15:43:29 ,14,1,0.93000,1,1.66000,1.90000,51.066650,3.708956,1,4424,1,4.900000,1,242.61,1,4.07,1,-125,-14.25,-3265.00,12,0
10/29/2018 15:43:31 ,14,1,0.93000,1,1.66000,1.90000,51.066642,3.708920,1,10003,1,5.000000,1,250.84,1,4.93,1,-125,-14.25,-3265.00,12,0
10/29/2018 15:43:33 ,13,1,0.98000,1,1.71000,1.98000,51.066627,3.708889,1,10030,1,5.200000,1,235.23,1,4.02,1,-125,-14.25,-3265.00,12,0
10/29/2018 15:43:35 ,14,1,0.93000,1,1.66000,1.90000,51.066608,3.708876,1,10044,1,5.300000,1,193.20,1,4.39,1,-125,-14.25,-3265.00,12,0
10/29/2018 15:43:37 ,13,1,0.98000,1,1.71000,1.97000,51.066585,3.708878,1,10122,1,5.700000,1,175.37,1,4.83,1,-125,-14.25,-3265.00,12,0
10/29/2018 15:43:39 ,14,1,0.98000,1,1.71000,1.97000,51.066558,3.708880,1,10204,1,5.400000,1,178.11,1,4.72,1,-125,-14.25,-3265.00,12,0
10/29/2018 15:43:41 ,13,1,0.98000,1,1.71000,1.97000,51.066555,3.708890,1,10310,1,5.300000,1,167.02,1,3.41,1,-125,-14.25,-3265.00,12,0
10/29/2018 15:43:43 ,13,1,1.20000,1,2.15000,2.46000,51.066555,3.708881,1,10330,1,5.800000,1,167.02,1,0.24,1,-125,-14.25,-3265.00,12,0
10/29/2018 15:43:45 ,13,1,1.20000,1,2.15000,2.46000,51.066535,3.708886,1,10331,1,4.900000,1,171.34,1,5.33,1,-125,-14.25,-3265.00,12,0
10/29/2018 15:43:47 ,12,1,1.12000,1,1.86000,2.17000,51.066513,3.708893,1,10401,1,4.700000,1,167.05,1,4.20,1,-125,-14.25,-3265.00,12,0
10/29/2018 15:43:49 ,12,1,1.20000,1,2.15000,2.46000,51.066486,3.708893,1,11142,1,4.900000,1,149.02,1,4.28,1,-125,-14.25,-3265.00,12,0
10/29/2018 15:43:51 ,12,1,1.20000,1,2.15000,2.46000,51.066463,3.708893,1,224,1,4.900000,1,173.68,1,4.06,1,-125,-14.25,-3265.00,12,0
10/29/2018 15:43:52 ,14,1,0.98000,1,1.71000,1.97000,51.066452,3.708892,1,1004,1,4.000000,1,173.80,1,4.39,1,-125,-14.25,-3265.00,12,0
10/29/2018 15:43:53 ,14,1,1.03000,1,1.82000,2.09000,51.066440,3.708889,1,2400,1,3.800000,1,172.55,1,4.50,1,-125,-14.25,-3265.00,12,0
10/29/2018 15:43:55 ,14,1,0.93000,1,1.65000,1.89000,51.066417,3.708890,1,2413,1,4.100000,1,171.62,1,3.57,1,-125,-14.25,-3265.00,12,0
10/29/2018 15:43:57 ,14,1,1.03000,1,1.82000,2.09000,51.066402,3.708889,1,2443,1,4.600000,1,160.84,1,2.76,1,-125,-14.25,-3265.00,12,0
10/29/2018 15:43:59 ,14,1,0.93000,1,1.65000,1.89000,51.066375,3.708886,1,3230,1,6.200000,1,157.55,1,3.28,1,-125,-14.25,-3265.00,12,0
10/29/2018 15:44:01 ,14,1,0.97000,1,1.76000,2.01000,51.066349,3.708890,1,3324,1,5.600000,1,163.88,1,4.63,1,-125,-14.25,-3265.00,12,0
10/29/2018 15:44:03 ,14,1,0.98000,1,1.70000,1.96000,51.066326,3.708892,1,3343,1,5.200000,1,170.40,1,4.46,1,-125,-14.25,-3265.00,12,0
10/29/2018 15:44:05 ,14,1,0.98000,1,1.70000,1.96000,51.066303,3.708898,1,3413,1,4.900000,1,165.30,1,3.82,1,-125,-14.25,-3265.00,12,0
10/29/2018 15:44:07 ,13,1,0.98000,1,1.70000,1.96000,51.066287,3.708906,1,3444,1,4.400000,1,156.53,1,2.63,1,-125,-14.25,-3265.00,12,0
10/29/2018 15:44:09 ,14,1,0.93000,1,1.65000,1.89000,51.066268,3.708896,1,4043,1,5.800000,1,156.53,1,2.13,1,-125,-14.25,-3265.00,12,0
10/29/2018 15:44:11 ,14,1,1.01000,1,1.81000,2.07000,51.066238,3.708892,1,4040,1,6.700000,1,163.97,1,4.80,1,-125,-14.25,-3265.00,12,0
10/29/2018 15:44:13 ,14,1,1.01000,1,1.81000,2.07000,51.066211,3.708898,1,4111,1,7.300000,1,166.93,1,5.32,1,-125,-14.25,-3265.00,12,0
10/29/2018 15:44:15 ,13,1,0.97000,1,1.76000,2.01000,51.066184,3.708897,1,4140,1,7.700000,1,171.70,1,3.63,1,-125,-14.25,-3265.00,12,0
10/29/2018 15:44:17 ,14,1,0.93000,1,1.64000,1.89000,51.066158,3.708909,1,4210,1,7.900000,1,166.03,1,5.30,1,-125,-14.25,-3265.00,12,0
10/29/2018 15:44:19 ,13,1,0.94000,1,2.01000,2.22000,51.066127,3.708914,1,4242,1,8.400000,1,168.10,1,5.56,1,-125,-14.25,-3265.00,12,0
10/29/2018 15:44:21 ,14,1,0.93000,1,1.64000,1.89000,51.066101,3.708917,1,4312,1,9.700000,1,165.80,1,4.26,1,-125,-14.25,-3265.00,12,0
10/29/2018 15:44:23 ,14,1,0.93000,1,1.64000,1.88000,51.066074,3.708923,1,10100,1,10.500000,1,169.90,1,5.98,1,-125,-14.25,-3265.00,12,0
10/29/2018 15:44:25 ,14,1,1.03000,1,1.81000,2.08000,51.066043,3.708937,1,10130,1,10.300001,1,164.90,1,5.76,1,-125,-14.25,-3265.00,12,0
10/29/2018 15:44:26 ,13,1,0.97000,1,1.75000,2.00000,51.066032,3.708944,1,10430,1,10.500000,1,162.38,1,4.57,1,-125,-14.25,-3265.00,12,0
10/29/2018 15:44:28 ,14,1,0.93000,1,1.64000,1.88000,51.066009,3.708938,1,11003,1,11.700000,1,168.44,1,2.94,1,-125,-14.25,-3265.00,12,0
10/29/2018 15:44:30 ,14,1,0.92000,1,1.64000,1.88000,51.065998,3.708934,1,11041,1,12.500000,1,178.86,1,2.74,1,-125,-14.25,-3265.00,12,0
10/29/2018 15:44:33 ,14,1,0.92000,1,1.69000,1.95000,51.065986,3.708923,1,203,1,12.800001,1,178.86,1,1.48,1,-125,-14.25,-3265.00,12,0
10/29/2018 15:44:34 ,12,1,1.10000,1,2.05000,2.33000,51.065979,3.708926,1,1003,1,13.100001,1,178.86,1,1.67,1,-125,-14.25,-3265.00,12,0
10/29/2018 15:44:35 ,12,1,1.10000,1,2.05000,2.32000,51.065979,3.708928,1,2220,1,13.100001,1,178.86,1,1.46,1,-125,-14.25,-3265.00,12,0
10/29/2018 15:44:37 ,12,1,1.10000,1,2.05000,2.32000,51.065975,3.708924,1,2243,1,13.100001,1,178.86,1,1.93,1,-125,-14.25,-3265.00,12,0
10/29/2018 15:44:39 ,12,1,1.10000,1,2.04000,2.32000,51.066001,3.708922,1,2313,1,13.400000,1,178.86,1,4.04,1,-125,-14.25,-3265.00,12,0
10/29/2018 15:44:41 ,12,1,1.10000,1,2.04000,2.32000,51.066013,3.708925,1,2342,1,13.400000,1,178.86,1,3.20,1,-125,-14.25,-3265.00,12,0
10/29/2018 15:44:43 ,12,1,1.10000,1,2.04000,2.32000,51.066001,3.708933,1,2420,1,13.400000,1,178.86,1,2.94,1,-125,-14.25,-3265.00,12,0
10/29/2018 15:44:45 ,12,1,1.10000,1,2.04000,2.32000,51.065998,3.708934,1,2441,1,13.400000,1,178.86,1,2.78,1,-125,-14.25,-3265.00,12,0
10/29/2018 15:44:47 ,13,1,1.00000,1,1.80000,2.06000,51.065990,3.708937,1,3011,1,13.500000,1,178.86,1,1.89,1,-125,-14.25,-3265.00,12,0
10/29/2018 15:44:49 ,13,1,1.00000,1,1.80000,2.06000,51.065986,3.708930,1,3040,1,13.600001,1,178.86,1,1.24,1,-125,-14.25,-3265.00,12,0
10/29/2018 15:44:51 ,12,1,1.09000,1,1.98000,2.26000,51.066001,3.708913,1,3113,1,13.600001,1,178.86,1,1.59,1,-125,-14.25,-3265.00,12,0
10/29/2018 15:44:53 ,13,1,1.06000,1,1.95000,2.22000,51.065990,3.708908,1,3134,1,13.300001,1,178.86,1,1.00,1,-125,-14.25,-3265.00,12,0
10/29/2018 15:44:55 ,13,1,1.00000,1,1.80000,2.06000,51.065971,3.708889,1,3200,1,13.700000,1,178.86,1,1.72,1,-125,-14.25,-3265.00,12,0
10/29/2018 15:44:57 ,14,1,0.92000,1,1.63000,1.87000,51.065940,3.708898,1,1202,1,13.800001,1,162.53,1,3.96,1,-123,-11.75,1568.67,7,1
10/29/2018 15:44:57 ,14,1,0.92000,1,1.63000,1.87000,51.065940,3.708898,1,1202,1,13.800001,1,162.53,1,3.96,1,-123,-11.75,1568.67,7,0
10/29/2018 15:44:59 ,14,1,1.00000,1,1.79000,2.06000,51.065910,3.708904,1,2240,1,13.700000,1,156.92,1,3.87,1,-123,-11.75,1568.67,7,0
10/29/2018 15:45:01 ,13,1,1.10000,1,2.03000,2.31000,51.065895,3.708938,1,3041,1,14.600001,1,141.34,1,4.39,1,-123,-11.75,1568.67,7,0
10/29/2018 15:45:03 ,13,1,1.10000,1,2.03000,2.31000,51.065891,3.709002,1,3122,1,13.000000,1,135.87,1,4.02,1,-123,-11.75,1568.67,7,0
10/29/2018 15:45:04 ,13,1,1.10000,1,2.03000,2.31000,51.065891,3.709029,1,3201,1,12.700000,1,129.38,1,4.43,1,-123,-11.75,1568.67,7,0
10/29/2018 15:45:06 ,12,1,1.10000,1,2.03000,2.31000,51.065876,3.709072,1,3224,1,11.700000,1,146.91,1,4.69,1,-123,-11.75,1568.67,7,0
10/29/2018 15:45:07 ,12,1,1.10000,1,2.03000,2.31000,51.065868,3.709087,1,4004,1,10.700000,1,145.96,1,4.09,1,-123,-11.75,1568.67,7,0
10/29/2018 15:45:09 ,13,1,0.98000,1,1.67000,1.94000,51.065864,3.709095,1,4100,1,10.900000,1,151.00,1,1.06,1,-123,-11.75,1568.67,7,0
10/29/2018 15:45:11 ,14,1,0.92000,1,1.62000,1.87000,51.065856,3.709095,1,2011,1,11.600001,1,151.00,1,0.13,1,122,-11.50,-3568.04,12,1
10/29/2018 15:45:11 ,14,1,0.92000,1,1.62000,1.87000,51.065856,3.709095,1,2011,1,11.600001,1,151.00,1,0.13,1,122,-11.50,-3568.04,12,0
10/29/2018 15:45:13 ,14,1,0.92000,1,1.62000,1.87000,51.065856,3.709095,1,2302,1,11.800001,1,151.00,1,0.11,1,122,-11.50,-3568.04,12,0
10/29/2018 15:45:15 ,14,1,1.00000,1,1.79000,2.05000,51.065860,3.709098,1,2332,1,11.900000,1,151.00,1,0.13,1,122,-11.50,-3568.04,12,0
10/29/2018 15:45:17 ,13,1,0.98000,1,1.67000,1.94000,51.065860,3.709099,1,2420,1,12.000000,1,151.00,1,0.02,1,122,-11.50,-3568.04,12,0
10/29/2018 15:45:19 ,13,1,1.11000,1,2.02000,2.31000,51.065860,3.709099,1,2432,1,11.900000,1,151.00,1,0.07,1,122,-11.50,-3568.04,12,0
10/29/2018 15:45:20 ,13,1,1.11000,1,2.02000,2.31000,51.065860,3.709098,1,3301,1,12.000000,1,151.00,1,0.19,1,122,-13.25,-3591.11,12,1
10/29/2018 15:45:20 ,13,1,1.11000,1,2.02000,2.31000,51.065860,3.709098,1,3301,1,12.000000,1,151.00,1,0.19,1,122,-13.25,-3591.11,12,0
10/29/2018 15:45:22 ,13,1,1.11000,1,2.02000,2.31000,51.065860,3.709097,1,3403,1,11.700000,1,151.00,1,0.28,1,122,-13.25,-3591.11,12,0
10/29/2018 15:45:24 ,13,1,1.11000,1,2.02000,2.30000,51.065864,3.709107,1,3420,1,10.300001,1,151.00,1,0.09,1,122,-13.25,-3591.11,12,0
10/29/2018 15:45:26 ,12,1,1.11000,1,2.02000,2.30000,51.065864,3.709109,1,4000,1,9.900000,1,151.00,1,0.19,1,122,-13.25,-3591.11,12,0
10/29/2018 15:45:28 ,13,1,1.11000,1,2.02000,2.30000,51.065864,3.709112,1,4034,1,9.500000,1,151.00,1,0.17,1,122,-13.25,-3591.11,12,0
10/29/2018 15:45:29 ,13,1,1.11000,1,2.02000,2.30000,51.065864,3.709114,1,10032,1,9.300001,1,151.00,1,0.13,1,122,-11.00,-3624.14,12,1
10/29/2018 15:45:29 ,13,1,1.11000,1,2.02000,2.30000,51.065864,3.709114,1,10032,1,9.300001,1,151.00,1,0.13,1,122,-11.00,-3624.14,12,0
10/29/2018 15:45:31 ,14,1,1.07000,1,1.57000,1.90000,51.065868,3.709115,1,10333,1,9.100001,1,151.00,1,0.04,1,122,-11.00,-3624.14,12,0
10/29/2018 15:45:33 ,14,1,1.07000,1,1.57000,1.90000,51.065868,3.709117,1,10421,1,8.700000,1,151.00,1,0.06,1,122,-11.00,-3624.14,12,0
10/29/2018 15:45:34 ,14,1,1.07000,1,1.57000,1.90000,51.065868,3.709118,1,11211,1,8.400000,1,151.00,1,0.20,1,122,-11.00,-3624.14,12,0
10/29/2018 15:45:35 ,13,1,1.07000,1,1.57000,1.90000,51.065868,3.709118,1,11342,1,8.300001,1,151.00,1,0.02,1,122,-11.00,-3624.14,12,0
10/29/2018 15:45:37 ,13,1,1.07000,1,1.57000,1.90000,51.065868,3.709121,1,104,1,8.000000,1,151.00,1,0.02,1,122,-11.00,-3624.14,12,0
10/29/2018 15:45:38 ,13,1,1.07000,1,1.57000,1.90000,51.065868,3.709122,1,1220,1,7.700000,1,151.00,1,0.13,1,122,-11.00,-3624.14,12,0
10/29/2018 15:45:40 ,13,1,1.07000,1,1.57000,1.90000,51.065868,3.709123,1,2244,1,7.500000,1,151.00,1,0.07,1,122,-11.00,-3624.14,12,0
10/29/2018 15:45:41 ,14,1,1.07000,1,1.57000,1.90000,51.065868,3.709124,1,3031,1,7.500000,1,151.00,1,0.04,1,122,-11.00,-3624.14,12,0
10/29/2018 15:45:43 ,13,1,1.07000,1,1.56000,1.90000,51.065864,3.709126,1,3041,1,7.200000,1,165.23,1,2.32,1,122,-11.00,-3624.14,12,0
10/29/2018 15:45:45 ,13,1,1.07000,1,1.56000,1.90000,51.065837,3.709129,1,3112,1,7.100000,1,174.15,1,5.85,1,122,-11.00,-3624.14,12,0
10/29/2018 15:45:47 ,14,1,1.07000,1,1.56000,1.90000,51.065811,3.709129,1,3132,1,6.800000,1,181.07,1,5.96,1,122,-11.00,-3624.14,12,0
10/29/2018 15:45:48 ,14,1,1.07000,1,1.56000,1.90000,51.065795,3.709125,1,14,1,6.600000,1,188.36,1,6.20,1,121,-12.25,-3623.09,12,1
10/29/2018 15:45:49 ,14,1,1.07000,1,1.56000,1.90000,51.065780,3.709119,1,1242,1,6.500000,1,191.41,1,5.93,1,121,-12.25,-3623.09,12,0
10/29/2018 15:45:51 ,14,1,1.07000,1,1.56000,1.90000,51.065757,3.709098,1,2241,1,6.400000,1,204.28,1,4.98,1,121,-12.25,-3623.09,12,0
10/29/2018 15:45:53 ,14,1,0.93000,1,1.46000,1.73000,51.065738,3.709088,1,2311,1,5.700000,1,191.85,1,4.41,1,121,-12.25,-3623.09,12,0
10/29/2018 15:45:55 ,14,1,1.07000,1,1.56000,1.89000,51.065715,3.709094,1,2334,1,5.400000,1,166.36,1,5.65,1,121,-12.25,-3623.09,12,0
10/29/2018 15:45:56 ,14,1,1.07000,1,1.56000,1.89000,51.065704,3.709098,1,2424,1,5.400000,1,164.36,1,5.98,1,121,-12.25,-3623.09,12,0
10/29/2018 15:45:57 ,14,1,1.07000,1,1.56000,1.89000,51.065689,3.709107,1,1304,1,4.800000,1,163.58,1,6.13,1,122,-11.50,-3647.21,12,1
10/29/2018 15:45:58 ,14,1,1.07000,1,1.56000,1.89000,51.065673,3.709108,1,2243,1,5.200000,1,167.46,1,6.17,1,122,-11.50,-3647.21,12,0
10/29/2018 15:46:00 ,14,1,1.07000,1,1.56000,1.89000,51.065647,3.709115,1,2313,1,5.000000,1,167.78,1,5.72,1,122,-11.50,-3647.21,12,0
10/29/2018 15:46:02 ,20,1,1.07000,1,1.56000,1.89000,51.065620,3.709121,1,2400,1,5.400000,1,171.79,1,5.37,1,122,-11.50,-3647.21,12,0
10/29/2018 15:46:04 ,14,1,1.07000,1,1.56000,1.89000,51.065593,3.709125,1,2422,1,5.900000,1,172.90,1,5.67,1,122,-11.50,-3647.21,12,0
10/29/2018 15:46:06 ,14,1,1.07000,1,1.56000,1.89000,51.065567,3.709132,1,3213,1,6.000000,1,168.97,1,5.82,1,122,-11.50,-3647.21,12,0
10/29/2018 15:46:08 ,14,1,1.07000,1,1.56000,1.89000,51.065536,3.709144,1,3301,1,5.800000,1,168.97,1,6.09,1,122,-11.50,-3647.21,12,0
10/29/2018 15:46:09 ,14,1,1.07000,1,1.56000,1.89000,51.065521,3.709148,1,4023,1,6.000000,1,168.35,1,5.74,1,122,-11.50,-3647.21,12,0
10/29/2018 15:46:11 ,20,1,1.07000,1,1.56000,1.89000,51.065494,3.709157,1,4101,1,5.800000,1,169.16,1,5.65,1,122,-11.50,-3647.21,12,0
10/29/2018 15:46:13 ,14,1,1.07000,1,1.56000,1.89000,51.065467,3.709174,1,4130,1,5.300000,1,157.16,1,5.48,1,122,-11.50,-3647.21,12,0
10/29/2018 15:46:15 ,20,1,1.07000,1,1.56000,1.89000,51.065441,3.709189,1,4311,1,5.200000,1,161.39,1,5.72,1,122,-11.25,-3537.11,12,1
10/29/2018 15:46:15 ,20,1,1.07000,1,1.56000,1.89000,51.065441,3.709189,1,4311,1,5.200000,1,161.39,1,5.72,1,122,-11.25,-3537.11,12,0
10/29/2018 15:46:17 ,20,1,0.95000,1,1.44000,1.73000,51.065414,3.709206,1,4410,1,4.900000,1,154.99,1,5.80,1,122,-11.25,-3537.11,12,0
10/29/2018 15:46:19 ,20,1,0.95000,1,1.44000,1.73000,51.065406,3.709223,1,10014,1,4.800000,1,154.99,1,1.46,1,122,-11.25,-3537.11,12,0
10/29/2018 15:46:21 ,20,1,0.95000,1,1.44000,1.73000,51.065402,3.709253,1,10011,1,4.700000,1,122.60,1,3.52,1,122,-11.25,-3537.11,12,0
10/29/2018 15:46:23 ,20,1,0.95000,1,1.44000,1.73000,51.065395,3.709268,1,10031,1,4.300000,1,144.68,1,1.67,1,122,-11.25,-3537.11,12,0
10/29/2018 15:46:25 ,20,1,0.95000,1,1.44000,1.73000,51.065391,3.709279,1,10131,1,4.600000,1,144.68,1,0.11,1,122,-11.25,-3537.11,12,0
10/29/2018 15:46:27 ,20,1,0.95000,1,1.44000,1.73000,51.065387,3.709286,1,10202,1,5.300000,1,144.68,1,0.15,1,122,-11.25,-3537.11,12,0
10/29/2018 15:46:29 ,20,1,0.95000,1,1.44000,1.73000,51.065387,3.709288,1,10230,1,5.300000,1,144.68,1,0.26,1,122,-11.25,-3537.11,12,0
10/29/2018 15:46:31 ,20,1,0.95000,1,1.44000,1.73000,51.065387,3.709287,1,10300,1,5.500000,1,144.68,1,0.61,1,122,-11.25,-3537.11,12,0
10/29/2018 15:46:33 ,20,1,0.95000,1,1.44000,1.73000,51.065387,3.709288,1,10331,1,5.700000,1,144.68,1,0.13,1,122,-11.25,-3537.11,12,0
10/29/2018 15:46:35 ,20,1,0.95000,1,1.44000,1.73000,51.065383,3.709290,1,10400,1,5.800000,1,144.68,1,0.31,1,122,-11.25,-3537.11,12,0
10/29/2018 15:46:37 ,20,1,0.87000,1,1.40000,1.65000,51.065383,3.709291,1,10433,1,5.800000,1,144.68,1,0.06,1,122,-11.25,-3537.11,12,0
10/29/2018 15:46:39 ,20,1,0.87000,1,1.40000,1.65000,51.065380,3.709292,1,11213,1,5.800000,1,144.68,1,0.15,1,122,-11.25,-3537.11,12,0
10/29/2018 15:46:41 ,20,1,0.95000,1,1.44000,1.73000,51.065380,3.709292,1,100,1,5.800000,1,144.68,1,0.17,1,122,-11.25,-3537.11,12,0
10/29/2018 15:46:42 ,20,1,0.95000,1,1.44000,1.73000,51.065380,3.709293,1,241,1,5.600000,1,144.68,1,0.02,1,122,-11.25,-3537.11,12,0
10/29/2018 15:46:43 ,20,1,0.95000,1,1.44000,1.73000,51.065380,3.709293,1,2243,1,5.600000,1,144.68,1,0.06,1,122,-11.25,-3537.11,12,0
10/29/2018 15:46:45 ,20,1,1.07000,1,1.56000,1.89000,51.065380,3.709295,1,2323,1,5.500000,1,144.68,1,0.17,1,122,-11.25,-3537.11,12,0
10/29/2018 15:46:47 ,20,1,1.07000,1,1.56000,1.89000,51.065380,3.709293,1,2343,1,5.300000,1,144.68,1,0.17,1,122,-11.25,-3537.11,12,0
10/29/2018 15:46:49 ,20,1,1.07000,1,1.56000,1.89000,51.065383,3.709294,1,3141,1,5.200000,1,144.68,1,0.28,1,122,-11.25,-3537.11,12,0
10/29/2018 15:46:51 ,20,1,1.07000,1,1.55000,1.89000,51.065383,3.709292,1,3213,1,5.200000,1,144.68,1,0.06,1,122,-11.25,-3537.11,12,0
10/29/2018 15:46:53 ,20,1,0.95000,1,1.44000,1.72000,51.065383,3.709288,1,3234,1,5.400000,1,144.68,1,0.17,1,122,-11.25,-3537.11,12,0
10/29/2018 15:46:55 ,20,1,0.95000,1,1.44000,1.72000,51.065383,3.709286,1,3311,1,5.800000,1,144.68,1,0.02,1,122,-11.25,-3537.11,12,0
10/29/2018 15:46:57 ,20,1,0.95000,1,1.44000,1.72000,51.065383,3.709285,1,3340,1,5.700000,1,144.68,1,0.06,1,122,-11.25,-3537.11,12,0
10/29/2018 15:46:59 ,20,1,0.95000,1,1.44000,1.72000,51.065383,3.709284,1,3403,1,5.600000,1,144.68,1,0.06,1,122,-11.25,-3537.11,12,0
10/29/2018 15:47:01 ,20,1,1.07000,1,1.55000,1.89000,51.065383,3.709282,1,3441,1,5.600000,1,144.68,1,0.04,1,122,-11.25,-3537.11,12,0
10/29/2018 15:47:01 ,20,1,1.07000,1,1.55000,1.89000,51.065383,3.709282,1,4144,1,5.600000,1,144.68,1,0.04,1,122,-12.00,-3451.65,12,1
10/29/2018 15:47:02 ,20,1,1.07000,1,1.55000,1.89000,51.065383,3.709282,1,4230,1,5.500000,1,144.68,1,0.02,1,122,-12.00,-3451.65,12,0
10/29/2018 15:47:04 ,20,1,0.95000,1,1.44000,1.72000,51.065383,3.709279,1,4244,1,5.500000,1,144.68,1,0.13,1,122,-12.00,-3451.65,12,0
10/29/2018 15:47:06 ,20,1,0.95000,1,1.44000,1.72000,51.065383,3.709276,1,4332,1,5.600000,1,144.68,1,0.11,1,122,-12.00,-3451.65,12,0
10/29/2018 15:47:08 ,20,1,0.95000,1,1.44000,1.72000,51.065383,3.709278,1,4344,1,5.500000,1,144.68,1,0.11,1,122,-12.00,-3451.65,12,0
10/29/2018 15:47:10 ,14,1,1.07000,1,1.55000,1.89000,51.065383,3.709278,1,4422,1,5.300000,1,144.68,1,0.28,1,122,-12.00,-3451.65,12,0
10/29/2018 15:47:10 ,14,1,1.07000,1,1.55000,1.89000,51.065383,3.709278,1,10432,1,5.300000,1,144.68,1,0.28,1,122,-12.75,-3476.29,12,1
10/29/2018 15:47:11 ,14,1,1.07000,1,1.55000,1.89000,51.065383,3.709279,1,11002,1,5.200000,1,144.68,1,0.13,1,122,-12.75,-3476.29,12,0
10/29/2018 15:47:14 ,14,1,1.07000,1,1.55000,1.89000,51.065383,3.709281,1,2,1,5.100000,1,144.68,1,0.35,1,122,-12.75,-3476.29,12,0
10/29/2018 15:47:15 ,14,1,1.07000,1,1.55000,1.89000,51.065383,3.709281,1,402,1,5.000000,1,144.68,1,0.22,1,122,-12.75,-3476.29,12,0
10/29/2018 15:47:16 ,20,1,1.07000,1,1.55000,1.89000,51.065383,3.709281,1,2024,1,5.000000,1,144.68,1,0.04,1,122,-12.75,-3476.29,12,0
10/29/2018 15:47:17 ,14,1,1.07000,1,1.55000,1.89000,51.065383,3.709281,1,3002,1,4.900000,1,144.68,1,0.07,1,122,-12.75,-3476.29,12,0
10/29/2018 15:47:19 ,20,1,0.95000,1,1.44000,1.72000,51.065380,3.709280,1,3013,1,5.000000,1,144.68,1,0.07,1,122,-12.75,-3476.29,12,0
10/29/2018 15:47:21 ,20,1,1.07000,1,1.55000,1.89000,51.065380,3.709280,1,3043,1,4.700000,1,144.68,1,0.19,1,122,-12.75,-3476.29,12,0
10/29/2018 15:47:23 ,14,1,1.07000,1,1.55000,1.89000,51.065380,3.709280,1,3341,1,4.400000,1,144.68,1,0.09,1,122,-12.75,-3476.29,12,0
10/29/2018 15:47:25 ,14,1,1.07000,1,1.55000,1.89000,51.065376,3.709279,1,3414,1,4.100000,1,144.68,1,0.09,1,122,-12.75,-3476.29,12,0
10/29/2018 15:47:27 ,14,1,1.07000,1,1.55000,1.88000,51.065376,3.709278,1,3441,1,3.900000,1,144.68,1,0.17,1,122,-12.75,-3476.29,12,0
10/29/2018 15:47:29 ,14,1,1.07000,1,1.55000,1.88000,51.065376,3.709277,1,1000,1,3.700000,1,144.68,1,0.04,1,122,-12.75,-3546.55,12,1
10/29/2018 15:47:29 ,14,1,1.07000,1,1.55000,1.88000,51.065376,3.709277,1,1000,1,3.700000,1,144.68,1,0.04,1,122,-12.75,-3546.55,12,0
10/29/2018 15:47:31 ,14,1,0.93000,1,1.44000,1.71000,51.065376,3.709275,1,2221,1,3.700000,1,144.68,1,0.39,1,122,-12.75,-3546.55,12,0
10/29/2018 15:47:33 ,14,1,1.07000,1,1.55000,1.88000,51.065361,3.709285,1,2230,1,3.400000,1,154.91,1,5.43,1,122,-12.75,-3546.55,12,0
10/29/2018 15:47:35 ,20,1,1.07000,1,1.55000,1.88000,51.065330,3.709305,1,2303,1,3.700000,1,160.72,1,6.11,1,122,-12.75,-3546.55,12,0
10/29/2018 15:47:37 ,20,1,0.95000,1,1.43000,1.72000,51.065299,3.709300,1,2321,1,3.300000,1,189.14,1,6.59,1,122,-12.75,-3546.55,12,0
10/29/2018 15:47:38 ,20,1,0.95000,1,1.43000,1.72000,51.065288,3.709293,1,2202,1,3.500000,1,193.12,1,5.89,1,122,-13.25,17507.81,12,1
10/29/2018 15:47:39 ,20,1,0.87000,1,1.39000,1.64000,51.065273,3.709287,1,2242,1,3.200000,1,197.14,1,6.20,1,122,-13.25,17507.81,12,0
10/29/2018 15:47:41 ,20,1,0.87000,1,1.39000,1.64000,51.065246,3.709276,1,2313,1,2.800000,1,196.57,1,5.07,1,122,-13.25,17507.81,12,0
10/29/2018 15:47:43 ,20,1,0.87000,1,1.39000,1.64000,51.065223,3.709284,1,2334,1,2.400000,1,168.88,1,4.41,1,122,-13.25,17507.81,12,0
10/29/2018 15:47:45 ,14,1,0.93000,1,1.44000,1.71000,51.065196,3.709299,1,2422,1,1.200000,1,162.78,1,5.37,1,122,-13.25,17507.81,12,0
10/29/2018 15:47:47 ,14,1,0.93000,1,1.44000,1.71000,51.065174,3.709302,1,2434,1,1.000000,1,168.54,1,5.09,1,122,-13.25,17507.81,12,0
10/29/2018 15:47:48 ,14,1,0.93000,1,1.44000,1.71000,51.065158,3.709311,1,3234,1,1.200000,1,164.39,1,5.33,1,122,-13.25,17507.81,12,0
10/29/2018 15:47:50 ,14,1,0.93000,1,1.44000,1.71000,51.065132,3.709317,1,3311,1,0.700000,1,166.44,1,5.43,1,122,-13.25,17507.81,12,0
10/29/2018 15:47:51 ,14,1,0.93000,1,1.44000,1.71000,51.065120,3.709326,1,4043,1,-0.200000,1,160.76,1,5.67,1,122,-13.25,17507.81,12,0
10/29/2018 15:47:53 ,14,1,0.93000,1,1.44000,1.71000,51.065093,3.709342,1,4130,1,-1.000000,1,158.59,1,5.83,1,122,-13.25,17507.81,12,0
10/29/2018 15:47:55 ,14,1,0.93000,1,1.44000,1.71000,51.065063,3.709352,1,4144,1,-1.500000,1,161.19,1,6.24,1,122,-13.25,17507.81,12,0
10/29/2018 15:47:57 ,14,1,0.93000,1,1.44000,1.71000,51.065032,3.709355,1,10001,1,-1.800000,1,174.71,1,5.37,1,122,-13.25,17507.81,12,0
10/29/2018 15:47:59 ,14,1,0.98000,1,1.45000,1.75000,51.065010,3.709360,1,10014,1,-1.800000,1,165.86,1,4.56,1,122,-13.25,17507.81,12,0
10/29/2018 15:48:01 ,14,1,0.93000,1,1.44000,1.71000,51.064990,3.709367,1,10104,1,-0.900000,1,156.16,1,4.96,1,122,-13.25,17507.81,12,0
10/29/2018 15:48:03 ,14,1,0.98000,1,1.45000,1.75000,51.064964,3.709376,1,10132,1,-0.800000,1,160.41,1,4.28,1,122,-13.25,17507.81,12,0
10/29/2018 15:48:05 ,14,1,0.93000,1,1.43000,1.71000,51.064929,3.709368,1,10201,1,0.700000,1,170.92,1,5.57,1,122,-13.25,17507.81,12,0
10/29/2018 15:48:07 ,14,1,0.93000,1,1.43000,1.71000,51.064899,3.709382,1,10222,1,0.200000,1,170.53,1,6.37,1,122,-13.25,17507.81,12,0
10/29/2018 15:48:09 ,13,1,0.98000,1,1.45000,1.75000,51.064872,3.709392,1,10304,1,-0.200000,1,176.28,1,6.46,1,122,-13.25,17507.81,12,0
10/29/2018 15:48:11 ,13,1,0.98000,1,1.45000,1.75000,51.064842,3.709403,1,10330,1,-0.900000,1,160.69,1,5.96,1,122,-13.25,17507.81,12,0
10/29/2018 15:48:13 ,14,1,0.93000,1,1.43000,1.71000,51.064811,3.709416,1,10343,1,-0.700000,1,158.50,1,5.57,1,122,-13.25,17507.81,12,0
10/29/2018 15:48:15 ,14,1,0.98000,1,1.45000,1.75000,51.064781,3.709423,1,242,1,0.000000,1,166.10,1,6.09,1,127,-15.50,-3578.00,12,1
10/29/2018 15:48:15 ,14,1,0.98000,1,1.45000,1.75000,51.064781,3.709423,1,242,1,0.000000,1,166.10,1,6.09,1,127,-15.50,-3578.00,12,0
10/29/2018 15:48:16 ,14,1,0.98000,1,1.45000,1.75000,51.064765,3.709427,1,2214,1,-0.400000,1,166.32,1,5.83,1,127,-15.50,-3578.00,12,0
10/29/2018 15:48:18 ,13,1,0.98000,1,1.45000,1.75000,51.064735,3.709437,1,2234,1,-1.300000,1,159.58,1,6.04,1,127,-15.50,-3578.00,12,0
10/29/2018 15:48:20 ,11,1,1.18000,1,1.99000,2.31000,51.064704,3.709437,1,2330,1,1.700000,1,160.35,1,6.09,1,127,-15.50,-3578.00,12,0
10/29/2018 15:48:22 ,12,1,1.12000,1,1.94000,2.24000,51.064678,3.709452,1,3113,1,2.000000,1,174.93,1,6.07,1,127,-15.50,-3578.00,12,0
10/29/2018 15:48:23 ,12,1,1.12000,1,1.94000,2.24000,51.064659,3.709447,1,11344,1,2.600000,1,176.49,1,6.22,1,-125,-8.00,1635.78,7,1
10/29/2018 15:48:23 ,12,1,1.12000,1,1.94000,2.24000,51.064659,3.709447,1,11344,1,2.600000,1,176.49,1,6.22,1,-125,-8.00,1635.78,7,0
10/29/2018 15:48:25 ,12,1,1.12000,1,1.94000,2.24000,51.064628,3.709464,1,1220,1,1.200000,1,171.81,1,6.46,1,-125,-8.00,1635.78,7,0
10/29/2018 15:48:26 ,13,1,0.97000,1,1.59000,1.86000,51.064613,3.709469,1,3004,1,0.900000,1,170.93,1,5.67,1,-125,-8.00,1635.78,7,0
10/29/2018 15:48:28 ,12,1,1.05000,1,1.64000,1.95000,51.064586,3.709479,1,3032,1,1.100000,1,165.20,1,5.83,1,-125,-8.00,1635.78,7,0
10/29/2018 15:48:30 ,12,1,1.05000,1,1.64000,1.94000,51.064556,3.709487,1,3101,1,0.900000,1,167.51,1,6.06,1,-125,-8.00,1635.78,7,0
10/29/2018 15:48:32 ,12,1,1.04000,1,1.64000,1.94000,51.064529,3.709504,1,3344,1,0.300000,1,161.92,1,5.80,1,-125,-8.00,1635.78,7,0
10/29/2018 15:48:33 ,12,1,1.04000,1,1.64000,1.94000,51.064514,3.709510,1,3303,1,0.500000,1,161.21,1,5.69,1,123,-9.00,-3565.94,12,1
10/29/2018 15:48:34 ,12,1,1.04000,1,1.64000,1.94000,51.064498,3.709515,1,3322,1,0.600000,1,161.40,1,5.98,1,123,-9.00,-3565.94,12,0
10/29/2018 15:48:36 ,12,1,1.04000,1,1.64000,1.94000,51.064472,3.709527,1,3402,1,0.400000,1,164.72,1,5.87,1,123,-9.00,-3565.94,12,0
10/29/2018 15:48:38 ,12,1,1.04000,1,1.64000,1.94000,51.064445,3.709540,1,3430,1,0.100000,1,166.55,1,5.87,1,123,-9.00,-3565.94,12,0
10/29/2018 15:48:40 ,12,1,1.04000,1,1.63000,1.94000,51.064414,3.709549,1,3442,1,0.000000,1,164.29,1,5.44,1,123,-9.00,-3565.94,12,0
10/29/2018 15:48:42 ,13,1,0.98000,1,1.45000,1.75000,51.064388,3.709555,1,4014,1,0.200000,1,167.16,1,5.56,1,123,-9.00,-3565.94,12,0
10/29/2018 15:48:42 ,13,1,0.98000,1,1.45000,1.75000,51.064388,3.709555,1,10033,1,0.200000,1,167.16,1,5.56,1,123,-8.25,-3582.72,12,1
10/29/2018 15:48:43 ,13,1,0.98000,1,1.44000,1.75000,51.064373,3.709561,1,10110,1,0.200000,1,165.51,1,5.52,1,123,-8.25,-3582.72,12,0
10/29/2018 15:48:45 ,12,1,1.04000,1,1.63000,1.94000,51.064346,3.709566,1,10131,1,1.000000,1,161.86,1,5.59,1,123,-8.25,-3582.72,12,0
10/29/2018 15:48:47 ,12,1,1.04000,1,1.63000,1.94000,51.064315,3.709565,1,10204,1,0.400000,1,185.06,1,6.11,1,123,-8.25,-3582.72,12,0
10/29/2018 15:48:49 ,12,1,1.04000,1,1.63000,1.94000,51.064285,3.709558,1,10223,1,1.800000,1,172.91,1,4.89,1,123,-8.25,-3582.72,12,0
10/29/2018 15:48:51 ,12,1,1.04000,1,1.63000,1.93000,51.064262,3.709564,1,10302,1,2.100000,1,171.36,1,3.30,1,123,-8.25,-3582.72,12,0
10/29/2018 15:48:53 ,11,1,1.18000,1,1.97000,2.30000,51.064235,3.709567,1,10333,1,1.800000,1,175.80,1,4.50,1,123,-8.25,-3582.72,12,0
10/29/2018 15:48:55 ,12,1,1.12000,1,1.92000,2.22000,51.064212,3.709559,1,10410,1,1.900000,1,185.54,1,4.43,1,123,-8.25,-3582.72,12,0
10/29/2018 15:48:56 ,12,1,1.12000,1,1.92000,2.22000,51.064197,3.709556,1,11202,1,1.300000,1,185.38,1,4.56,1,123,-8.25,-3582.72,12,0
10/29/2018 15:48:58 ,12,1,1.12000,1,1.92000,2.22000,51.064174,3.709554,1,104,1,1.400000,1,155.04,1,4.09,1,123,-8.25,-3582.72,12,0
10/29/2018 15:48:59 ,12,1,1.12000,1,1.92000,2.22000,51.064163,3.709563,1,212,1,1.800000,1,163.97,1,6.09,1,123,-8.25,-3582.72,12,0
10/29/2018 15:49:00 ,13,1,0.97000,1,1.58000,1.85000,51.064151,3.709575,1,2224,1,1.600000,1,160.92,1,5.15,1,123,-8.25,-3582.72,12,0
10/29/2018 15:49:02 ,13,1,0.97000,1,1.58000,1.85000,51.064125,3.709572,1,2304,1,2.200000,1,171.59,1,4.48,1,123,-8.25,-3582.72,12,0
10/29/2018 15:49:04 ,12,1,1.13000,1,1.54000,1.91000,51.064105,3.709576,1,2420,1,2.200000,1,172.12,1,2.50,1,123,-8.25,-3582.72,12,0
10/29/2018 15:49:06 ,11,1,1.18000,1,1.96000,2.29000,51.064105,3.709583,1,3140,1,4.000000,1,204.86,1,0.94,1,123,-8.25,-3582.72,12,0
10/29/2018 15:49:08 ,12,1,1.12000,1,1.92000,2.22000,51.064102,3.709574,1,3204,1,5.300000,1,259.87,1,3.41,1,123,-8.25,-3582.72,12,0
10/29/2018 15:49:10 ,12,1,1.12000,1,1.92000,2.22000,51.064090,3.709543,1,1333,1,4.400000,1,238.44,1,5.09,1,121,-9.00,-3663.99,12,1
10/29/2018 15:49:10 ,12,1,1.12000,1,1.92000,2.22000,51.064090,3.709543,1,1333,1,4.400000,1,238.44,1,5.09,1,121,-9.00,-3663.99,12,0
10/29/2018 15:49:12 ,12,1,1.12000,1,1.91000,2.22000,51.064067,3.709519,1,2241,1,2.900000,1,231.60,1,4.94,1,121,-9.00,-3663.99,12,0
10/29/2018 15:49:14 ,13,1,0.97000,1,1.57000,1.85000,51.064056,3.709489,1,2311,1,1.800000,1,235.49,1,4.43,1,121,-9.00,-3663.99,12,0
10/29/2018 15:49:16 ,13,1,1.08000,1,1.53000,1.87000,51.064048,3.709439,1,2331,1,3.000000,1,259.11,1,4.67,1,121,-9.00,-3663.99,12,0
10/29/2018 15:49:18 ,13,1,1.08000,1,1.53000,1.87000,51.064044,3.709406,1,2401,1,2.200000,1,253.61,1,4.93,1,121,-9.00,-3663.99,12,0
10/29/2018 15:49:20 ,14,1,1.07000,1,1.59000,1.91000,51.064033,3.709356,1,2422,1,2.800000,1,248.56,1,6.41,1,121,-9.00,-3663.99,12,0
10/29/2018 15:49:21 ,13,1,1.08000,1,1.53000,1.87000,51.064029,3.709333,1,2443,1,2.800000,1,254.15,1,5.19,1,121,-9.00,-3663.99,12,0
10/29/2018 15:49:23 ,13,1,1.08000,1,1.53000,1.87000,51.064022,3.709289,1,3031,1,3.000000,1,255.95,1,5.93,1,121,-9.00,-3663.99,12,0
10/29/2018 15:49:25 ,13,1,1.08000,1,1.53000,1.87000,51.064014,3.709243,1,3111,1,2.900000,1,250.30,1,5.56,1,121,-9.00,-3663.99,12,0
10/29/2018 15:49:27 ,14,1,1.08000,1,1.53000,1.87000,51.064006,3.709200,1,3131,1,2.500000,1,253.50,1,5.54,1,121,-9.00,-3663.99,12,0
10/29/2018 15:49:29 ,14,1,0.93000,1,1.42000,1.69000,51.063995,3.709152,1,3204,1,3.100000,1,253.03,1,5.96,1,121,-9.00,-3663.99,12,0
10/29/2018 15:49:30 ,14,1,0.93000,1,1.42000,1.69000,51.063991,3.709129,1,4002,1,3.100000,1,256.38,1,5.91,1,121,-9.00,-3663.99,12,0
10/29/2018 15:49:32 ,14,1,0.93000,1,1.42000,1.69000,51.063987,3.709085,1,4024,1,3.900000,1,261.58,1,3.89,1,121,-9.00,-3663.99,12,0
10/29/2018 15:49:33 ,13,1,1.16000,1,1.57000,1.95000,51.063976,3.709065,1,4321,1,3.700000,1,236.46,1,7.06,1,121,-9.00,-3663.99,12,0
10/29/2018 15:49:35 ,14,1,1.08000,1,1.53000,1.87000,51.063968,3.709022,1,4401,1,4.100000,1,252.24,1,5.76,1,121,-9.00,-3663.99,12,0
10/29/2018 15:49:37 ,14,1,0.93000,1,1.42000,1.69000,51.063961,3.708981,1,4420,1,3.600000,1,254.74,1,5.37,1,121,-9.00,-3663.99,12,0
10/29/2018 15:49:38 ,14,1,0.93000,1,1.42000,1.69000,51.063953,3.708960,1,4443,1,3.400000,1,253.76,1,5.50,1,121,-9.00,-3663.99,12,0
