00/00/2000 00:00:00 ,0,1,99.99000,1,99.99000,99.99000,0.000000,0.000000,0,32244002423140,0,0.000000,0,0.00,0,0.00,0,0,0.00,-2413.82,0,0
00/00/2000 00:00:00 ,0,1,99.99000,1,99.99000,99.99000,0.000000,0.000000,0,32244002423140,0,0.000000,0,0.00,0,0.00,0,0,0.00,-2413.82,0,0
00/00/2000 00:00:00 ,0,1,99.99000,1,99.99000,99.99000,0.000000,0.000000,0,32244002423140,0,0.000000,0,0.00,0,0.00,0,0,0.00,-2413.82,0,0
00/00/2000 00:00:00 ,0,1,99.99000,1,99.99000,99.99000,0.000000,0.000000,0,32244002423140,0,0.000000,0,0.00,0,0.00,0,121,-7.75,979.37,9,1
00/00/2000 00:00:00 ,0,1,99.99000,1,99.99000,99.99000,0.000000,0.000000,0,32244002423140,0,0.000000,0,0.00,0,0.00,0,121,-7.75,979.37,9,0
00/00/2000 00:00:00 ,0,1,99.99000,1,99.99000,99.99000,0.000000,0.000000,0,32244002423140,0,0.000000,0,0.00,0,0.00,0,121,-7.75,979.37,9,0
00/00/2000 00:00:00 ,0,1,99.99000,1,99.99000,99.99000,0.000000,0.000000,0,32244002423140,0,0.000000,0,0.00,0,0.00,0,122,-3.75,1050.67,9,1
00/00/2000 00:00:00 ,0,1,99.99000,1,99.99000,99.99000,0.000000,0.000000,0,32244002423140,0,0.000000,0,0.00,0,0.00,0,122,-3.75,1050.67,9,0
00/00/2000 00:00:00 ,0,1,99.99000,1,99.99000,99.99000,0.000000,0.000000,0,32244002423140,0,0.000000,0,0.00,0,0.00,0,122,-3.75,1050.67,9,0
00/00/2000 00:00:00 ,0,1,99.99000,1,99.99000,99.99000,0.000000,0.000000,0,32244002423140,0,0.000000,0,0.00,0,0.00,0,122,-3.75,1050.67,9,0
00/00/2000 00:00:00 ,0,1,99.99000,1,99.99000,99.99000,0.000000,0.000000,0,32244002423140,0,0.000000,0,0.00,0,0.00,0,122,-3.75,1050.67,9,0
00/00/2000 00:00:00 ,0,1,99.99000,1,99.99000,99.99000,0.000000,0.000000,0,32244002423140,0,0.000000,0,0.00,0,0.00,0,122,-3.75,1050.67,9,0
00/00/2000 00:00:00 ,0,1,99.99000,1,99.99000,99.99000,0.000000,0.000000,0,32244002423140,0,0.000000,0,0.00,0,0.00,0,122,-3.75,1050.67,9,0
00/00/2000 00:00:00 ,0,1,99.99000,1,99.99000,99.99000,0.000000,0.000000,0,32244002423140,0,0.000000,0,0.00,0,0.00,0,122,-6.25,-2557.74,12,1
00/00/2000 00:00:00 ,0,1,99.99000,1,99.99000,99.99000,0.000000,0.000000,0,32244002423140,0,0.000000,0,0.00,0,0.00,0,122,-6.25,-2557.74,12,0
00/00/2000 00:00:00 ,0,1,99.99000,1,99.99000,99.99000,0.000000,0.000000,0,32244002423140,0,0.000000,0,0.00,0,0.00,0,122,-6.25,-2557.74,12,0
00/00/2000 00:00:00 ,0,1,99.99000,1,99.99000,99.99000,0.000000,0.000000,0,32244002423140,0,0.000000,0,0.00,0,0.00,0,122,-6.25,-2557.74,12,0
00/00/2000 00:00:00 ,0,1,99.99000,1,99.99000,99.99000,0.000000,0.000000,0,32244002423140,0,0.000000,0,0.00,0,0.00,0,122,-6.25,-2557.74,12,0
00/00/2000 00:00:00 ,0,1,99.99000,1,99.99000,99.99000,0.000000,0.000000,0,32244002423140,0,0.000000,0,0.00,0,0.00,0,122,-6.25,-2557.74,12,0
00/00/2000 00:00:00 ,0,1,99.99000,1,99.99000,99.99000,0.000000,0.000000,0,32244002423140,0,0.000000,0,0.00,0,0.00,0,123,-4.75,-2546.20,12,1
00/00/2000 00:00:00 ,0,1,99.99000,1,99.99000,99.99000,0.000000,0.000000,0,32244002423140,0,0.000000,0,0.00,0,0.00,0,123,-4.75,-2546.20,12,0
00/00/2000 00:00:00 ,0,1,99.99000,1,99.99000,99.99000,0.000000,0.000000,0,32244002423140,0,0.000000,0,0.00,0,0.00,0,123,-4.75,-2546.20,12,0
00/00/2000 00:00:00 ,0,1,99.99000,1,99.99000,99.99000,0.000000,0.000000,0,32244002423140,0,0.000000,0,0.00,0,0.00,0,123,-4.75,-2546.20,12,0
00/00/2000 00:00:00 ,0,1,99.99000,1,99.99000,99.99000,0.000000,0.000000,0,32244002423140,0,0.000000,0,0.00,0,0.00,0,123,-4.75,-2546.20,12,0
00/00/2000 00:00:00 ,0,1,99.99000,1,99.99000,99.99000,0.000000,0.000000,0,32244002423140,0,0.000000,0,0.00,0,0.00,0,123,-4.75,-2546.20,12,0
00/00/2000 00:00:00 ,0,1,99.99000,1,99.99000,99.99000,0.000000,0.000000,0,32244002423140,0,0.000000,0,0.00,0,0.00,0,123,-4.75,-2546.20,12,0
00/00/2000 00:00:00 ,0,1,99.99000,1,99.99000,99.99000,0.000000,0.000000,0,32244002423140,0,0.000000,0,0.00,0,0.00,0,123,-4.75,-2546.20,12,0
00/00/2000 00:00:00 ,0,1,99.99000,1,99.99000,99.99000,0.000000,0.000000,0,32244002423140,0,0.000000,0,0.00,0,0.00,0,122,-6.75,1012.92,9,1
00/00/2000 00:00:00 ,0,1,99.99000,1,99.99000,99.99000,0.000000,0.000000,0,32244002423140,0,0.000000,0,0.00,0,0.00,0,122,-6.75,1012.92,9,0
00/00/2000 00:00:00 ,0,1,99.99000,1,99.99000,99.99000,0.000000,0.000000,0,32244002423140,0,0.000000,0,0.00,0,0.00,0,122,-6.75,-2325.74,9,1
00/00/2000 00:00:00 ,0,1,99.99000,1,99.99000,99.99000,0.000000,0.000000,0,32244002423140,0,0.000000,0,0.00,0,0.00,0,122,-6.75,-2325.74,9,0
00/00/2000 00:00:00 ,0,1,99.99000,1,99.99000,99.99000,0.000000,0.000000,0,32244002423140,0,0.000000,0,0.00,0,0.00,0,122,-6.75,912.26,9,0
00/00/2000 00:00:00 ,0,1,99.99000,1,99.99000,99.99000,0.000000,0.000000,0,32244002423140,0,0.000000,0,0.00,0,0.00,0,122,-6.75,912.26,9,0
00/00/2000 00:00:00 ,0,1,99.99000,1,99.99000,99.99000,0.000000,0.000000,0,32244002423140,0,0.000000,0,0.00,0,0.00,0,122,-6.50,-2516.84,12,1
00/00/2000 00:00:00 ,0,1,99.99000,1,99.99000,99.99000,0.000000,0.000000,0,32244002423140,0,0.000000,0,0.00,0,0.00,0,122,-6.50,-2516.84,12,0
00/00/2000 00:00:00 ,0,1,99.99000,1,99.99000,99.99000,0.000000,0.000000,0,32244002423140,0,0.000000,0,0.00,0,0.00,0,122,-6.50,-2516.84,12,0
00/00/2000 00:00:00 ,0,1,99.99000,1,99.99000,99.99000,0.000000,0.000000,0,32244002423140,0,0.000000,0,0.00,0,0.00,0,122,-6.50,-2516.84,12,0
00/00/2000 00:00:00 ,0,1,99.99000,1,99.99000,99.99000,0.000000,0.000000,0,32244002423140,0,0.000000,0,0.00,0,0.00,0,122,-6.50,-2516.84,12,0
00/00/2000 00:00:00 ,0,1,99.99000,1,99.99000,99.99000,0.000000,0.000000,0,32244002423140,0,0.000000,0,0.00,0,0.00,0,122,-6.50,-2516.84,12,0
00/00/2000 00:00:00 ,0,1,99.99000,1,99.99000,99.99000,0.000000,0.000000,0,32244002423140,0,0.000000,0,0.00,0,0.00,0,122,-6.50,-2516.84,12,0
00/00/2000 00:00:00 ,0,1,99.99000,1,99.99000,99.99000,0.000000,0.000000,0,32244002423140,0,0.000000,0,0.00,0,0.00,0,123,-2.25,-2518.94,12,1
00/00/2000 00:00:00 ,0,1,99.99000,1,99.99000,99.99000,0.000000,0.000000,0,32244002423140,0,0.000000,0,0.00,0,0.00,0,123,-2.25,-2518.94,12,0
00/00/2000 00:00:00 ,0,1,99.99000,1,99.99000,99.99000,0.000000,0.000000,0,32244002423140,0,0.000000,0,0.00,0,0.00,0,123,-2.25,-2518.94,12,0
00/00/2000 00:00:00 ,0,1,99.99000,1,99.99000,99.99000,0.000000,0.000000,0,32244002423140,0,0.000000,0,0.00,0,0.00,0,123,-2.25,-2518.94,12,0
00/00/2000 00:00:00 ,0,1,99.99000,1,99.99000,99.99000,0.000000,0.000000,0,32244002423140,0,0.000000,0,0.00,0,0.00,0,123,-2.25,-2518.94,12,0
00/00/2000 00:00:00 ,0,1,99.99000,1,99.99000,99.99000,0.000000,0.000000,0,32244002423140,0,0.000000,0,0.00,0,0.00,0,123,-2.25,-2518.94,12,0
00/00/2000 00:00:00 ,0,1,99.99000,1,99.99000,99.99000,0.000000,0.000000,0,32244002423140,0,0.000000,0,0.00,0,0.00,0,122,-8.75,-2527.33,12,1
00/00/2000 00:00:00 ,0,1,99.99000,1,99.99000,99.99000,0.000000,0.000000,0,32244002423140,0,0.000000,0,0.00,0,0.00,0,122,-8.75,-2527.33,12,0
00/00/2000 00:00:00 ,0,1,99.99000,1,99.99000,99.99000,0.000000,0.000000,0,32244002423140,0,0.000000,0,0.00,0,0.00,0,122,-8.75,-2527.33,12,0
00/00/2000 00:00:00 ,0,1,99.99000,1,99.99000,99.99000,0.000000,0.000000,0,32244002423140,0,0.000000,0,0.00,0,0.00,0,-126,-7.75,2810.18,7,1
00/00/2000 00:00:00 ,0,1,99.99000,1,99.99000,99.99000,0.000000,0.000000,0,32244002423140,0,0.000000,0,0.00,0,0.00,0,-126,-7.75,2810.18,7,0
00/00/2000 00:00:00 ,0,1,99.99000,1,99.99000,99.99000,0.000000,0.000000,0,32244002423140,0,0.000000,0,0.00,0,0.00,0,-127,-8.25,2810.18,7,1
00/00/2000 00:00:00 ,0,1,99.99000,1,99.99000,99.99000,0.000000,0.000000,0,32244002423140,0,0.000000,0,0.00,0,0.00,0,-127,-8.25,2810.18,7,0
00/00/2000 00:00:00 ,0,1,99.99000,1,99.99000,99.99000,0.000000,0.000000,0,32244002423140,0,0.000000,0,0.00,0,0.00,0,-126,-5.50,2843.74,7,1
00/00/2000 00:00:00 ,0,1,99.99000,1,99.99000,99.99000,0.000000,0.000000,0,32244002423140,0,0.000000,0,0.00,0,0.00,0,123,-2.00,1050.67,9,1
00/00/2000 00:00:00 ,0,1,99.99000,1,99.99000,99.99000,0.000000,0.000000,0,32244002423140,0,0.000000,0,0.00,0,0.00,0,123,-2.00,1050.67,9,0
00/00/2000 00:00:00 ,0,1,99.99000,1,99.99000,99.99000,0.000000,0.000000,0,32244002423140,0,0.000000,0,0.00,0,0.00,0,122,-3.50,1054.87,9,1
00/00/2000 00:00:00 ,0,1,99.99000,1,99.99000,99.99000,0.000000,0.000000,0,32244002423140,0,0.000000,0,0.00,0,0.00,0,122,-3.50,1054.87,9,0
00/00/2000 00:00:00 ,0,1,99.99000,1,99.99000,99.99000,0.000000,0.000000,0,32244002423140,0,0.000000,0,0.00,0,0.00,0,122,-3.50,1054.87,9,0
00/00/2000 00:00:00 ,0,1,99.99000,1,99.99000,99.99000,0.000000,0.000000,0,32244002423140,0,0.000000,0,0.00,0,0.00,0,122,-6.25,1067.45,9,1
00/00/2000 00:00:00 ,0,1,99.99000,1,99.99000,99.99000,0.000000,0.000000,0,32244002423140,0,0.000000,0,0.00,0,0.00,0,122,-6.25,1067.45,9,0
00/00/2000 00:00:00 ,0,1,99.99000,1,99.99000,99.99000,0.000000,0.000000,0,32244002423140,0,0.000000,0,0.00,0,0.00,0,122,-6.25,1067.45,9,0
00/00/2000 00:00:00 ,0,1,99.99000,1,99.99000,99.99000,0.000000,0.000000,0,32244002423140,0,0.000000,0,0.00,0,0.00,0,122,-6.25,1067.45,9,0
00/00/2000 00:00:00 ,0,1,99.99000,1,99.99000,99.99000,0.000000,0.000000,0,32244002423140,0,0.000000,0,0.00,0,0.00,0,122,-6.25,1067.45,9,0
00/00/2000 00:00:00 ,0,1,99.99000,1,99.99000,99.99000,0.000000,0.000000,0,32244002423140,0,0.000000,0,0.00,0,0.00,0,123,-7.50,-2539.39,12,1
00/00/2000 00:00:00 ,0,1,99.99000,1,99.99000,99.99000,0.000000,0.000000,0,32244002423140,0,0.000000,0,0.00,0,0.00,0,123,-7.50,-2539.39,12,0
00/00/2000 00:00:00 ,0,1,99.99000,1,99.99000,99.99000,0.000000,0.000000,0,32244002423140,0,0.000000,0,0.00,0,0.00,0,123,-7.50,-2539.39,12,0
00/00/2000 00:00:00 ,0,1,99.99000,1,99.99000,99.99000,0.000000,0.000000,0,32244002423140,0,0.000000,0,0.00,0,0.00,0,123,-7.50,-2539.39,12,0
00/00/2000 00:00:00 ,0,1,99.99000,1,99.99000,99.99000,0.000000,0.000000,0,32244002423140,0,0.000000,0,0.00,0,0.00,0,123,-7.50,-2539.39,12,0
00/00/2000 00:00:00 ,0,1,99.99000,1,99.99000,99.99000,0.000000,0.000000,0,32244002423140,0,0.000000,0,0.00,0,0.00,0,123,-7.50,-2539.39,12,0
00/00/2000 00:00:00 ,0,1,99.99000,1,99.99000,99.99000,0.000000,0.000000,0,32244002423140,0,0.000000,0,0.00,0,0.00,0,122,-4.75,-2544.11,12,1
00/00/2000 00:00:00 ,0,1,99.99000,1,99.99000,99.99000,0.000000,0.000000,0,32244002423140,0,0.000000,0,0.00,0,0.00,0,122,-4.75,-2544.11,12,0
00/00/2000 00:00:00 ,0,1,99.99000,1,99.99000,99.99000,0.000000,0.000000,0,32244002423140,0,0.000000,0,0.00,0,0.00,0,122,-4.75,-2544.11,12,0
00/00/2000 00:00:00 ,0,1,99.99000,1,99.99000,99.99000,0.000000,0.000000,0,32244002423140,0,0.000000,0,0.00,0,0.00,0,122,-4.75,-2544.11,12,0
00/00/2000 00:00:00 ,0,1,99.99000,1,99.99000,99.99000,0.000000,0.000000,0,32244002423140,0,0.000000,0,0.00,0,0.00,0,122,-4.75,-2544.11,12,0
00/00/2000 00:00:00 ,0,1,99.99000,1,99.99000,99.99000,0.000000,0.000000,0,32244002423140,0,0.000000,0,0.00,0,0.00,0,122,-4.75,-2544.11,12,0
00/00/2000 00:00:00 ,0,1,99.99000,1,99.99000,99.99000,0.000000,0.000000,0,32244002423140,0,0.000000,0,0.00,0,0.00,0,123,-5.25,-2574.52,12,1
00/00/2000 00:00:00 ,0,1,99.99000,1,99.99000,99.99000,0.000000,0.000000,0,32244002423140,0,0.000000,0,0.00,0,0.00,0,123,-5.25,-2574.52,12,0
00/00/2000 00:00:00 ,0,1,99.99000,1,99.99000,99.99000,0.000000,0.000000,0,32244002423140,0,0.000000,0,0.00,0,0.00,0,123,-5.25,-2574.52,12,0
00/00/2000 00:00:00 ,0,1,99.99000,1,99.99000,99.99000,0.000000,0.000000,0,32244002423140,0,0.000000,0,0.00,0,0.00,0,-126,-8.00,2709.52,7,1
00/00/2000 00:00:00 ,0,1,99.99000,1,99.99000,99.99000,0.000000,0.000000,0,32244002423140,0,0.000000,0,0.00,0,0.00,0,-126,-8.00,2709.52,7,0
00/00/2000 00:00:00 ,0,1,99.99000,1,99.99000,99.99000,0.000000,0.000000,0,32244002423140,0,0.000000,0,0.00,0,0.00,0,-126,-7.25,2743.07,7,1
00/00/2000 00:00:00 ,0,1,99.99000,1,99.99000,99.99000,0.000000,0.000000,0,32244002423140,0,0.000000,0,0.00,0,0.00,0,-126,-7.25,2743.07,7,0
00/00/2000 00:00:00 ,0,1,99.99000,1,99.99000,99.99000,0.000000,0.000000,0,32244002423140,0,0.000000,0,0.00,0,0.00,0,-126,-7.25,2743.07,7,0
00/00/2000 00:00:00 ,0,1,99.99000,1,99.99000,99.99000,0.000000,0.000000,0,32244002423140,0,0.000000,0,0.00,0,0.00,0,123,-4.75,1025.51,9,1
00/00/2000 00:00:00 ,0,1,99.99000,1,99.99000,99.99000,0.000000,0.000000,0,32244002423140,0,0.000000,0,0.00,0,0.00,0,123,-4.75,1025.51,9,0
00/00/2000 00:00:00 ,0,1,99.99000,1,99.99000,99.99000,0.000000,0.000000,0,32244002423140,0,0.000000,0,0.00,0,0.00,0,124,-5.25,996.15,9,1
00/00/2000 00:00:00 ,0,1,99.99000,1,99.99000,99.99000,0.000000,0.000000,0,32244002423140,0,0.000000,0,0.00,0,0.00,0,124,-5.25,996.15,9,0
00/00/2000 00:00:00 ,0,1,99.99000,1,99.99000,99.99000,0.000000,0.000000,0,32244002423140,0,0.000000,0,0.00,0,0.00,0,124,-5.25,-1642.07,9,1
00/00/2000 00:00:00 ,0,1,99.99000,1,99.99000,99.99000,0.000000,0.000000,0,32244002423140,0,0.000000,0,0.00,0,0.00,0,124,-5.25,-1642.07,9,0
00/00/2000 00:00:00 ,0,1,99.99000,1,99.99000,99.99000,0.000000,0.000000,0,32244002423140,0,0.000000,0,0.00,0,0.00,0,124,-5.25,-1642.07,9,0
00/00/2000 00:00:00 ,0,1,99.99000,1,99.99000,99.99000,0.000000,0.000000,0,32244002423140,0,0.000000,0,0.00,0,0.00,0,124,-5.25,-1642.07,9,0
00/00/2000 00:00:00 ,0,1,99.99000,1,99.99000,99.99000,0.000000,0.000000,0,32244002423140,0,0.000000,0,0.00,0,0.00,0,124,-5.25,-1642.07,9,0
00/00/2000 00:00:00 ,0,1,99.99000,1,99.99000,99.99000,0.000000,0.000000,0,32244002423140,0,0.000000,0,0.00,0,0.00,0,122,-2.25,-2607.02,12,1
00/00/2000 00:00:00 ,0,1,99.99000,1,99.99000,99.99000,0.000000,0.000000,0,32244002423140,0,0.000000,0,0.00,0,0.00,0,122,-2.25,-2607.02,12,0
00/00/2000 00:00:00 ,0,1,99.99000,1,99.99000,99.99000,0.000000,0.000000,0,32244002423140,0,0.000000,0,0.00,0,0.00,0,122,-2.25,-2607.02,12,0
00/00/2000 00:00:00 ,0,1,99.99000,1,99.99000,99.99000,0.000000,0.000000,0,32244002423140,0,0.000000,0,0.00,0,0.00,0,122,-2.25,-2607.02,12,0
00/00/2000 00:00:00 ,0,1,99.99000,1,99.99000,99.99000,0.000000,0.000000,0,32244002423140,0,0.000000,0,0.00,0,0.00,0,122,-2.25,-2607.02,12,0
00/00/2000 00:00:00 ,0,1,99.99000,1,99.99000,99.99000,0.000000,0.000000,0,32244002423140,0,0.000000,0,0.00,0,0.00,0,122,-2.25,-2607.02,12,0
00/00/2000 00:00:00 ,0,1,99.99000,1,99.99000,99.99000,0.000000,0.000000,0,32244002423140,0,0.000000,0,0.00,0,0.00,0,122,-2.25,-2607.02,12,0
00/00/2000 00:00:00 ,0,1,99.99000,1,99.99000,99.99000,0.000000,0.000000,0,32244002423140,0,0.000000,0,0.00,0,0.00,0,122,-2.25,-2607.02,12,0
00/00/2000 00:00:00 ,0,1,99.99000,1,99.99000,99.99000,0.000000,0.000000,0,32244002423140,0,0.000000,0,0.00,0,0.00,0,122,-2.25,-2607.02,12,0
00/00/2000 00:00:00 ,0,1,99.99000,1,99.99000,99.99000,0.000000,0.000000,0,32244002423140,0,0.000000,0,0.00,0,0.00,0,122,-2.25,-2607.02,12,0
00/00/2000 00:00:00 ,0,1,99.99000,1,99.99000,99.99000,0.000000,0.000000,0,32244002423140,0,0.000000,0,0.00,0,0.00,0,122,-2.25,-2607.02,12,0
00/00/2000 00:00:00 ,0,1,99.99000,1,99.99000,99.99000,0.000000,0.000000,0,32244002423140,0,0.000000,0,0.00,0,0.00,0,122,-2.25,-2607.02,12,0
00/00/2000 00:00:00 ,0,1,99.99000,1,99.99000,99.99000,0.000000,0.000000,0,32244002423140,0,0.000000,0,0.00,0,0.00,0,122,-2.25,2558.53,12,0
00/00/2000 00:00:00 ,0,1,99.99000,1,99.99000,99.99000,0.000000,0.000000,0,32244002423140,0,0.000000,0,0.00,0,0.00,0,-126,-8.25,2558.53,7,1
00/00/2000 00:00:00 ,0,1,99.99000,1,99.99000,99.99000,0.000000,0.000000,0,32244002423140,0,0.000000,0,0.00,0,0.00,0,-126,-8.25,2558.53,7,0
00/00/2000 00:00:00 ,0,1,99.99000,1,99.99000,99.99000,0.000000,0.000000,0,32244002423140,0,0.000000,0,0.00,0,0.00,0,-126,-8.25,2558.53,7,0
