10/29/2018 15:31:32 ,14,1,0.97000,1,1.91000,2.14000,51.064849,3.712487,1,3004,1,-2.100000,1,339.66,1,6.13,1,-127,-7.25,1669.33,7,1
10/29/2018 15:31:32 ,14,1,0.97000,1,1.91000,2.14000,51.064849,3.712487,1,3004,1,-2.100000,1,339.66,1,6.13,1,-127,-7.25,1669.33,7,0
10/29/2018 15:31:34 ,13,1,1.24000,1,2.29000,2.61000,51.064872,3.712482,1,3123,1,-2.300000,1,341.56,1,5.63,1,-127,-7.25,1669.33,7,0
10/29/2018 15:31:35 ,13,1,1.24000,1,2.29000,2.61000,51.064891,3.712480,1,3410,1,-2.300000,1,342.84,1,5.74,1,-127,-7.25,1669.33,7,0
10/29/2018 15:31:36 ,13,1,1.24000,1,2.29000,2.61000,51.064903,3.712484,1,4211,1,-2.200000,1,343.85,1,5.24,1,121,-10.00,-6.29,9,1
10/29/2018 15:31:36 ,13,1,1.24000,1,2.29000,2.61000,51.064903,3.712484,1,4211,1,-2.200000,1,343.85,1,5.24,1,121,-10.00,-6.29,9,0
10/29/2018 15:31:38 ,13,1,1.24000,1,2.29000,2.61000,51.064929,3.712481,1,4302,1,-2.500000,1,346.30,1,5.56,1,121,-10.00,-6.29,9,0
10/29/2018 15:31:39 ,13,1,1.24000,1,2.29000,2.61000,51.064945,3.712481,1,1120,1,-3.000000,1,345.11,1,5.26,1,122,-2.25,-27.26,9,1
10/29/2018 15:31:40 ,13,1,1.24000,1,2.29000,2.61000,51.064956,3.712483,1,2233,1,-2.900000,1,340.83,1,5.26,1,122,-2.25,-27.26,9,0
10/29/2018 15:31:42 ,12,1,1.36000,1,2.40000,2.76000,51.064979,3.712461,1,3023,1,-2.100000,1,335.93,1,1.93,1,122,-2.25,-27.26,9,0
10/29/2018 15:31:42 ,12,1,1.36000,1,2.40000,2.76000,51.064979,3.712461,1,3233,1,-2.100000,1,335.93,1,1.93,1,122,-5.75,-3591.11,12,1
10/29/2018 15:31:43 ,12,1,1.36000,1,2.40000,2.76000,51.064983,3.712456,1,3330,1,-2.100000,1,335.93,1,2.07,1,122,-5.75,-3591.11,12,0
10/29/2018 15:31:45 ,11,1,2.72000,1,3.96000,4.80000,51.064983,3.712436,1,3411,1,-2.700000,1,301.69,1,2.83,1,122,-5.75,-3591.11,12,0
10/29/2018 15:31:47 ,12,1,1.22000,1,2.16000,2.48000,51.064983,3.712431,1,3410,1,-2.200000,1,291.45,1,2.57,1,122,-5.75,-3591.11,12,0
10/29/2018 15:31:49 ,13,1,1.09000,1,1.99000,2.27000,51.064990,3.712437,1,4001,1,-1.700000,1,294.52,1,1.33,1,122,-5.75,-3591.11,12,0
10/29/2018 15:31:51 ,12,1,1.36000,1,2.40000,2.76000,51.065006,3.712440,1,4012,1,-0.700000,1,312.87,1,2.43,1,122,-5.75,-3591.11,12,0
10/29/2018 15:31:51 ,12,1,1.36000,1,2.40000,2.76000,51.065006,3.712440,1,10022,1,-0.700000,1,312.87,1,2.43,1,122,-8.25,-3616.28,12,1
10/29/2018 15:31:52 ,13,1,1.25000,1,2.29000,2.61000,51.065013,3.712440,1,10033,1,-0.600000,1,325.14,1,2.63,1,122,-8.25,-3616.28,12,0
10/29/2018 15:31:54 ,13,1,1.34000,1,2.49000,2.83000,51.065032,3.712430,1,10111,1,-0.200000,1,337.79,1,3.26,1,122,-8.25,-3616.28,12,0
10/29/2018 15:31:56 ,13,1,1.02000,1,2.08000,2.32000,51.065048,3.712418,1,10133,1,-1.200000,1,314.72,1,5.74,1,122,-8.25,-3616.28,12,0
10/29/2018 15:31:57 ,13,1,1.02000,1,2.08000,2.32000,51.065055,3.712410,1,10203,1,-1.200000,1,316.50,1,3.61,1,122,-8.25,-3616.28,12,0
10/29/2018 15:31:59 ,12,1,1.10000,1,2.22000,2.47000,51.065067,3.712410,1,10221,1,-1.700000,1,337.79,1,2.44,1,122,-8.25,-3616.28,12,0
10/29/2018 15:32:00 ,13,1,1.10000,1,2.22000,2.47000,51.065074,3.712406,1,11241,1,-2.300000,1,336.75,1,2.52,1,121,-7.50,-3549.69,12,1
10/29/2018 15:32:00 ,13,1,1.10000,1,2.22000,2.47000,51.065074,3.712406,1,11241,1,-2.300000,1,336.75,1,2.52,1,121,-7.50,-3549.69,12,0
10/29/2018 15:32:02 ,14,1,0.97000,1,1.90000,2.13000,51.065078,3.712400,1,1201,1,-2.900000,1,340.43,1,2.72,1,121,-7.50,-3549.69,12,0
10/29/2018 15:32:03 ,14,1,0.97000,1,1.90000,2.13000,51.065090,3.712399,1,2210,1,-2.000000,1,340.43,1,1.61,1,121,-7.50,-3549.69,12,0
10/29/2018 15:32:05 ,13,1,1.25000,1,2.30000,2.61000,51.065116,3.712387,1,2220,1,-1.500000,1,343.56,1,4.15,1,121,-7.50,-3549.69,12,0
10/29/2018 15:32:06 ,13,1,1.25000,1,2.30000,2.61000,51.065128,3.712383,1,4231,1,-1.800000,1,346.40,1,4.00,1,-126,-4.75,1971.32,7,1
10/29/2018 15:32:06 ,13,1,1.25000,1,2.30000,2.61000,51.065128,3.712383,1,4231,1,-1.800000,1,346.40,1,4.00,1,-126,-4.75,1971.32,7,0
10/29/2018 15:32:08 ,13,1,1.25000,1,2.30000,2.61000,51.065151,3.712376,1,4340,1,-2.100000,1,342.04,1,4.11,1,-126,-4.75,1971.32,7,0
