00/00/2000 00:00:00 ,0,0,0.00000,0,0.00000,0.00000,0.000000,0.000000,0,0,0,0.000000,0,0.00,0,0.00,0,-125,0.00,2004.88,7,1
10/29/2018 10:53:58 ,0,1,99.99000,1,99.99000,99.99000,0.000000,0.000000,0,32244002423140,0,0.000000,0,0.00,0,0.00,0,-125,0.00,2004.88,7,0
10/29/2018 10:53:59 ,0,1,99.99000,1,99.99000,99.99000,0.000000,0.000000,0,32244002423140,0,0.000000,0,0.00,0,0.00,0,-127,-4.25,1937.77,7,1
10/29/2018 10:54:00 ,0,1,99.99000,1,99.99000,99.99000,0.000000,0.000000,0,32244002423140,0,0.000000,0,0.00,0,0.00,0,-127,-4.25,1937.77,7,0
10/29/2018 10:54:00 ,0,1,99.99000,1,99.99000,99.99000,0.000000,0.000000,0,32244002423140,0,0.000000,0,0.00,0,0.00,0,-125,-1.00,1887.44,7,1
10/29/2018 10:54:01 ,0,1,99.99000,1,99.99000,99.99000,0.000000,0.000000,0,32244002423140,0,0.000000,0,0.00,0,0.00,0,-125,-1.00,1887.44,7,0
10/29/2018 10:54:02 ,0,1,99.99000,1,99.99000,99.99000,0.000000,0.000000,0,32244002423140,0,0.000000,0,0.00,0,0.00,0,-121,-3.75,1853.88,7,1
10/29/2018 10:54:03 ,0,1,99.99000,1,99.99000,99.99000,0.000000,0.000000,0,32244002423140,0,0.000000,0,0.00,0,0.00,0,-121,-3.75,1853.88,7,0
10/29/2018 10:54:03 ,0,1,99.99000,1,99.99000,99.99000,0.000000,0.000000,0,32244002423140,0,0.000000,0,0.00,0,0.00,0,-123,-3.00,1837.11,7,1
10/29/2018 10:54:04 ,0,1,99.99000,1,99.99000,99.99000,0.000000,0.000000,0,32244002423140,0,0.000000,0,0.00,0,0.00,0,-123,-3.00,1837.11,7,0
10/29/2018 10:54:05 ,0,1,99.99000,1,99.99000,99.99000,0.000000,0.000000,0,32244002423140,0,0.000000,0,0.00,0,0.00,0,-124,1.00,1803.55,7,1
10/29/2018 10:54:06 ,0,1,99.99000,1,99.99000,99.99000,0.000000,0.000000,0,32244002423140,0,0.000000,0,0.00,0,0.00,0,-124,1.00,1803.55,7,0
10/29/2018 10:54:06 ,0,1,99.99000,1,99.99000,99.99000,0.000000,0.000000,0,32244002423140,0,0.000000,0,0.00,0,0.00,0,-124,1.50,1786.77,7,1
10/29/2018 10:54:07 ,0,1,99.99000,1,99.99000,99.99000,0.000000,0.000000,0,32244002423140,0,0.000000,0,0.00,0,0.00,0,-124,1.50,1786.77,7,0
10/29/2018 10:54:08 ,0,1,99.99000,1,99.99000,99.99000,0.000000,0.000000,0,32244002423140,0,0.000000,0,0.00,0,0.00,0,-123,2.50,1770.00,7,1
10/29/2018 10:54:09 ,0,1,99.99000,1,99.99000,99.99000,0.000000,0.000000,0,32244002423140,0,0.000000,0,0.00,0,0.00,0,-123,2.50,1770.00,7,0
10/29/2018 10:54:09 ,0,1,99.99000,1,99.99000,99.99000,0.000000,0.000000,0,32244002423140,0,0.000000,0,0.00,0,0.00,0,-123,2.50,1770.00,7,1
10/29/2018 10:54:10 ,0,1,99.99000,1,99.99000,99.99000,0.000000,0.000000,0,32244002423140,0,0.000000,0,0.00,0,0.00,0,-123,2.50,1770.00,7,0
10/29/2018 10:54:11 ,0,1,99.99000,1,99.99000,99.99000,0.000000,0.000000,0,32244002423140,0,0.000000,0,0.00,0,0.00,0,-122,4.00,1736.44,7,1
10/29/2018 10:54:12 ,4,1,8.10000,1,1.00000,8.16000,0.000000,0.000000,0,32244002423140,0,0.000000,0,0.00,0,0.00,0,-122,4.00,1736.44,7,0
10/29/2018 10:54:13 ,4,1,8.10000,1,1.00000,8.16000,0.000000,0.000000,0,32244002423140,0,0.000000,0,0.00,0,0.00,0,-123,3.00,1719.66,7,1
10/29/2018 10:54:14 ,4,1,8.08000,1,1.00000,8.14000,0.000000,0.000000,0,32244002423140,0,0.000000,0,0.00,0,0.00,0,-123,3.00,1719.66,7,0
10/29/2018 10:54:14 ,4,1,8.08000,1,1.00000,8.14000,0.000000,0.000000,0,32244002423140,0,0.000000,0,0.00,0,0.00,0,-123,2.75,1719.66,7,1
10/29/2018 10:54:15 ,4,1,8.07000,1,1.00000,8.14000,0.000000,0.000000,0,32244002423140,0,0.000000,0,0.00,0,0.00,0,-123,2.75,1719.66,7,0
10/29/2018 10:54:16 ,0,1,99.99000,1,99.99000,99.99000,0.000000,0.000000,0,32244002423140,0,0.000000,0,0.00,0,0.00,0,-125,0.00,1702.89,7,1
10/29/2018 10:54:17 ,20,1,8.06000,1,1.00000,8.12000,0.000000,0.000000,0,32244002423140,0,0.000000,0,0.00,0,0.00,0,-125,0.00,1702.89,7,0
10/29/2018 10:54:17 ,20,1,8.06000,1,1.00000,8.12000,0.000000,0.000000,0,32244002423140,0,0.000000,0,0.00,0,0.00,0,-124,1.50,1686.11,7,1
10/29/2018 10:54:18 ,11,1,8.05000,1,1.00000,8.11000,51.060333,3.706574,1,10013,1,68.300003,1,246.83,1,20.04,1,-124,1.50,1686.11,7,0
10/29/2018 10:54:18 ,11,1,8.05000,1,1.00000,8.11000,51.060333,3.706574,1,11412,1,68.300003,1,246.83,1,20.04,1,127,4.75,1080.03,9,1
10/29/2018 10:54:20 ,12,1,1.54000,1,1.00000,8.11000,51.060428,3.706885,1,131,1,64.400001,1,246.83,1,2.70,1,127,4.75,1080.03,9,0
10/29/2018 10:54:21 ,12,1,1.54000,1,2.75000,3.16000,51.060447,3.706924,1,1411,1,62.900001,1,246.83,1,2.32,1,127,4.75,1080.03,9,0
10/29/2018 10:54:21 ,12,1,1.54000,1,2.75000,3.16000,51.060447,3.706924,1,3413,1,62.900001,1,246.83,1,2.32,1,126,4.75,1067.45,9,1
10/29/2018 10:54:22 ,11,1,1.54000,1,2.75000,3.16000,51.060451,3.706924,1,3434,1,62.799999,1,246.83,1,2.89,1,126,4.75,1067.45,9,0
10/29/2018 10:54:24 ,12,1,1.26000,1,1.71000,2.12000,51.060466,3.706874,1,332,1,51.099998,1,246.83,1,1.46,1,125,4.00,1054.87,9,1
10/29/2018 10:54:24 ,12,1,1.26000,1,1.71000,2.12000,51.060466,3.706874,1,332,1,51.099998,1,246.83,1,1.46,1,125,4.00,1054.87,9,0
10/29/2018 10:54:26 ,14,1,1.26000,1,1.71000,2.12000,51.060485,3.706746,1,2440,1,27.000000,1,246.83,1,1.65,1,125,4.00,1054.87,9,0
10/29/2018 10:54:26 ,14,1,1.26000,1,1.71000,2.12000,51.060485,3.706746,1,10232,1,27.000000,1,246.83,1,1.65,1,126,4.50,1050.67,9,1
10/29/2018 10:54:27 ,14,1,1.26000,1,1.71000,2.12000,51.060489,3.706684,1,10240,1,16.899999,1,249.56,1,5.00,1,126,4.50,1050.67,9,0
10/29/2018 10:54:29 ,14,1,1.17000,1,1.64000,2.02000,51.060501,3.706621,1,2210,1,5.900000,1,252.98,1,1.26,1,-128,1.25,1042.28,9,1
10/29/2018 10:54:29 ,14,1,1.17000,1,1.64000,2.02000,51.060501,3.706621,1,2210,1,5.900000,1,252.98,1,1.26,1,-128,1.25,1042.28,9,0
10/29/2018 10:54:31 ,20,1,1.11000,1,1.61000,1.96000,51.060501,3.706564,1,3030,1,-1.100000,1,252.98,1,3.57,1,-128,1.25,1042.28,9,0
10/29/2018 10:54:32 ,20,1,1.11000,1,1.61000,1.96000,51.060504,3.706543,1,44,1,-1.100000,1,252.98,1,2.82,1,127,5.00,1029.70,9,1
10/29/2018 10:54:33 ,20,1,1.11000,1,1.61000,1.96000,51.060504,3.706531,1,410,1,-6.100000,1,252.98,1,1.44,1,127,5.00,1029.70,9,0
10/29/2018 10:54:34 ,14,1,1.17000,1,1.64000,2.02000,51.060508,3.706520,1,2032,1,-8.000000,1,252.98,1,0.98,1,127,5.00,1029.70,9,0
10/29/2018 10:54:34 ,14,1,1.17000,1,1.64000,2.02000,51.060508,3.706520,1,4040,1,-8.000000,1,252.98,1,0.98,1,126,4.75,1021.31,9,1
10/29/2018 10:54:35 ,14,1,1.17000,1,1.64000,2.02000,51.060512,3.706501,1,4111,1,-10.700000,1,252.98,1,3.11,1,126,4.75,1021.31,9,0
10/29/2018 10:54:37 ,13,1,1.18000,1,1.64000,2.02000,51.060516,3.706470,1,1022,1,-15.100001,1,252.98,1,2.87,1,127,4.25,1012.92,9,1
10/29/2018 10:54:37 ,13,1,1.18000,1,1.64000,2.02000,51.060516,3.706470,1,1022,1,-15.100001,1,252.98,1,2.87,1,127,4.25,1012.92,9,0
10/29/2018 10:54:39 ,13,1,1.18000,1,1.64000,2.02000,51.060523,3.706463,1,3200,1,-18.399999,1,252.98,1,1.61,1,127,4.25,1012.92,9,0
10/29/2018 10:54:41 ,13,1,1.18000,1,1.64000,2.02000,51.060527,3.706453,1,3231,1,-19.899999,1,252.98,1,1.89,1,127,4.25,1012.92,9,0
10/29/2018 10:54:43 ,14,1,1.18000,1,1.65000,2.02000,51.060535,3.706447,1,3300,1,-20.700000,1,252.98,1,1.07,1,127,4.25,1012.92,9,0
10/29/2018 10:54:45 ,20,1,1.11000,1,1.61000,1.96000,51.060531,3.706435,1,3320,1,-20.299999,1,252.98,1,1.72,1,127,4.25,1012.92,9,0
10/29/2018 10:54:47 ,20,1,0.93000,1,1.16000,1.49000,51.060527,3.706453,1,3332,1,-16.200000,1,252.98,1,1.15,1,127,4.25,1012.92,9,0
10/29/2018 10:54:48 ,14,1,0.93000,1,1.16000,1.49000,51.060523,3.706457,1,1010,1,-14.400000,1,252.98,1,1.48,1,124,1.75,-2265.71,12,1
10/29/2018 10:54:49 ,14,1,1.03000,1,1.24000,1.61000,51.060516,3.706471,1,2303,1,-10.900000,1,252.98,1,0.83,1,124,1.75,-2265.71,12,0
10/29/2018 10:54:51 ,20,1,1.03000,1,1.24000,1.61000,51.060501,3.706480,1,3024,1,-4.900000,1,252.98,1,0.87,1,124,1.75,-2265.71,12,0
10/29/2018 10:54:53 ,21,1,0.95000,1,1.34000,1.64000,51.060497,3.706498,1,3043,1,-2.600000,1,252.98,1,0.31,1,124,1.75,-2265.71,12,0
00/00/2000 00:00:00 ,0,0,0.00000,0,0.00000,0.00000,0.000000,0.000000,0,32244002423140,0,0.000000,0,0.00,0,0.00,0,-126,-2.25,-2055.21,7,1
00/00/2000 00:00:00 ,0,1,99.99000,1,99.99000,99.99000,0.000000,0.000000,0,32244002423140,0,0.000000,0,0.00,0,0.00,0,-126,-2.25,-2055.21,7,0
00/00/2000 00:00:00 ,0,1,99.99000,1,99.99000,99.99000,0.000000,0.000000,0,32244002423140,0,0.000000,0,0.00,0,0.00,0,-124,1.00,-2105.54,7,1
00/00/2000 00:00:00 ,0,1,99.99000,1,99.99000,99.99000,0.000000,0.000000,0,32244002423140,0,0.000000,0,0.00,0,0.00,0,-124,1.00,-2105.54,7,0
00/00/2000 00:00:00 ,0,1,99.99000,1,99.99000,99.99000,0.000000,0.000000,0,32244002423140,0,0.000000,0,0.00,0,0.00,0,-124,-3.75,-2155.87,7,1
00/00/2000 00:00:00 ,0,1,99.99000,1,99.99000,99.99000,0.000000,0.000000,0,32244002423140,0,0.000000,0,0.00,0,0.00,0,-124,-3.75,-2155.87,7,0
00/00/2000 00:00:00 ,0,1,99.99000,1,99.99000,99.99000,0.000000,0.000000,0,32244002423140,0,0.000000,0,0.00,0,0.00,0,-121,0.25,-2206.20,7,1
00/00/2000 00:00:00 ,0,1,99.99000,1,99.99000,99.99000,0.000000,0.000000,0,32244002423140,0,0.000000,0,0.00,0,0.00,0,-121,0.25,-2206.20,7,0
00/00/2000 00:00:00 ,0,1,99.99000,1,99.99000,99.99000,0.000000,0.000000,0,32244002423140,0,0.000000,0,0.00,0,0.00,0,-124,0.75,-2239.76,7,1
00/00/2000 00:00:00 ,0,1,99.99000,1,99.99000,99.99000,0.000000,0.000000,0,32244002423140,0,0.000000,0,0.00,0,0.00,0,-124,0.75,-2239.76,7,0
00/00/2000 00:00:00 ,0,1,99.99000,1,99.99000,99.99000,0.000000,0.000000,0,32244002423140,0,0.000000,0,0.00,0,0.00,0,-125,0.50,-2290.09,7,1
00/00/2000 00:00:00 ,0,1,99.99000,1,99.99000,99.99000,0.000000,0.000000,0,32244002423140,0,0.000000,0,0.00,0,0.00,0,-125,0.50,-2290.09,7,0
00/00/2000 00:00:00 ,0,1,99.99000,1,99.99000,99.99000,0.000000,0.000000,0,32244002423140,0,0.000000,0,0.00,0,0.00,0,-121,3.25,-2306.87,7,1
00/00/2000 00:00:00 ,0,1,99.99000,1,99.99000,99.99000,0.000000,0.000000,0,32244002423140,0,0.000000,0,0.00,0,0.00,0,-121,3.25,-2306.87,7,0
00/00/2000 00:00:00 ,0,1,99.99000,1,99.99000,99.99000,0.000000,0.000000,0,32244002423140,0,0.000000,0,0.00,0,0.00,0,-123,1.00,-2306.87,7,1
00/00/2000 00:00:00 ,0,1,99.99000,1,99.99000,99.99000,0.000000,0.000000,0,32244002423140,0,0.000000,0,0.00,0,0.00,0,-123,1.00,-2306.87,7,0
00/00/2000 00:00:00 ,0,1,99.99000,1,99.99000,99.99000,0.000000,0.000000,0,32244002423140,0,0.000000,0,0.00,0,0.00,0,-123,-4.00,-2373.98,7,1
