10/29/2018 12:46:33 ,11,1,6.04000,1,4.38000,7.46000,51.059528,3.707043,1,4402,1,12.900000,1,181.32,1,8.22,1,0,0.00,1868.56,0,0
10/29/2018 12:46:35 ,10,1,6.04000,1,4.38000,7.46000,51.059608,3.707063,1,2444,1,13.000000,1,184.13,1,6.07,1,-128,-9.00,1937.77,7,1
10/29/2018 12:46:35 ,10,1,6.04000,1,4.38000,7.46000,51.059608,3.707063,1,2444,1,13.000000,1,184.13,1,6.07,1,-128,-9.00,1937.77,7,0
10/29/2018 12:46:37 ,12,1,2.70000,1,3.03000,4.06000,51.059894,3.707169,1,3110,1,12.800001,1,184.13,1,4.72,1,-128,-9.00,1937.77,7,0
10/29/2018 12:46:38 ,12,1,6.94000,1,8.59000,11.04000,51.059951,3.707204,1,3431,1,12.700000,1,184.13,1,4.78,1,-118,2.00,1853.88,7,1
10/29/2018 12:46:38 ,12,1,6.94000,1,8.59000,11.04000,51.059951,3.707204,1,3431,1,12.700000,1,184.13,1,4.78,1,-118,2.00,1853.88,7,0
10/29/2018 12:46:40 ,13,1,6.95000,1,8.59000,11.05000,51.059906,3.707220,1,104,1,12.700000,1,191.48,1,11.02,1,-125,0.50,1837.11,7,1
10/29/2018 12:46:40 ,13,1,6.95000,1,8.59000,11.05000,51.059906,3.707220,1,104,1,12.700000,1,191.48,1,11.02,1,-125,0.50,1837.11,7,0
10/29/2018 12:46:41 ,11,1,3.69000,1,2.62000,4.52000,51.059852,3.707131,1,4321,1,12.400000,1,199.42,1,14.74,1,-125,-5.75,1820.33,7,1
10/29/2018 12:46:41 ,11,1,3.69000,1,2.62000,4.52000,51.059852,3.707131,1,4321,1,12.400000,1,199.42,1,14.74,1,-125,-5.75,1820.33,7,0
10/29/2018 12:46:43 ,11,1,3.83000,1,3.73000,5.34000,51.059593,3.706681,1,1030,1,12.200000,1,226.02,1,33.71,1,-119,5.25,1820.33,7,1
10/29/2018 12:46:43 ,11,1,3.83000,1,3.73000,5.34000,51.059593,3.706681,1,1030,1,12.200000,1,226.02,1,33.71,1,-119,5.25,1820.33,7,0
10/29/2018 12:46:44 ,11,1,3.83000,1,3.73000,5.34000,51.059452,3.706461,1,10223,1,12.500000,1,227.15,1,40.71,1,-120,5.00,1803.55,7,1
10/29/2018 12:46:44 ,11,1,3.83000,1,3.73000,5.34000,51.059452,3.706461,1,10223,1,12.500000,1,227.15,1,40.71,1,-120,5.00,1803.55,7,0
10/29/2018 12:46:46 ,0,1,99.99000,1,99.99000,99.99000,51.059280,3.706341,1,14444,1,12.600001,1,219.97,1,43.58,1,-110,3.25,1786.77,7,1
10/29/2018 12:46:46 ,0,1,99.99000,1,99.99000,99.99000,51.059280,3.706341,1,14444,1,12.600001,1,219.97,1,43.58,1,-110,3.25,1786.77,7,0
10/29/2018 12:46:47 ,0,1,99.99000,1,99.99000,99.99000,51.059280,3.706341,1,42204,1,12.600001,1,219.97,1,43.58,1,-110,6.50,1786.77,7,1
10/29/2018 12:46:47 ,0,1,99.99000,1,99.99000,99.99000,51.059280,3.706341,1,42204,1,12.600001,1,219.97,1,43.58,1,-110,6.50,1786.77,7,0
10/29/2018 12:46:49 ,0,1,99.99000,1,99.99000,99.99000,51.059280,3.706341,1,112442,1,12.600001,1,219.97,1,43.58,1,-110,6.50,1786.77,7,0
10/29/2018 12:46:49 ,0,1,99.99000,1,99.99000,99.99000,51.059280,3.706341,1,114413,1,12.600001,1,219.97,1,43.58,1,-111,6.50,1770.00,7,1
10/29/2018 12:46:50 ,0,1,99.99000,1,99.99000,99.99000,51.059280,3.706341,1,132441,1,12.600001,1,219.97,1,43.58,1,-111,6.50,1770.00,7,0
10/29/2018 12:46:51 ,0,1,99.99000,1,99.99000,99.99000,51.059280,3.706341,1,142123,1,12.600001,1,219.97,1,43.58,1,-115,4.75,1753.22,7,1
10/29/2018 12:46:52 ,0,1,99.99000,1,99.99000,99.99000,51.059280,3.706341,1,211302,1,12.600001,1,219.97,1,43.58,1,-115,4.75,1753.22,7,0
10/29/2018 12:46:53 ,0,1,99.99000,1,99.99000,99.99000,51.059280,3.706341,1,230413,1,12.600001,1,219.97,1,43.58,1,-115,4.75,1753.22,7,0
10/29/2018 12:46:54 ,0,1,99.99000,1,99.99000,99.99000,51.059280,3.706341,1,303302,1,12.600001,1,219.97,1,43.58,1,-115,4.00,1704.98,9,1
10/29/2018 12:46:54 ,0,1,99.99000,1,99.99000,99.99000,51.059280,3.706341,1,303302,1,12.600001,1,219.97,1,43.58,1,-115,4.00,1704.98,9,0
