10/29/2018 12:39:53 ,0,1,99.99000,1,0.00000,0.00000,0.000000,0.000000,0,32244002423140,0,0.000000,0,0.00,0,0.00,0,-118,5.00,-729.81,7,1
10/29/2018 12:39:54 ,0,1,99.99000,1,99.99000,99.99000,0.000000,0.000000,0,32244002423140,0,0.000000,0,0.00,0,0.00,0,-118,5.00,-729.81,7,0
10/29/2018 12:39:54 ,0,1,99.99000,1,99.99000,99.99000,0.000000,0.000000,0,32244002423140,0,0.000000,0,0.00,0,0.00,0,-110,6.25,-729.81,7,1
10/29/2018 12:39:55 ,0,1,99.99000,1,99.99000,99.99000,0.000000,0.000000,0,32244002423140,0,0.000000,0,0.00,0,0.00,0,-110,6.25,-729.81,7,0
10/29/2018 12:39:56 ,0,1,99.99000,1,99.99000,99.99000,0.000000,0.000000,0,32244002423140,0,0.000000,0,0.00,0,0.00,0,-111,6.50,-746.59,7,1
10/29/2018 12:39:57 ,0,1,99.99000,1,99.99000,99.99000,0.000000,0.000000,0,32244002423140,0,0.000000,0,0.00,0,0.00,0,-111,6.50,-746.59,7,0
10/29/2018 12:39:57 ,0,1,99.99000,1,99.99000,99.99000,0.000000,0.000000,0,32244002423140,0,0.000000,0,0.00,0,0.00,0,-109,5.50,-780.14,7,1
10/29/2018 12:39:58 ,0,1,99.99000,1,99.99000,99.99000,0.000000,0.000000,0,32244002423140,0,0.000000,0,0.00,0,0.00,0,-109,5.50,-780.14,7,0
10/29/2018 12:39:59 ,0,1,99.99000,1,99.99000,99.99000,0.000000,0.000000,0,32244002423140,0,0.000000,0,0.00,0,0.00,0,-112,6.50,-796.92,7,1
10/29/2018 12:40:00 ,0,1,99.99000,1,99.99000,99.99000,0.000000,0.000000,0,32244002423140,0,0.000000,0,0.00,0,0.00,0,-112,6.50,-796.92,7,0
10/29/2018 12:40:00 ,0,1,99.99000,1,99.99000,99.99000,0.000000,0.000000,0,32244002423140,0,0.000000,0,0.00,0,0.00,0,-112,6.50,-796.92,7,1
10/29/2018 12:40:01 ,0,1,99.99000,1,99.99000,99.99000,0.000000,0.000000,0,32244002423140,0,0.000000,0,0.00,0,0.00,0,-112,6.50,-796.92,7,0
10/29/2018 12:40:02 ,0,1,99.99000,1,99.99000,99.99000,0.000000,0.000000,0,32244002423140,0,0.000000,0,0.00,0,0.00,0,-107,-0.25,-796.92,7,1
10/29/2018 12:40:03 ,0,1,99.99000,1,99.99000,99.99000,0.000000,0.000000,0,32244002423140,0,0.000000,0,0.00,0,0.00,0,-107,-0.25,-796.92,7,0
10/29/2018 12:40:03 ,0,1,99.99000,1,99.99000,99.99000,0.000000,0.000000,0,32244002423140,0,0.000000,0,0.00,0,0.00,0,-113,6.50,-813.69,7,1
10/29/2018 12:40:05 ,0,1,99.99000,1,99.99000,99.99000,0.000000,0.000000,0,32244002423140,0,0.000000,0,0.00,0,0.00,0,-113,6.50,-813.69,7,0
10/29/2018 12:40:05 ,0,1,99.99000,1,99.99000,99.99000,0.000000,0.000000,0,32244002423140,0,0.000000,0,0.00,0,0.00,0,-113,6.50,-813.69,7,1
10/29/2018 12:40:06 ,0,1,99.99000,1,99.99000,99.99000,0.000000,0.000000,0,32244002423140,0,0.000000,0,0.00,0,0.00,0,-113,6.50,-813.69,7,0
10/29/2018 12:40:07 ,0,1,99.99000,1,99.99000,99.99000,0.000000,0.000000,0,32244002423140,0,0.000000,0,0.00,0,0.00,0,-112,6.50,-813.69,7,1
10/29/2018 12:40:08 ,0,1,99.99000,1,99.99000,99.99000,0.000000,0.000000,0,32244002423140,0,0.000000,0,0.00,0,0.00,0,-112,6.50,-813.69,7,0
10/29/2018 12:40:08 ,0,1,99.99000,1,99.99000,99.99000,0.000000,0.000000,0,32244002423140,0,0.000000,0,0.00,0,0.00,0,-113,6.50,-830.47,7,1
10/29/2018 12:40:09 ,0,1,99.99000,1,99.99000,99.99000,0.000000,0.000000,0,32244002423140,0,0.000000,0,0.00,0,0.00,0,-113,6.50,-830.47,7,0
10/29/2018 12:40:10 ,0,1,99.99000,1,99.99000,99.99000,0.000000,0.000000,0,32244002423140,0,0.000000,0,0.00,0,0.00,0,-112,6.25,-813.69,7,1
10/29/2018 12:40:11 ,0,1,99.99000,1,99.99000,99.99000,0.000000,0.000000,0,32244002423140,0,0.000000,0,0.00,0,0.00,0,-112,6.25,-813.69,7,0
10/29/2018 12:40:11 ,0,1,99.99000,1,99.99000,99.99000,0.000000,0.000000,0,32244002423140,0,0.000000,0,0.00,0,0.00,0,-112,6.50,-813.69,7,1
10/29/2018 12:40:12 ,0,1,99.99000,1,99.99000,99.99000,0.000000,0.000000,0,32244002423140,0,0.000000,0,0.00,0,0.00,0,-112,6.50,-813.69,7,0
10/29/2018 12:40:13 ,0,1,99.99000,1,99.99000,99.99000,0.000000,0.000000,0,32244002423140,0,0.000000,0,0.00,0,0.00,0,-112,6.50,-813.69,7,1
10/29/2018 12:40:14 ,0,1,99.99000,1,99.99000,99.99000,0.000000,0.000000,0,32244002423140,0,0.000000,0,0.00,0,0.00,0,-112,6.50,-813.69,7,0
10/29/2018 12:40:15 ,0,1,99.99000,1,99.99000,99.99000,0.000000,0.000000,0,32244002423140,0,0.000000,0,0.00,0,0.00,0,-112,6.50,-813.69,7,0
10/29/2018 12:40:15 ,0,1,99.99000,1,99.99000,99.99000,0.000000,0.000000,0,32244002423140,0,0.000000,0,0.00,0,0.00,0,-122,6.25,-832.57,9,1
10/29/2018 12:40:16 ,0,1,99.99000,1,99.99000,99.99000,0.000000,0.000000,0,32244002423140,0,0.000000,0,0.00,0,0.00,0,-122,6.25,-832.57,9,0
10/29/2018 12:40:18 ,0,1,99.99000,1,99.99000,99.99000,0.000000,0.000000,0,32244002423140,0,0.000000,0,0.00,0,0.00,0,-123,5.50,-828.38,9,1
10/29/2018 12:40:18 ,0,1,99.99000,1,99.99000,99.99000,0.000000,0.000000,0,32244002423140,0,0.000000,0,0.00,0,0.00,0,-123,5.50,-828.38,9,0
10/29/2018 12:40:20 ,0,1,99.99000,1,99.99000,99.99000,0.000000,0.000000,0,32244002423140,0,0.000000,0,0.00,0,0.00,0,-123,5.50,-828.38,9,0
10/29/2018 12:40:20 ,0,1,99.99000,1,99.99000,99.99000,0.000000,0.000000,0,32244002423140,0,0.000000,0,0.00,0,0.00,0,-123,5.50,-824.18,9,1
10/29/2018 12:40:21 ,0,1,99.99000,1,99.99000,99.99000,0.000000,0.000000,0,32244002423140,0,0.000000,0,0.00,0,0.00,0,-123,5.50,-824.18,9,0
10/29/2018 12:40:23 ,0,1,99.99000,1,99.99000,99.99000,0.000000,0.000000,0,32244002423140,0,0.000000,0,0.00,0,0.00,0,-123,5.50,-824.18,9,0
10/29/2018 12:40:23 ,0,1,99.99000,1,99.99000,99.99000,0.000000,0.000000,0,32244002423140,0,0.000000,0,0.00,0,0.00,0,-123,5.25,-819.99,9,1
10/29/2018 12:40:24 ,0,1,99.99000,1,99.99000,99.99000,0.000000,0.000000,0,32244002423140,0,0.000000,0,0.00,0,0.00,0,-123,5.25,-819.99,9,0
10/29/2018 12:40:26 ,0,1,99.99000,1,99.99000,99.99000,0.000000,0.000000,0,32244002423140,0,0.000000,0,0.00,0,0.00,0,-123,7.00,-811.60,9,1
10/29/2018 12:40:26 ,0,1,99.99000,1,99.99000,99.99000,0.000000,0.000000,0,32244002423140,0,0.000000,0,0.00,0,0.00,0,-123,7.00,-811.60,9,0
10/29/2018 12:40:27 ,0,1,99.99000,1,99.99000,99.99000,0.000000,0.000000,0,32244002423140,0,0.000000,0,0.00,0,0.00,0,-123,7.00,-811.60,9,0
10/29/2018 12:40:28 ,0,1,99.99000,1,99.99000,99.99000,0.000000,0.000000,0,32244002423140,0,0.000000,0,0.00,0,0.00,0,-120,5.75,-803.21,9,1
10/29/2018 12:40:28 ,0,1,99.99000,1,99.99000,99.99000,0.000000,0.000000,0,32244002423140,0,0.000000,0,0.00,0,0.00,0,-120,5.75,-803.21,9,0
10/29/2018 12:40:30 ,0,1,99.99000,1,99.99000,99.99000,0.000000,0.000000,0,32244002423140,0,0.000000,0,0.00,0,0.00,0,-120,5.75,-803.21,9,0
10/29/2018 12:40:31 ,0,1,99.99000,1,99.99000,99.99000,0.000000,0.000000,0,32244002423140,0,0.000000,0,0.00,0,0.00,0,-123,6.50,-799.01,9,1
10/29/2018 12:40:32 ,0,1,99.99000,1,99.99000,99.99000,0.000000,0.000000,0,32244002423140,0,0.000000,0,0.00,0,0.00,0,-123,6.50,-799.01,9,0
10/29/2018 12:40:33 ,0,1,99.99000,1,99.99000,99.99000,0.000000,0.000000,0,32244002423140,0,0.000000,0,0.00,0,0.00,0,-123,6.50,-799.01,9,0
10/29/2018 12:40:34 ,0,1,99.99000,1,99.99000,99.99000,0.000000,0.000000,0,32244002423140,0,0.000000,0,0.00,0,0.00,0,-122,6.75,-786.43,9,1
10/29/2018 12:40:35 ,0,1,99.99000,1,99.99000,99.99000,0.000000,0.000000,0,32244002423140,0,0.000000,0,0.00,0,0.00,0,-122,6.75,-786.43,9,0
10/29/2018 12:40:36 ,0,1,99.99000,1,99.99000,99.99000,0.000000,0.000000,0,32244002423140,0,0.000000,0,0.00,0,0.00,0,-122,6.75,-786.43,9,0
10/29/2018 12:40:38 ,0,1,99.99000,1,99.99000,99.99000,0.000000,0.000000,0,32244002423140,0,0.000000,0,0.00,0,0.00,0,-122,6.75,-786.43,9,0
10/29/2018 12:40:39 ,0,1,99.99000,1,99.99000,99.99000,0.000000,0.000000,0,32244002423140,0,0.000000,0,0.00,0,0.00,0,-123,2.75,-3907.26,12,1
10/29/2018 12:40:40 ,0,1,99.99000,1,99.99000,99.99000,0.000000,0.000000,0,32244002423140,0,0.000000,0,0.00,0,0.00,0,-123,2.75,-3907.26,12,0
10/29/2018 12:40:42 ,0,1,99.99000,1,99.99000,99.99000,0.000000,0.000000,0,32244002423140,0,0.000000,0,0.00,0,0.00,0,-123,2.75,-3907.26,12,0
10/29/2018 12:40:44 ,0,1,99.99000,1,99.99000,99.99000,0.000000,0.000000,0,32244002423140,0,0.000000,0,0.00,0,0.00,0,-123,2.75,-3907.26,12,0
10/29/2018 12:40:45 ,0,1,99.99000,1,99.99000,99.99000,0.000000,0.000000,0,32244002423140,0,0.000000,0,0.00,0,0.00,0,-123,2.75,-3907.26,12,0
10/29/2018 12:40:47 ,0,1,99.99000,1,99.99000,99.99000,0.000000,0.000000,0,32244002423140,0,0.000000,0,0.00,0,0.00,0,-123,2.75,-3907.26,12,0
10/29/2018 12:40:48 ,0,1,99.99000,1,99.99000,99.99000,0.000000,0.000000,0,32244002423140,0,0.000000,0,0.00,0,0.00,0,-124,5.25,-3881.04,12,1
10/29/2018 12:40:49 ,0,1,99.99000,1,99.99000,99.99000,0.000000,0.000000,0,32244002423140,0,0.000000,0,0.00,0,0.00,0,-124,5.25,-3881.04,12,0
10/29/2018 12:40:51 ,0,1,99.99000,1,99.99000,99.99000,0.000000,0.000000,0,32244002423140,0,0.000000,0,0.00,0,0.00,0,-124,5.25,-3881.04,12,0
10/29/2018 12:40:53 ,0,1,99.99000,1,99.99000,99.99000,0.000000,0.000000,0,32244002423140,0,0.000000,0,0.00,0,0.00,0,-124,5.25,-3881.04,12,0
10/29/2018 12:40:55 ,0,1,99.99000,1,99.99000,99.99000,0.000000,0.000000,0,32244002423140,0,0.000000,0,0.00,0,0.00,0,-112,6.75,-696.25,7,1
10/29/2018 12:40:55 ,0,1,99.99000,1,99.99000,99.99000,0.000000,0.000000,0,32244002423140,0,0.000000,0,0.00,0,0.00,0,-112,6.75,-696.25,7,0
10/29/2018 12:40:56 ,0,1,99.99000,1,99.99000,99.99000,0.000000,0.000000,0,32244002423140,0,0.000000,0,0.00,0,0.00,0,-112,6.25,-696.25,7,1
10/29/2018 12:40:56 ,0,1,99.99000,1,99.99000,99.99000,0.000000,0.000000,0,32244002423140,0,0.000000,0,0.00,0,0.00,0,-112,6.25,-696.25,7,0
10/29/2018 12:40:58 ,0,1,99.99000,1,99.99000,99.99000,0.000000,0.000000,0,32244002423140,0,0.000000,0,0.00,0,0.00,0,-112,6.50,-679.48,7,1
10/29/2018 12:40:58 ,0,1,99.99000,1,99.99000,99.99000,0.000000,0.000000,0,32244002423140,0,0.000000,0,0.00,0,0.00,0,-112,6.50,-679.48,7,0
10/29/2018 12:40:59 ,0,1,99.99000,1,99.99000,99.99000,0.000000,0.000000,0,32244002423140,0,0.000000,0,0.00,0,0.00,0,-112,6.50,-679.48,7,0
10/29/2018 12:40:59 ,0,1,99.99000,1,99.99000,99.99000,0.000000,0.000000,0,32244002423140,0,0.000000,0,0.00,0,0.00,0,-112,6.50,-679.48,7,1
10/29/2018 12:41:00 ,0,1,99.99000,1,99.99000,99.99000,0.000000,0.000000,0,32244002423140,0,0.000000,0,0.00,0,0.00,0,-112,6.50,-679.48,7,0
10/29/2018 12:41:01 ,0,1,99.99000,1,99.99000,99.99000,0.000000,0.000000,0,32244002423140,0,0.000000,0,0.00,0,0.00,0,-111,6.25,-679.48,7,1
10/29/2018 12:41:02 ,0,1,99.99000,1,99.99000,99.99000,0.000000,0.000000,0,32244002423140,0,0.000000,0,0.00,0,0.00,0,-111,6.25,-679.48,7,0
10/29/2018 12:41:02 ,0,1,99.99000,1,99.99000,99.99000,0.000000,0.000000,0,32244002423140,0,0.000000,0,0.00,0,0.00,0,-112,6.25,-679.48,7,1
10/29/2018 12:41:04 ,0,1,99.99000,1,99.99000,99.99000,0.000000,0.000000,0,32244002423140,0,0.000000,0,0.00,0,0.00,0,-112,6.25,-679.48,7,0
10/29/2018 12:41:04 ,0,1,99.99000,1,99.99000,99.99000,0.000000,0.000000,0,32244002423140,0,0.000000,0,0.00,0,0.00,0,-109,5.50,-679.48,7,1
10/29/2018 12:41:05 ,0,1,99.99000,1,99.99000,99.99000,0.000000,0.000000,0,32244002423140,0,0.000000,0,0.00,0,0.00,0,-109,5.50,-679.48,7,0
10/29/2018 12:41:05 ,0,1,99.99000,1,99.99000,99.99000,0.000000,0.000000,0,32244002423140,0,0.000000,0,0.00,0,0.00,0,-112,6.50,-662.70,7,1
10/29/2018 12:41:07 ,0,1,99.99000,1,99.99000,99.99000,0.000000,0.000000,0,32244002423140,0,0.000000,0,0.00,0,0.00,0,-112,6.50,-662.70,7,0
10/29/2018 12:41:07 ,0,1,99.99000,1,99.99000,99.99000,0.000000,0.000000,0,32244002423140,0,0.000000,0,0.00,0,0.00,0,-111,6.25,-679.48,7,1
10/29/2018 12:41:08 ,0,1,99.99000,1,99.99000,99.99000,0.000000,0.000000,0,32244002423140,0,0.000000,0,0.00,0,0.00,0,-111,6.25,-679.48,7,0
10/29/2018 12:41:09 ,0,1,99.99000,1,99.99000,99.99000,0.000000,0.000000,0,32244002423140,0,0.000000,0,0.00,0,0.00,0,-112,6.25,-662.70,7,1
10/29/2018 12:41:10 ,0,1,99.99000,1,99.99000,99.99000,0.000000,0.000000,0,32244002423140,0,0.000000,0,0.00,0,0.00,0,-112,6.25,-662.70,7,0
10/29/2018 12:41:10 ,0,1,99.99000,1,99.99000,99.99000,0.000000,0.000000,0,32244002423140,0,0.000000,0,0.00,0,0.00,0,-113,6.75,-662.70,7,1
10/29/2018 12:41:11 ,0,1,99.99000,1,99.99000,99.99000,0.000000,0.000000,0,32244002423140,0,0.000000,0,0.00,0,0.00,0,-113,6.75,-662.70,7,0
10/29/2018 12:41:12 ,0,1,99.99000,1,99.99000,99.99000,0.000000,0.000000,0,32244002423140,0,0.000000,0,0.00,0,0.00,0,-112,6.25,-645.92,7,1
10/29/2018 12:41:13 ,0,1,99.99000,1,99.99000,99.99000,0.000000,0.000000,0,32244002423140,0,0.000000,0,0.00,0,0.00,0,-112,6.25,-645.92,7,0
10/29/2018 12:41:13 ,0,1,99.99000,1,99.99000,99.99000,0.000000,0.000000,0,32244002423140,0,0.000000,0,0.00,0,0.00,0,-109,5.25,-645.92,7,1
10/29/2018 12:41:14 ,0,1,99.99000,1,99.99000,99.99000,0.000000,0.000000,0,32244002423140,0,0.000000,0,0.00,0,0.00,0,-109,5.25,-645.92,7,0
10/29/2018 12:41:15 ,0,1,99.99000,1,99.99000,99.99000,0.000000,0.000000,0,32244002423140,0,0.000000,0,0.00,0,0.00,0,-120,-0.25,-664.80,9,1
10/29/2018 12:41:16 ,0,1,99.99000,1,99.99000,99.99000,0.000000,0.000000,0,32244002423140,0,0.000000,0,0.00,0,0.00,0,-120,-0.25,-664.80,9,0
10/29/2018 12:41:18 ,0,1,99.99000,1,99.99000,99.99000,0.000000,0.000000,0,32244002423140,0,0.000000,0,0.00,0,0.00,0,-124,7.50,-656.41,9,1
10/29/2018 12:41:18 ,0,1,99.99000,1,99.99000,99.99000,0.000000,0.000000,0,32244002423140,0,0.000000,0,0.00,0,0.00,0,-124,7.50,-656.41,9,0
10/29/2018 12:41:19 ,0,1,99.99000,1,99.99000,99.99000,0.000000,0.000000,0,32244002423140,0,0.000000,0,0.00,0,0.00,0,-124,7.50,-656.41,9,0
10/29/2018 12:41:20 ,0,1,99.99000,1,99.99000,99.99000,0.000000,0.000000,0,32244002423140,0,0.000000,0,0.00,0,0.00,0,-124,7.00,-656.41,9,1
10/29/2018 12:41:20 ,0,1,99.99000,1,99.99000,99.99000,0.000000,0.000000,0,32244002423140,0,0.000000,0,0.00,0,0.00,0,-124,7.00,-656.41,9,0
10/29/2018 12:41:22 ,0,1,99.99000,1,99.99000,99.99000,0.000000,0.000000,0,32244002423140,0,0.000000,0,0.00,0,0.00,0,-124,7.00,-656.41,9,0
10/29/2018 12:41:23 ,0,1,99.99000,1,99.99000,99.99000,0.000000,0.000000,0,32244002423140,0,0.000000,0,0.00,0,0.00,0,-124,7.00,-656.41,9,0
10/29/2018 12:41:23 ,0,1,99.99000,1,99.99000,99.99000,0.000000,0.000000,0,32244002423140,0,0.000000,0,0.00,0,0.00,0,-127,6.50,-618.66,9,1
10/29/2018 12:41:24 ,0,1,99.99000,1,99.99000,99.99000,0.000000,0.000000,0,32244002423140,0,0.000000,0,0.00,0,0.00,0,-127,6.50,-618.66,9,0
10/29/2018 12:41:26 ,0,1,99.99000,1,99.99000,99.99000,0.000000,0.000000,0,32244002423140,0,0.000000,0,0.00,0,0.00,0,-124,7.50,-601.88,9,1
10/29/2018 12:41:26 ,0,1,99.99000,1,99.99000,99.99000,0.000000,0.000000,0,32244002423140,0,0.000000,0,0.00,0,0.00,0,-124,7.50,-601.88,9,0
10/29/2018 12:41:27 ,0,1,99.99000,1,99.99000,99.99000,0.000000,0.000000,0,32244002423140,0,0.000000,0,0.00,0,0.00,0,-124,7.50,-601.88,9,0
10/29/2018 12:41:28 ,0,1,99.99000,1,99.99000,99.99000,0.000000,0.000000,0,32244002423140,0,0.000000,0,0.00,0,0.00,0,-124,7.50,-547.36,9,1
10/29/2018 12:41:28 ,0,1,99.99000,1,99.99000,99.99000,0.000000,0.000000,0,32244002423140,0,0.000000,0,0.00,0,0.00,0,-124,7.50,-547.36,9,0
10/29/2018 12:41:30 ,0,1,99.99000,1,99.99000,99.99000,0.000000,0.000000,0,32244002423140,0,0.000000,0,0.00,0,0.00,0,-124,7.50,-547.36,9,0
10/29/2018 12:41:31 ,0,1,99.99000,1,99.99000,99.99000,0.000000,0.000000,0,32244002423140,0,0.000000,0,0.00,0,0.00,0,-124,7.75,-513.80,9,1
10/29/2018 12:41:32 ,0,1,99.99000,1,99.99000,99.99000,0.000000,0.000000,0,32244002423140,0,0.000000,0,0.00,0,0.00,0,-124,7.75,-513.80,9,0
10/29/2018 12:41:33 ,0,1,99.99000,1,99.99000,99.99000,0.000000,0.000000,0,32244002423140,0,0.000000,0,0.00,0,0.00,0,-124,7.75,-513.80,9,0
10/29/2018 12:41:34 ,0,1,99.99000,1,99.99000,99.99000,0.000000,0.000000,0,32244002423140,0,0.000000,0,0.00,0,0.00,0,127,2.75,-492.83,9,1
10/29/2018 12:41:35 ,0,1,99.99000,1,99.99000,99.99000,0.000000,0.000000,0,32244002423140,0,0.000000,0,0.00,0,0.00,0,127,2.75,-492.83,9,0
10/29/2018 12:41:36 ,0,1,99.99000,1,99.99000,99.99000,0.000000,0.000000,0,32244002423140,0,0.000000,0,0.00,0,0.00,0,127,2.75,-492.83,9,0
10/29/2018 12:41:38 ,0,1,99.99000,1,99.99000,99.99000,0.000000,0.000000,0,32244002423140,0,0.000000,0,0.00,0,0.00,0,127,2.75,-492.83,9,0
10/29/2018 12:41:39 ,0,1,99.99000,1,99.99000,99.99000,0.000000,0.000000,0,32244002423140,0,0.000000,0,0.00,0,0.00,0,127,2.75,-492.83,9,0
10/29/2018 12:41:41 ,0,1,99.99000,1,99.99000,99.99000,0.000000,0.000000,0,32244002423140,0,0.000000,0,0.00,0,0.00,0,127,2.75,-492.83,9,0
10/29/2018 12:41:43 ,0,1,99.99000,1,99.99000,99.99000,0.000000,0.000000,0,32244002423140,0,0.000000,0,0.00,0,0.00,0,127,2.75,-492.83,9,0
10/29/2018 12:41:43 ,0,1,99.99000,1,99.99000,99.99000,0.000000,0.000000,0,32244002423140,0,0.000000,0,0.00,0,0.00,0,121,-3.50,-3499.88,12,1
10/29/2018 12:41:44 ,0,1,99.99000,1,99.99000,99.99000,0.000000,0.000000,0,32244002423140,0,0.000000,0,0.00,0,0.00,0,121,-3.50,-3499.88,12,0
10/29/2018 12:41:46 ,0,1,99.99000,1,99.99000,99.99000,0.000000,0.000000,0,32244002423140,0,0.000000,0,0.00,0,0.00,0,121,-3.50,-3499.88,12,0
10/29/2018 12:41:48 ,0,1,99.99000,1,99.99000,99.99000,0.000000,0.000000,0,32244002423140,0,0.000000,0,0.00,0,0.00,0,121,-3.50,-3499.88,12,0
10/29/2018 12:41:50 ,0,1,99.99000,1,99.99000,99.99000,0.000000,0.000000,0,32244002423140,0,0.000000,0,0.00,0,0.00,0,121,-3.50,-3499.88,12,0
10/29/2018 12:41:52 ,0,1,99.99000,1,99.99000,99.99000,0.000000,0.000000,0,32244002423140,0,0.000000,0,0.00,0,0.00,0,121,-3.50,-3499.88,12,0
10/29/2018 12:41:52 ,0,1,99.99000,1,99.99000,99.99000,0.000000,0.000000,0,32244002423140,0,0.000000,0,0.00,0,0.00,0,121,-12.75,-3387.16,12,1
10/29/2018 12:41:53 ,0,1,99.99000,1,99.99000,99.99000,0.000000,0.000000,0,32244002423140,0,0.000000,0,0.00,0,0.00,0,121,-12.75,-3387.16,12,0
10/29/2018 12:41:55 ,0,1,99.99000,1,99.99000,99.99000,0.000000,0.000000,0,32244002423140,0,0.000000,0,0.00,0,0.00,0,121,-12.75,-3387.16,12,0
10/29/2018 12:41:56 ,0,1,99.99000,1,99.99000,99.99000,0.000000,0.000000,0,32244002423140,0,0.000000,0,0.00,0,0.00,0,121,-12.75,-3387.16,12,0
10/29/2018 12:41:58 ,0,1,99.99000,1,99.99000,99.99000,0.000000,0.000000,0,32244002423140,0,0.000000,0,0.00,0,0.00,0,121,-12.75,-3387.16,12,0
10/29/2018 12:42:00 ,0,1,99.99000,1,99.99000,99.99000,0.000000,0.000000,0,32244002423140,0,0.000000,0,0.00,0,0.00,0,121,-12.75,-3387.16,12,0
10/29/2018 12:42:02 ,0,1,99.99000,1,99.99000,99.99000,0.000000,0.000000,0,32244002423140,0,0.000000,0,0.00,0,0.00,0,121,-12.75,-3387.16,12,0
10/29/2018 12:42:03 ,0,1,99.99000,1,99.99000,99.99000,0.000000,0.000000,0,32244002423140,0,0.000000,0,0.00,0,0.00,0,121,-12.75,-3387.16,12,0
10/29/2018 12:42:05 ,0,1,99.99000,1,99.99000,99.99000,0.000000,0.000000,0,32244002423140,0,0.000000,0,0.00,0,0.00,0,121,-12.75,-3387.16,12,0
10/29/2018 12:42:06 ,0,1,99.99000,1,99.99000,99.99000,0.000000,0.000000,0,32244002423140,0,0.000000,0,0.00,0,0.00,0,121,-12.75,-3387.16,12,0
10/29/2018 12:42:08 ,0,1,99.99000,1,99.99000,99.99000,0.000000,0.000000,0,32244002423140,0,0.000000,0,0.00,0,0.00,0,121,-12.75,-3387.16,12,0
10/29/2018 12:42:09 ,0,1,99.99000,1,99.99000,99.99000,0.000000,0.000000,0,32244002423140,0,0.000000,0,0.00,0,0.00,0,121,-12.75,-3387.16,12,0
10/29/2018 12:42:11 ,0,1,99.99000,1,99.99000,99.99000,0.000000,0.000000,0,32244002423140,0,0.000000,0,0.00,0,0.00,0,121,-12.75,-3387.16,12,0
10/29/2018 12:42:13 ,0,1,99.99000,1,99.99000,99.99000,0.000000,0.000000,0,32244002423140,0,0.000000,0,0.00,0,0.00,0,121,-12.75,-3387.16,12,0
10/29/2018 12:42:15 ,0,1,99.99000,1,99.99000,99.99000,0.000000,0.000000,0,32244002423140,0,0.000000,0,0.00,0,0.00,0,121,-12.75,-3387.16,12,0
10/29/2018 12:42:17 ,0,1,99.99000,1,99.99000,99.99000,0.000000,0.000000,0,32244002423140,0,0.000000,0,0.00,0,0.00,0,121,-12.75,-3387.16,12,0
10/29/2018 12:42:19 ,0,1,99.99000,1,99.99000,99.99000,0.000000,0.000000,0,32244002423140,0,0.000000,0,0.00,0,0.00,0,121,-12.75,-3387.16,12,0
10/29/2018 12:42:21 ,0,1,99.99000,1,99.99000,99.99000,0.000000,0.000000,0,32244002423140,0,0.000000,0,0.00,0,0.00,0,121,-12.75,-3387.16,12,0
10/29/2018 12:42:23 ,0,1,99.99000,1,99.99000,99.99000,0.000000,0.000000,0,32244002423140,0,0.000000,0,0.00,0,0.00,0,121,-12.75,-3387.16,12,0
10/29/2018 12:42:25 ,0,1,99.99000,1,99.99000,99.99000,0.000000,0.000000,0,32244002423140,0,0.000000,0,0.00,0,0.00,0,121,-12.75,-3387.16,12,0
10/29/2018 12:42:27 ,0,1,99.99000,1,99.99000,99.99000,0.000000,0.000000,0,32244002423140,0,0.000000,0,0.00,0,0.00,0,121,-12.75,-3387.16,12,0
10/29/2018 12:42:28 ,0,1,99.99000,1,99.99000,99.99000,0.000000,0.000000,0,32244002423140,0,0.000000,0,0.00,0,0.00,0,-125,-11.25,23.07,9,1
10/29/2018 12:42:28 ,0,1,99.99000,1,99.99000,99.99000,0.000000,0.000000,0,32244002423140,0,0.000000,0,0.00,0,0.00,0,-125,-11.25,23.07,9,0
10/29/2018 12:42:30 ,0,1,99.99000,1,99.99000,99.99000,0.000000,0.000000,0,32244002423140,0,0.000000,0,0.00,0,0.00,0,-125,-11.25,23.07,9,0
10/29/2018 12:42:31 ,0,1,99.99000,1,99.99000,99.99000,0.000000,0.000000,0,32244002423140,0,0.000000,0,0.00,0,0.00,0,121,-5.50,52.43,9,1
10/29/2018 12:42:32 ,0,1,99.99000,1,99.99000,99.99000,0.000000,0.000000,0,32244002423140,0,0.000000,0,0.00,0,0.00,0,121,-5.50,52.43,9,0
10/29/2018 12:42:34 ,0,1,99.99000,1,99.99000,99.99000,0.000000,0.000000,0,32244002423140,0,0.000000,0,0.00,0,0.00,0,121,-5.50,52.43,9,0
10/29/2018 12:42:36 ,0,1,99.99000,1,99.99000,99.99000,0.000000,0.000000,0,32244002423140,0,0.000000,0,0.00,0,0.00,0,121,-5.50,52.43,9,0
10/29/2018 12:42:38 ,0,1,99.99000,1,99.99000,99.99000,0.000000,0.000000,0,32244002423140,0,0.000000,0,0.00,0,0.00,0,121,-5.50,52.43,9,0
10/29/2018 12:42:40 ,0,1,99.99000,1,99.99000,99.99000,0.000000,0.000000,0,32244002423140,0,0.000000,0,0.00,0,0.00,0,121,-5.50,52.43,9,0
10/29/2018 12:42:42 ,0,1,99.99000,1,99.99000,99.99000,0.000000,0.000000,0,32244002423140,0,0.000000,0,0.00,0,0.00,0,121,-5.50,52.43,9,0
10/29/2018 12:42:44 ,0,1,99.99000,1,99.99000,99.99000,0.000000,0.000000,0,32244002423140,0,0.000000,0,0.00,0,0.00,0,121,-5.50,52.43,9,0
10/29/2018 12:42:46 ,0,1,99.99000,1,99.99000,99.99000,0.000000,0.000000,0,32244002423140,0,0.000000,0,0.00,0,0.00,0,121,-5.50,52.43,9,0
10/29/2018 12:42:47 ,0,1,99.99000,1,99.99000,99.99000,0.000000,0.000000,0,32244002423140,0,0.000000,0,0.00,0,0.00,0,-127,-15.50,-2942.57,12,1
10/29/2018 12:42:47 ,0,1,99.99000,1,99.99000,99.99000,0.000000,0.000000,0,32244002423140,0,0.000000,0,0.00,0,0.00,0,-127,-15.50,-2942.57,12,0
10/29/2018 12:42:49 ,0,1,99.99000,1,99.99000,99.99000,0.000000,0.000000,0,32244002423140,0,0.000000,0,0.00,0,0.00,0,-127,-15.50,-2942.57,12,0
10/29/2018 12:42:51 ,0,1,99.99000,1,99.99000,99.99000,0.000000,0.000000,0,32244002423140,0,0.000000,0,0.00,0,0.00,0,-127,-15.50,-2942.57,12,0
10/29/2018 12:42:53 ,0,1,99.99000,1,99.99000,99.99000,0.000000,0.000000,0,32244002423140,0,0.000000,0,0.00,0,0.00,0,-127,-15.50,-2942.57,12,0
10/29/2018 12:42:55 ,0,1,99.99000,1,99.99000,99.99000,0.000000,0.000000,0,32244002423140,0,0.000000,0,0.00,0,0.00,0,-127,-15.50,-2942.57,12,0
10/29/2018 12:42:57 ,0,1,99.99000,1,99.99000,99.99000,0.000000,0.000000,0,32244002423140,0,0.000000,0,0.00,0,0.00,0,-127,-15.50,-2942.57,12,0
10/29/2018 12:42:59 ,0,1,99.99000,1,99.99000,99.99000,0.000000,0.000000,0,32244002423140,0,0.000000,0,0.00,0,0.00,0,-127,-15.50,-2942.57,12,0
10/29/2018 12:43:01 ,0,1,99.99000,1,99.99000,99.99000,0.000000,0.000000,0,32244002423140,0,0.000000,0,0.00,0,0.00,0,-127,-15.50,-2942.57,12,0
10/29/2018 12:43:03 ,0,1,99.99000,1,99.99000,99.99000,0.000000,0.000000,0,32244002423140,0,0.000000,0,0.00,0,0.00,0,-127,-15.50,-2942.57,12,0
10/29/2018 12:43:05 ,0,1,99.99000,1,99.99000,99.99000,0.000000,0.000000,0,32244002423140,0,0.000000,0,0.00,0,0.00,0,-127,-15.50,-2942.57,12,0
10/29/2018 12:43:07 ,0,1,99.99000,1,99.99000,99.99000,0.000000,0.000000,0,32244002423140,0,0.000000,0,0.00,0,0.00,0,-127,-15.50,-2942.57,12,0
10/29/2018 12:43:09 ,0,1,99.99000,1,99.99000,99.99000,0.000000,0.000000,0,32244002423140,0,0.000000,0,0.00,0,0.00,0,-127,-15.50,-2942.57,12,0
10/29/2018 12:43:11 ,0,1,99.99000,1,99.99000,99.99000,0.000000,0.000000,0,32244002423140,0,0.000000,0,0.00,0,0.00,0,-127,-15.50,-2942.57,12,0
10/29/2018 12:43:13 ,0,1,99.99000,1,99.99000,99.99000,0.000000,0.000000,0,32244002423140,0,0.000000,0,0.00,0,0.00,0,-127,-15.50,-2942.57,12,0
10/29/2018 12:43:14 ,0,1,99.99000,1,99.99000,99.99000,0.000000,0.000000,0,32244002423140,0,0.000000,0,0.00,0,0.00,0,-127,-15.50,-2942.57,12,0
10/29/2018 12:43:16 ,0,1,99.99000,1,99.99000,99.99000,0.000000,0.000000,0,32244002423140,0,0.000000,0,0.00,0,0.00,0,-127,-15.50,-2942.57,12,0
10/29/2018 12:43:18 ,0,1,99.99000,1,99.99000,99.99000,0.000000,0.000000,0,32244002423140,0,0.000000,0,0.00,0,0.00,0,-127,-15.50,-2942.57,12,0
10/29/2018 12:43:19 ,0,1,99.99000,1,99.99000,99.99000,0.000000,0.000000,0,32244002423140,0,0.000000,0,0.00,0,0.00,0,-127,-15.50,-2942.57,12,0
10/29/2018 12:43:21 ,0,1,99.99000,1,99.99000,99.99000,0.000000,0.000000,0,32244002423140,0,0.000000,0,0.00,0,0.00,0,-127,-15.50,-2942.57,12,0
10/29/2018 12:43:23 ,0,1,99.99000,1,99.99000,99.99000,0.000000,0.000000,0,32244002423140,0,0.000000,0,0.00,0,0.00,0,-127,-15.50,-2942.57,12,0
10/29/2018 12:43:25 ,0,1,99.99000,1,99.99000,99.99000,0.000000,0.000000,0,32244002423140,0,0.000000,0,0.00,0,0.00,0,-127,-15.50,-2942.57,12,0
10/29/2018 12:43:27 ,0,1,99.99000,1,99.99000,99.99000,0.000000,0.000000,0,32244002423140,0,0.000000,0,0.00,0,0.00,0,-127,-15.50,-2942.57,12,0
10/29/2018 12:43:29 ,0,1,99.99000,1,99.99000,99.99000,0.000000,0.000000,0,32244002423140,0,0.000000,0,0.00,0,0.00,0,-127,-15.50,-2942.57,12,0
10/29/2018 12:43:31 ,0,1,99.99000,1,99.99000,99.99000,0.000000,0.000000,0,32244002423140,0,0.000000,0,0.00,0,0.00,0,-127,-15.50,-2942.57,12,0
10/29/2018 12:43:33 ,4,1,5.36000,1,0.99000,5.45000,0.000000,0.000000,0,32244002423140,0,0.000000,0,0.00,0,0.00,0,-127,-15.50,-2942.57,12,0
10/29/2018 12:43:34 ,4,1,8.32000,1,7.03000,10.89000,0.000000,0.000000,0,32244002423140,0,0.000000,0,0.00,0,0.00,0,-127,-15.50,-2942.57,12,0
10/29/2018 12:43:36 ,10,1,2.64000,1,3.09000,4.06000,51.060630,3.708163,1,10401,1,17.000000,1,14.31,1,43.93,1,-127,-15.50,-2942.57,12,0
10/29/2018 12:43:38 ,10,1,2.64000,1,3.09000,4.06000,51.060703,3.708204,1,10444,1,-7.000000,1,9.65,1,99.06,1,-127,-15.50,-2942.57,12,0
10/29/2018 12:43:39 ,11,1,1.93000,1,2.55000,3.19000,51.061023,3.708223,1,144,1,-11.100001,1,9.38,1,93.99,1,-127,-15.50,-2942.57,12,0
10/29/2018 12:43:41 ,11,1,2.25000,1,2.64000,3.47000,51.060924,3.708232,1,403,1,-19.700000,1,11.13,1,73.27,1,-127,-15.50,-2942.57,12,0
10/29/2018 12:43:42 ,11,1,2.25000,1,2.64000,3.47000,51.060832,3.708210,1,2024,1,-5.100000,1,1.36,1,41.87,1,-127,-15.50,-2942.57,12,0
10/29/2018 12:43:44 ,12,1,1.63000,1,2.27000,2.80000,51.060729,3.708278,1,2221,1,3.300000,1,5.16,1,13.50,1,-127,-15.50,-2942.57,12,0
10/29/2018 12:43:46 ,12,1,1.63000,1,2.27000,2.80000,51.060703,3.708317,1,2304,1,6.000000,1,5.16,1,9.48,1,-127,-15.50,-2942.57,12,0
10/29/2018 12:43:48 ,12,1,1.63000,1,2.27000,2.80000,51.060688,3.708361,1,2333,1,8.400000,1,5.16,1,8.11,1,-127,-15.50,-2942.57,12,0
10/29/2018 12:43:50 ,12,1,1.63000,1,2.27000,2.80000,51.060619,3.708382,1,2343,1,11.500000,1,5.16,1,6.15,1,-127,-15.50,-2942.57,12,0
10/29/2018 12:43:52 ,12,1,1.64000,1,2.27000,2.80000,51.060581,3.708408,1,2412,1,13.700000,1,5.16,1,6.35,1,-127,-15.50,-2942.57,12,0
10/29/2018 12:43:54 ,12,1,1.64000,1,2.27000,2.80000,51.060535,3.708432,1,3001,1,14.300001,1,5.16,1,6.37,1,-127,-15.50,-2942.57,12,0
10/29/2018 12:43:56 ,12,1,1.64000,1,2.27000,2.80000,51.060497,3.708462,1,3034,1,14.800001,1,5.16,1,5.17,1,-127,-15.50,-2942.57,12,0
10/29/2018 12:43:58 ,12,1,1.64000,1,2.27000,2.80000,51.060470,3.708490,1,3112,1,15.800001,1,5.16,1,4.94,1,-127,-15.50,-2942.57,12,0
10/29/2018 12:44:00 ,12,1,1.64000,1,2.27000,2.79000,51.060394,3.708485,1,3331,1,17.299999,1,114.13,1,6.32,1,-127,-15.50,-2942.57,12,0
10/29/2018 12:44:02 ,13,1,1.09000,1,1.69000,2.01000,51.060379,3.708523,1,3341,1,14.400000,1,151.97,1,6.96,1,-127,-15.50,-2942.57,12,0
10/29/2018 12:44:04 ,13,1,1.64000,1,2.26000,2.79000,51.060359,3.708543,1,3431,1,13.800001,1,155.41,1,4.35,1,-127,-15.50,-2942.57,12,0
10/29/2018 12:44:06 ,13,1,1.76000,1,2.32000,2.91000,51.060337,3.708520,1,3444,1,12.800001,1,203.92,1,6.04,1,-127,-15.50,-2942.57,12,0
10/29/2018 12:44:08 ,12,1,10.24000,1,17.83000,20.56000,51.060314,3.708485,1,4114,1,12.900000,1,204.18,1,6.17,1,-127,-15.50,-2942.57,12,0
10/29/2018 12:44:10 ,11,1,10.21000,1,17.77000,20.50000,51.060306,3.708484,1,4134,1,11.900000,1,204.18,1,3.74,1,-127,-15.50,-2942.57,12,0
10/29/2018 12:44:12 ,12,1,1.64000,1,2.26000,2.79000,51.060272,3.708502,1,4121,1,8.800001,1,192.07,1,7.28,1,-127,-15.50,-2942.57,12,0
10/29/2018 12:44:14 ,13,1,1.09000,1,1.69000,2.01000,51.060234,3.708528,1,4133,1,7.900000,1,173.43,1,10.20,1,-127,-15.50,-2942.57,12,0
10/29/2018 12:44:16 ,13,1,1.09000,1,1.68000,2.00000,51.060173,3.708534,1,4214,1,7.300000,1,158.49,1,13.22,1,-127,-15.50,-2942.57,12,0
10/29/2018 12:44:18 ,13,1,1.09000,1,1.68000,2.00000,51.060134,3.708541,1,4300,1,5.900000,1,159.43,1,9.83,1,-127,-15.50,-2942.57,12,0
10/29/2018 12:44:20 ,13,1,1.16000,1,1.80000,2.14000,51.060123,3.708523,1,10044,1,7.700000,1,165.84,1,4.72,1,-127,-15.50,-2942.57,12,0
10/29/2018 12:44:22 ,13,1,1.69000,1,2.37000,2.91000,51.060096,3.708493,1,10124,1,10.700000,1,193.10,1,6.50,1,-127,-15.50,-2942.57,12,0
10/29/2018 12:44:24 ,13,1,1.69000,1,2.37000,2.91000,51.060066,3.708460,1,10204,1,12.800001,1,203.25,1,6.85,1,-127,-15.50,-2942.57,12,0
10/29/2018 12:44:26 ,13,1,1.64000,1,2.26000,2.79000,51.060039,3.708435,1,10211,1,13.000000,1,210.72,1,6.02,1,-127,-15.50,-2942.57,12,0
10/29/2018 12:44:28 ,13,1,1.09000,1,1.68000,2.00000,51.060024,3.708389,1,10244,1,12.400000,1,229.27,1,5.19,1,-127,-15.50,-2942.57,12,0
10/29/2018 12:44:30 ,13,1,1.09000,1,1.68000,2.00000,51.060024,3.708348,1,10342,1,13.600001,1,229.27,1,4.76,1,-127,-15.50,-2942.57,12,0
10/29/2018 12:44:32 ,13,1,1.09000,1,1.68000,2.00000,51.060020,3.708295,1,10330,1,15.400000,1,244.25,1,11.37,1,-127,-15.50,-2942.57,12,0
10/29/2018 12:44:34 ,13,1,1.09000,1,1.68000,2.00000,51.060005,3.708296,1,10404,1,17.799999,1,214.93,1,5.44,1,-127,-15.50,-2942.57,12,0
10/29/2018 12:44:36 ,13,1,1.09000,1,1.68000,2.00000,51.060016,3.708265,1,10444,1,17.399999,1,214.93,1,3.41,1,-127,-15.50,-2942.57,12,0
10/29/2018 12:44:38 ,13,1,1.09000,1,1.68000,2.00000,51.060039,3.708185,1,11010,1,18.299999,1,277.37,1,8.54,1,-127,-15.50,-2942.57,12,0
10/29/2018 12:44:39 ,13,1,1.09000,1,1.68000,2.00000,51.060047,3.708149,1,444,1,18.799999,1,280.88,1,8.15,1,-123,-13.00,1847.59,9,1
10/29/2018 12:44:40 ,13,1,1.09000,1,1.68000,2.00000,51.060050,3.708121,1,2120,1,19.799999,1,277.92,1,6.15,1,-123,-13.00,1847.59,9,0
10/29/2018 12:44:41 ,13,1,1.78000,1,2.40000,2.99000,51.060062,3.708082,1,3101,1,19.200000,1,281.17,1,8.83,1,-123,-13.00,1847.59,9,0
10/29/2018 12:44:43 ,13,1,1.78000,1,2.40000,2.99000,51.060073,3.708021,1,3210,1,18.899999,1,283.70,1,4.96,1,-123,-13.00,1847.59,9,0
10/29/2018 12:44:45 ,13,1,2.40000,1,2.86000,3.74000,51.060077,3.707973,1,3223,1,17.700000,1,283.70,1,6.15,1,-123,-13.00,1847.59,9,0
10/29/2018 12:44:47 ,12,1,1.14000,1,1.67000,2.02000,51.060096,3.707904,1,3230,1,17.100000,1,280.83,1,5.98,1,-123,-13.00,1847.59,9,0
10/29/2018 12:44:49 ,12,1,1.13000,1,1.67000,2.02000,51.060104,3.707869,1,3322,1,15.900000,1,282.26,1,2.07,1,-123,-13.00,1847.59,9,0
10/29/2018 12:44:51 ,12,1,1.13000,1,1.67000,2.02000,51.060077,3.707867,1,3401,1,13.100001,1,211.12,1,4.65,1,-123,-13.00,1847.59,9,0
10/29/2018 12:44:53 ,12,1,1.13000,1,1.67000,2.02000,51.060085,3.707831,1,3422,1,10.400000,1,211.12,1,3.13,1,-123,-13.00,1847.59,9,0
10/29/2018 12:44:55 ,12,1,1.13000,1,1.67000,2.02000,51.060100,3.707780,1,3421,1,10.700000,1,280.01,1,4.96,1,-123,-13.00,1847.59,9,0
10/29/2018 12:44:56 ,12,1,1.13000,1,1.67000,2.02000,51.060111,3.707746,1,3242,1,11.100001,1,298.24,1,6.11,1,121,-5.50,-1162.08,12,1
10/29/2018 12:44:57 ,12,1,1.13000,1,1.67000,2.02000,51.060123,3.707719,1,3312,1,11.700000,1,298.25,1,4.87,1,121,-5.50,-1162.08,12,0
10/29/2018 12:44:59 ,13,1,1.13000,1,1.67000,2.02000,51.060138,3.707681,1,3342,1,10.500000,1,304.09,1,5.98,1,121,-5.50,-1162.08,12,0
10/29/2018 12:45:00 ,13,1,1.13000,1,1.67000,2.02000,51.060146,3.707663,1,4300,1,9.900000,1,305.98,1,4.83,1,-126,-1.00,2105.54,7,1
10/29/2018 12:45:00 ,13,1,1.13000,1,1.67000,2.02000,51.060146,3.707663,1,4300,1,9.900000,1,305.98,1,4.83,1,-126,-1.00,2105.54,7,0
10/29/2018 12:45:02 ,13,1,1.09000,1,1.67000,1.99000,51.060173,3.707622,1,1003,1,10.400000,1,313.07,1,5.76,1,-126,-1.00,2038.43,7,1
10/29/2018 12:45:02 ,13,1,1.09000,1,1.67000,1.99000,51.060173,3.707622,1,1003,1,10.400000,1,313.07,1,5.76,1,-126,-1.00,2038.43,7,0
10/29/2018 12:45:03 ,13,1,1.09000,1,1.67000,1.99000,51.060184,3.707604,1,10204,1,9.900000,1,317.40,1,5.70,1,-126,-1.75,2071.99,7,1
10/29/2018 12:45:03 ,13,1,1.09000,1,1.67000,1.99000,51.060184,3.707604,1,10204,1,9.900000,1,317.40,1,5.70,1,-126,-1.75,2071.99,7,0
10/29/2018 12:45:05 ,14,1,1.26000,1,2.09000,2.44000,51.060211,3.707563,1,1414,1,9.900000,1,323.35,1,5.70,1,-120,2.50,2038.43,7,1
10/29/2018 12:45:05 ,14,1,1.26000,1,2.09000,2.44000,51.060211,3.707563,1,1414,1,9.900000,1,323.35,1,5.70,1,-120,2.50,2038.43,7,0
10/29/2018 12:45:06 ,13,1,1.26000,1,2.09000,2.44000,51.060222,3.707542,1,11124,1,10.400000,1,320.28,1,5.82,1,-124,1.25,2088.76,7,1
10/29/2018 12:45:06 ,13,1,1.26000,1,2.09000,2.44000,51.060222,3.707542,1,11124,1,10.400000,1,320.28,1,5.82,1,-124,1.25,2088.76,7,0
10/29/2018 12:45:08 ,13,1,1.26000,1,2.09000,2.43000,51.060241,3.707504,1,341,1,10.400000,1,318.14,1,5.74,1,-124,1.25,2088.76,7,0
10/29/2018 12:45:08 ,14,1,0.95000,1,2.09000,2.43000,51.060241,3.707504,1,1241,1,10.800001,1,318.14,1,5.74,1,-127,-2.50,2038.43,7,1
10/29/2018 12:45:09 ,14,1,0.95000,1,1.66000,1.91000,51.060253,3.707487,1,2342,1,10.900000,1,317.77,1,5.78,1,-127,-2.50,2038.43,7,0
10/29/2018 12:45:10 ,14,1,0.95000,1,1.66000,1.91000,51.060260,3.707470,1,30,1,10.900000,1,315.20,1,5.69,1,-128,-5.75,2071.99,7,1
10/29/2018 12:45:11 ,14,1,1.00000,1,1.66000,1.91000,51.060272,3.707454,1,212,1,10.900000,1,316.52,1,5.44,1,-128,-5.75,2071.99,7,0
10/29/2018 12:45:11 ,14,1,1.00000,1,1.66000,1.93000,51.060272,3.707454,1,3244,1,10.900000,1,316.52,1,5.44,1,-127,-3.25,2122.32,7,1
10/29/2018 12:45:12 ,14,1,0.95000,1,1.66000,1.91000,51.060283,3.707442,1,3312,1,10.300001,1,319.66,1,5.11,1,-127,-3.25,2122.32,7,0
10/29/2018 12:45:14 ,14,1,1.00000,1,1.66000,1.93000,51.060306,3.707418,1,3400,1,9.000000,1,324.10,1,5.37,1,-127,-3.25,2122.32,7,0
10/29/2018 12:45:14 ,14,1,1.00000,1,1.66000,1.93000,51.060306,3.707418,1,4213,1,9.000000,1,324.10,1,5.37,1,-124,0.25,2105.54,7,1
10/29/2018 12:45:15 ,14,1,0.95000,1,1.66000,1.91000,51.060314,3.707404,1,4234,1,9.000000,1,327.07,1,5.44,1,-124,0.25,2105.54,7,0
10/29/2018 12:45:16 ,14,1,0.95000,1,1.66000,1.91000,51.060329,3.707389,1,430,1,9.300001,1,327.56,1,6.07,1,-127,-3.25,2055.21,7,1
10/29/2018 12:45:17 ,14,1,0.95000,1,1.66000,1.91000,51.060340,3.707375,1,2204,1,9.500000,1,326.10,1,6.15,1,-127,-3.25,2055.21,7,0
10/29/2018 12:45:17 ,14,1,0.95000,1,1.66000,1.91000,51.060340,3.707375,1,10130,1,9.500000,1,326.10,1,6.15,1,-124,-6.75,2071.99,7,1
10/29/2018 12:45:18 ,14,1,0.95000,1,1.65000,1.91000,51.060352,3.707364,1,10203,1,8.700000,1,325.95,1,4.67,1,-124,-6.75,2071.99,7,0
10/29/2018 12:45:19 ,14,1,0.95000,1,1.65000,1.91000,51.060363,3.707350,1,1341,1,8.100001,1,321.25,1,5.83,1,-121,3.75,2071.99,7,1
10/29/2018 12:45:20 ,14,1,0.95000,1,1.65000,1.91000,51.060375,3.707337,1,2231,1,7.300000,1,322.77,1,5.59,1,-121,3.75,2071.99,7,0
10/29/2018 12:45:20 ,14,1,0.95000,1,1.65000,1.91000,51.060375,3.707337,1,11044,1,7.300000,1,322.77,1,5.59,1,-118,5.75,2105.54,7,1
10/29/2018 12:45:22 ,14,1,0.95000,1,1.65000,1.91000,51.060398,3.707309,1,204,1,7.300000,1,326.90,1,5.11,1,-118,5.75,2105.54,7,0
10/29/2018 12:45:23 ,12,1,1.46000,1,2.30000,2.72000,51.060405,3.707300,1,1000,1,6.900000,1,328.25,1,3.41,1,-118,5.75,2105.54,7,0
10/29/2018 12:45:23 ,12,1,1.46000,1,2.30000,2.72000,51.060405,3.707300,1,3432,1,6.900000,1,328.25,1,3.41,1,-125,5.00,2082.47,9,1
10/29/2018 12:45:24 ,12,1,1.46000,1,2.30000,2.72000,51.060413,3.707294,1,4002,1,7.200000,1,336.52,1,2.94,1,-125,5.00,2082.47,9,0
10/29/2018 12:45:26 ,12,1,1.46000,1,2.30000,2.72000,51.060413,3.707282,1,404,1,8.400000,1,277.03,1,1.37,1,122,-0.50,2061.50,9,1
10/29/2018 12:45:26 ,12,1,1.46000,1,2.30000,2.72000,51.060413,3.707282,1,404,1,8.400000,1,277.03,1,1.37,1,122,-0.50,2061.50,9,0
10/29/2018 12:45:28 ,13,1,1.46000,1,2.30000,2.72000,51.060409,3.707280,1,2230,1,7.800000,1,246.43,1,0.19,1,122,-0.50,2061.50,9,0
10/29/2018 12:45:28 ,13,1,1.46000,1,2.30000,2.72000,51.060409,3.707280,1,10332,1,7.800000,1,246.43,1,0.19,1,123,2.00,2086.67,9,1
10/29/2018 12:45:29 ,13,1,1.46000,1,2.30000,2.72000,51.060409,3.707279,1,10403,1,8.100001,1,246.43,1,0.06,1,123,2.00,2086.67,9,0
10/29/2018 12:45:31 ,14,1,1.00000,1,1.65000,1.93000,51.060409,3.707272,1,2243,1,9.200000,1,246.43,1,0.06,1,122,0.00,2074.08,9,1
10/29/2018 12:45:31 ,14,1,1.00000,1,1.65000,1.93000,51.060409,3.707272,1,2243,1,9.200000,1,246.43,1,0.06,1,122,0.00,2074.08,9,0
10/29/2018 12:45:33 ,12,1,1.46000,1,2.30000,2.72000,51.060409,3.707267,1,2403,1,9.200000,1,246.43,1,0.06,1,122,0.00,2074.08,9,0
10/29/2018 12:45:34 ,12,1,1.46000,1,2.30000,2.72000,51.060409,3.707265,1,211,1,9.200000,1,246.43,1,0.04,1,122,-0.75,2082.47,9,1
10/29/2018 12:45:35 ,13,1,1.46000,1,2.30000,2.72000,51.060409,3.707264,1,444,1,9.300001,1,246.43,1,0.56,1,122,-0.75,2082.47,9,0
10/29/2018 12:45:36 ,13,1,1.46000,1,2.30000,2.72000,51.060409,3.707261,1,2024,1,9.400000,1,233.36,1,1.74,1,122,-0.75,2082.47,9,0
10/29/2018 12:45:36 ,13,1,1.46000,1,2.30000,2.72000,51.060409,3.707261,1,4110,1,9.400000,1,233.36,1,1.74,1,127,5.00,2061.50,9,1
10/29/2018 12:45:37 ,13,1,1.46000,1,2.30000,2.72000,51.060405,3.707253,1,4143,1,9.200000,1,238.45,1,2.76,1,127,5.00,2061.50,9,0
10/29/2018 12:45:39 ,14,1,1.46000,1,2.29000,2.72000,51.060405,3.707238,1,1104,1,8.800001,1,238.13,1,2.15,1,127,4.50,2078.28,9,1
10/29/2018 12:45:39 ,14,1,1.46000,1,2.29000,2.72000,51.060405,3.707238,1,1104,1,8.800001,1,238.13,1,2.15,1,127,4.50,2078.28,9,0
10/29/2018 12:45:41 ,14,1,1.26000,1,2.13000,2.47000,51.060401,3.707236,1,2233,1,8.700000,1,238.13,1,1.44,1,127,4.50,2078.28,9,0
10/29/2018 12:45:42 ,14,1,1.46000,1,2.29000,2.72000,51.060398,3.707236,1,3003,1,9.100001,1,229.32,1,1.09,1,127,4.50,2078.28,9,0
10/29/2018 12:45:42 ,14,1,1.46000,1,2.29000,2.72000,51.060398,3.707236,1,3102,1,9.100001,1,229.32,1,1.09,1,124,2.25,-1054.61,12,1
10/29/2018 12:45:43 ,14,1,1.46000,1,2.29000,2.72000,51.060398,3.707232,1,3204,1,9.000000,1,229.32,1,0.74,1,124,2.25,-1054.61,12,0
10/29/2018 12:45:45 ,14,1,0.95000,1,1.65000,1.90000,51.060394,3.707236,1,3210,1,9.400000,1,229.32,1,1.59,1,124,2.25,-1054.61,12,0
10/29/2018 12:45:47 ,14,1,1.00000,1,1.65000,1.92000,51.060390,3.707245,1,3231,1,9.800001,1,229.32,1,3.30,1,124,2.25,-1054.61,12,0
10/29/2018 12:45:49 ,13,1,1.00000,1,1.64000,1.92000,51.060394,3.707258,1,3312,1,10.300001,1,229.32,1,4.04,1,124,2.25,-1054.61,12,0
10/29/2018 12:45:50 ,14,1,1.00000,1,1.64000,1.92000,51.060394,3.707251,1,3334,1,10.600001,1,229.32,1,2.85,1,124,2.25,-1054.61,12,0
10/29/2018 12:45:51 ,13,1,1.27000,1,2.12000,2.47000,51.060382,3.707215,1,3334,1,10.500000,1,235.13,1,10.22,1,124,2.25,-1054.61,12,0
10/29/2018 12:45:51 ,13,1,1.27000,1,2.12000,2.47000,51.060382,3.707215,1,4333,1,10.500000,1,235.13,1,10.22,1,122,-1.25,-1047.27,12,1
10/29/2018 12:45:52 ,12,1,1.46000,1,2.29000,2.72000,51.060363,3.707181,1,4422,1,10.400000,1,233.68,1,10.95,1,122,-1.25,-1047.27,12,0
10/29/2018 12:45:54 ,11,1,1.81000,1,2.29000,2.92000,51.060298,3.707118,1,10001,1,10.400000,1,215.41,1,15.19,1,122,-1.25,-1047.27,12,0
10/29/2018 12:45:56 ,11,1,1.81000,1,2.29000,2.92000,51.060230,3.707020,1,10023,1,7.100000,1,219.82,1,20.80,1,122,-1.25,-1047.27,12,0
10/29/2018 12:45:58 ,12,1,1.81000,1,2.29000,2.92000,51.060256,3.707043,1,10122,1,7.000000,1,221.26,1,2.80,1,122,-1.25,-1047.27,12,0
10/29/2018 12:46:00 ,13,1,1.81000,1,2.29000,2.92000,51.060214,3.707001,1,10122,1,8.100001,1,214.33,1,11.09,1,122,-1.25,-1047.27,12,0
10/29/2018 12:46:00 ,13,1,1.81000,1,2.29000,2.92000,51.060214,3.707001,1,11130,1,8.100001,1,214.33,1,11.09,1,122,0.00,-1087.11,12,1
10/29/2018 12:46:01 ,12,1,1.81000,1,2.29000,2.92000,51.060184,3.706991,1,11214,1,9.200000,1,205.29,1,11.67,1,122,0.00,-1087.11,12,0
10/29/2018 12:46:03 ,11,1,3.09000,1,2.61000,4.05000,51.060070,3.706962,1,431,1,10.500000,1,191.25,1,19.35,1,122,0.00,-1087.11,12,0
10/29/2018 12:46:04 ,12,1,1.96000,1,2.50000,3.17000,51.059993,3.706916,1,2123,1,10.700000,1,194.76,1,24.89,1,-126,-1.50,2071.99,7,1
10/29/2018 12:46:04 ,12,1,1.96000,1,2.50000,3.17000,51.059993,3.706916,1,2123,1,10.700000,1,194.76,1,24.89,1,-126,-1.50,2071.99,7,0
10/29/2018 12:46:05 ,10,1,3.10000,1,2.61000,4.05000,51.059970,3.706907,1,11400,1,10.200000,1,195.78,1,19.91,1,-128,-8.25,2122.32,67,1
10/29/2018 12:46:05 ,10,1,3.10000,1,2.61000,4.05000,51.059970,3.706907,1,11400,1,10.200000,1,195.78,1,19.91,1,-128,-8.25,2122.32,67,0
10/29/2018 12:46:07 ,10,1,3.10000,1,2.61000,4.05000,51.059810,3.706840,1,1222,1,10.000000,1,194.87,1,30.56,1,-128,-8.25,2122.32,67,0
10/29/2018 12:46:07 ,10,1,3.10000,1,2.61000,4.05000,51.059810,3.706840,1,3041,1,10.000000,1,194.87,1,30.56,1,-128,-6.50,2038.43,7,1
10/29/2018 12:46:08 ,11,1,3.81000,1,3.81000,5.39000,51.059726,3.706814,1,3113,1,11.200000,1,193.14,1,31.65,1,-128,-6.50,2038.43,7,0
10/29/2018 12:46:10 ,3,1,38.45000,1,1.00000,38.47000,51.059726,3.706814,1,34141,1,11.200000,1,193.14,1,31.65,1,-128,-6.50,2038.43,7,0
10/29/2018 12:46:12 ,0,1,99.99000,1,99.99000,99.99000,51.059726,3.706814,1,112220,1,11.200000,1,193.14,1,31.65,1,-128,-8.75,1954.55,14,1
10/29/2018 12:46:12 ,0,1,99.99000,1,99.99000,99.99000,51.059726,3.706814,1,112220,1,11.200000,1,193.14,1,31.65,1,-128,-8.75,1954.55,14,0
10/29/2018 12:46:13 ,0,1,99.99000,1,99.99000,99.99000,51.059726,3.706814,1,134421,1,11.200000,1,193.14,1,31.65,1,-128,-8.50,1937.77,7,1
10/29/2018 12:46:13 ,0,1,99.99000,1,99.99000,99.99000,51.059726,3.706814,1,134421,1,11.200000,1,193.14,1,31.65,1,-128,-8.50,1937.77,7,0
10/29/2018 12:46:15 ,0,1,99.99000,1,99.99000,99.99000,51.059726,3.706814,1,212131,1,11.200000,1,193.14,1,31.65,1,-127,-3.50,1988.10,7,1
10/29/2018 12:46:15 ,0,1,99.99000,1,99.99000,99.99000,51.059726,3.706814,1,212131,1,11.200000,1,193.14,1,31.65,1,-127,-3.50,1988.10,7,0
10/29/2018 12:46:16 ,0,1,99.99000,1,99.99000,99.99000,51.059726,3.706814,1,234333,1,11.200000,1,193.14,1,31.65,1,-127,-3.75,1937.77,7,1
10/29/2018 12:46:16 ,0,1,99.99000,1,99.99000,99.99000,51.059726,3.706814,1,234333,1,11.200000,1,193.14,1,31.65,1,-127,-3.75,1937.77,7,0
10/29/2018 12:46:18 ,3,1,36.76000,1,1.00000,36.77000,51.059726,3.706814,1,312043,1,11.200000,1,193.14,1,31.65,1,-122,-3.25,1937.77,7,1
10/29/2018 12:46:18 ,3,1,36.76000,1,1.00000,36.77000,51.059726,3.706814,1,312043,1,11.200000,1,193.14,1,31.65,1,-122,-3.25,1937.77,7,0
10/29/2018 12:46:20 ,0,1,99.99000,1,99.99000,99.99000,51.059726,3.706814,1,334304,1,11.200000,1,193.14,1,31.65,1,-127,-3.00,1954.55,7,1
10/29/2018 12:46:20 ,0,1,99.99000,1,99.99000,99.99000,51.059726,3.706814,1,334304,1,11.200000,1,193.14,1,31.65,1,-127,-3.00,1954.55,7,0
10/29/2018 12:46:21 ,0,1,99.99000,1,99.99000,99.99000,51.059726,3.706814,1,412010,1,11.200000,1,193.14,1,31.65,1,-127,-2.75,1971.32,7,1
10/29/2018 12:46:21 ,0,1,99.99000,1,99.99000,99.99000,51.059726,3.706814,1,412010,1,11.200000,1,193.14,1,31.65,1,-127,-2.75,1971.32,7,0
