00/00/2000 00:00:00 ,0,0,0.00000,0,0.00000,0.00000,0.000000,0.000000,0,32244002423140,0,0.000000,0,0.00,0,0.00,0,-50,1.25,4202.69,7,1
00/00/2000 00:00:00 ,0,1,99.99000,1,99.99000,99.99000,0.000000,0.000000,0,32244002423140,0,0.000000,0,0.00,0,0.00,0,-50,1.25,4202.69,7,0
00/00/2000 00:00:00 ,0,1,99.99000,1,99.99000,99.99000,0.000000,0.000000,0,32244002423140,0,0.000000,0,0.00,0,0.00,0,-62,5.75,4185.92,7,1
00/00/2000 00:00:00 ,0,1,99.99000,1,99.99000,99.99000,0.000000,0.000000,0,32244002423140,0,0.000000,0,0.00,0,0.00,0,-62,5.75,4185.92,7,0
00/00/2000 00:00:00 ,0,1,99.99000,1,99.99000,99.99000,0.000000,0.000000,0,32244002423140,0,0.000000,0,0.00,0,0.00,0,-64,5.75,4202.69,7,1
00/00/2000 00:00:00 ,0,1,99.99000,1,99.99000,99.99000,0.000000,0.000000,0,32244002423140,0,0.000000,0,0.00,0,0.00,0,-64,5.75,4202.69,7,0
00/00/2000 00:00:00 ,0,1,99.99000,1,99.99000,99.99000,0.000000,0.000000,0,32244002423140,0,0.000000,0,0.00,0,0.00,0,-90,7.50,2518.68,9,1
00/00/2000 00:00:00 ,0,1,99.99000,1,99.99000,99.99000,0.000000,0.000000,0,32244002423140,0,0.000000,0,0.00,0,0.00,0,-90,7.50,2518.68,9,0
00/00/2000 00:00:00 ,0,1,99.99000,1,99.99000,99.99000,0.000000,0.000000,0,32244002423140,0,0.000000,0,0.00,0,0.00,0,-90,7.50,2518.68,9,0
00/00/2000 00:00:00 ,0,1,99.99000,1,99.99000,99.99000,0.000000,0.000000,0,32244002423140,0,0.000000,0,0.00,0,0.00,0,-97,5.75,2510.29,9,1
00/00/2000 00:00:00 ,0,1,99.99000,1,99.99000,99.99000,0.000000,0.000000,0,32244002423140,0,0.000000,0,0.00,0,0.00,0,-97,5.75,2510.29,9,0
00/00/2000 15:17:00 ,0,1,99.99000,1,99.99000,99.99000,0.000000,0.000000,0,32244002423140,0,0.000000,0,0.00,0,0.00,0,-97,5.75,2510.29,9,0
00/00/2000 15:17:02 ,0,1,99.99000,1,99.99000,99.99000,0.000000,0.000000,0,32244002423140,0,0.000000,0,0.00,0,0.00,0,-97,5.75,2510.29,9,0
00/00/2000 15:17:03 ,0,1,99.99000,1,99.99000,99.99000,0.000000,0.000000,0,32244002423140,0,0.000000,0,0.00,0,0.00,0,-89,6.25,-1061.95,12,1
00/00/2000 15:17:04 ,0,1,99.99000,1,99.99000,99.99000,0.000000,0.000000,0,32244002423140,0,0.000000,0,0.00,0,0.00,0,-89,6.25,-1061.95,12,0
00/00/2000 15:17:06 ,0,1,99.99000,1,99.99000,99.99000,0.000000,0.000000,0,32244002423140,0,0.000000,0,0.00,0,0.00,0,-89,6.25,-1061.95,12,0
00/00/2000 15:17:07 ,0,1,99.99000,1,99.99000,99.99000,0.000000,0.000000,0,32244002423140,0,0.000000,0,0.00,0,0.00,0,-89,6.25,-1061.95,12,0
00/00/2000 15:17:09 ,0,1,99.99000,1,99.99000,99.99000,0.000000,0.000000,0,32244002423140,0,0.000000,0,0.00,0,0.00,0,-89,6.25,-1061.95,12,0
00/00/2000 15:17:10 ,0,1,99.99000,1,99.99000,99.99000,0.000000,0.000000,0,32244002423140,0,0.000000,0,0.00,0,0.00,0,-89,6.25,-1061.95,12,0
00/00/2000 15:17:12 ,0,1,99.99000,1,99.99000,99.99000,0.000000,0.000000,0,32244002423140,0,0.000000,0,0.00,0,0.00,0,-89,6.25,-1061.95,12,0
00/00/2000 15:17:12 ,0,1,99.99000,1,99.99000,99.99000,0.000000,0.000000,0,32244002423140,0,0.000000,0,0.00,0,0.00,0,-91,5.25,-1115.42,12,1
00/00/2000 15:17:13 ,0,1,99.99000,1,99.99000,99.99000,0.000000,0.000000,0,32244002423140,0,0.000000,0,0.00,0,0.00,0,-91,5.25,-1115.42,12,0
00/00/2000 15:17:15 ,0,1,99.99000,1,99.99000,99.99000,0.000000,0.000000,0,32244002423140,0,0.000000,0,0.00,0,0.00,0,-91,5.25,-1115.42,12,0
10/29/2018 15:17:17 ,0,1,99.99000,1,99.99000,99.99000,0.000000,0.000000,0,32244002423140,0,0.000000,0,0.00,0,0.00,0,-91,5.25,-1115.42,12,0
10/29/2018 15:17:19 ,0,1,99.99000,1,99.99000,99.99000,0.000000,0.000000,0,32244002423140,0,0.000000,0,0.00,0,0.00,0,-91,5.25,-1115.42,12,0
10/29/2018 15:17:21 ,0,1,99.99000,1,99.99000,99.99000,0.000000,0.000000,0,32244002423140,0,0.000000,0,0.00,0,0.00,0,-91,5.25,-1115.42,12,0
10/29/2018 15:17:21 ,0,1,99.99000,1,99.99000,99.99000,0.000000,0.000000,0,32244002423140,0,0.000000,0,0.00,0,0.00,0,-89,4.50,-1133.25,12,1
10/29/2018 15:17:22 ,0,1,99.99000,1,99.99000,99.99000,0.000000,0.000000,0,32244002423140,0,0.000000,0,0.00,0,0.00,0,-89,4.50,-1133.25,12,0
10/29/2018 15:17:24 ,0,1,99.99000,1,99.99000,99.99000,0.000000,0.000000,0,32244002423140,0,0.000000,0,0.00,0,0.00,0,-89,4.50,-1133.25,12,0
