10/29/2018 15:36:40 ,14,1,0.95000,1,1.81000,2.05000,51.065402,3.709225,1,132,1,6.200000,1,284.64,1,2.59,1,-127,-8.00,-4236.25,7,1
10/29/2018 15:36:40 ,14,1,0.95000,1,1.81000,2.05000,51.065402,3.709225,1,132,1,6.200000,1,284.64,1,2.59,1,-127,-8.00,-4236.25,7,0
10/29/2018 15:36:42 ,13,1,1.02000,1,1.99000,2.24000,51.065414,3.709203,1,2240,1,5.800000,1,327.50,1,4.22,1,-127,-8.00,-4236.25,7,0
10/29/2018 15:36:43 ,14,1,1.02000,1,1.99000,2.24000,51.065425,3.709196,1,3023,1,5.800000,1,334.87,1,6.13,1,-127,-8.00,-4236.25,7,0
10/29/2018 15:36:45 ,14,1,1.02000,1,1.99000,2.24000,51.065456,3.709187,1,3102,1,5.600000,1,349.12,1,5.76,1,-127,-8.00,-4236.25,7,0
10/29/2018 15:36:47 ,14,1,1.02000,1,1.99000,2.23000,51.065486,3.709181,1,3121,1,5.600000,1,352.00,1,5.70,1,-127,-8.00,-4236.25,7,0
10/29/2018 15:36:49 ,14,1,1.02000,1,1.99000,2.23000,51.065513,3.709171,1,3411,1,5.500000,1,347.12,1,5.65,1,-127,-8.00,-4236.25,7,0
10/29/2018 15:36:51 ,14,1,1.02000,1,1.99000,2.23000,51.065540,3.709160,1,3424,1,5.500000,1,349.16,1,5.04,1,-127,-8.00,-4236.25,7,0
10/29/2018 15:36:52 ,14,1,1.02000,1,1.99000,2.23000,51.065555,3.709153,1,4013,1,5.500000,1,346.98,1,5.82,1,-127,-8.00,-4236.25,7,0
10/29/2018 15:36:53 ,14,1,1.02000,1,1.99000,2.23000,51.065570,3.709146,1,4040,1,5.800000,1,345.72,1,5.89,1,-127,-8.00,-4236.25,7,0
10/29/2018 15:36:54 ,14,1,1.02000,1,1.99000,2.23000,51.065582,3.709140,1,4104,1,5.900000,1,344.16,1,5.67,1,-127,-8.00,-4236.25,7,0
10/29/2018 15:36:55 ,14,1,1.02000,1,1.99000,2.23000,51.065597,3.709136,1,204,1,5.900000,1,349.83,1,5.48,1,122,-13.25,-1.31,12,1
10/29/2018 15:36:56 ,14,1,1.02000,1,1.99000,2.23000,51.065608,3.709132,1,443,1,5.500000,1,349.48,1,5.57,1,122,-13.25,-1.31,12,0
10/29/2018 15:36:57 ,14,1,1.02000,1,1.99000,2.23000,51.065620,3.709128,1,2111,1,5.300000,1,348.88,1,5.09,1,122,-13.25,-1.31,12,0
10/29/2018 15:36:59 ,14,1,1.02000,1,1.99000,2.23000,51.065647,3.709119,1,2244,1,5.100000,1,348.26,1,5.04,1,122,-13.25,-1.31,12,0
10/29/2018 15:37:01 ,13,1,1.02000,1,1.98000,2.23000,51.065673,3.709109,1,2330,1,4.900000,1,347.67,1,5.85,1,122,-13.25,-1.31,12,0
10/29/2018 15:37:03 ,14,1,1.02000,1,1.98000,2.23000,51.065704,3.709101,1,2344,1,5.200000,1,350.68,1,6.39,1,122,-13.25,-1.31,12,0
10/29/2018 15:37:04 ,14,1,1.02000,1,1.98000,2.23000,51.065715,3.709098,1,442,1,5.600000,1,351.22,1,5.26,1,121,-12.50,-962.33,12,1
10/29/2018 15:37:05 ,14,1,1.02000,1,1.98000,2.23000,51.065723,3.709092,1,2121,1,5.200000,1,347.27,1,2.78,1,121,-12.50,-962.33,12,0
10/29/2018 15:37:07 ,14,1,0.95000,1,1.80000,2.04000,51.065738,3.709086,1,2300,1,5.200000,1,344.31,1,2.11,1,121,-12.50,-962.33,12,0
10/29/2018 15:37:09 ,14,1,1.02000,1,1.98000,2.23000,51.065746,3.709084,1,2332,1,5.700000,1,7.46,1,2.35,1,121,-12.50,-962.33,12,0
10/29/2018 15:37:11 ,14,1,1.33000,1,2.58000,2.90000,51.065753,3.709112,1,2410,1,5.700000,1,36.86,1,5.46,1,121,-12.50,-962.33,12,0
10/29/2018 15:37:13 ,14,1,1.02000,1,1.98000,2.23000,51.065761,3.709153,1,2230,1,5.000000,1,61.88,1,4.94,1,121,-9.50,-980.16,12,1
10/29/2018 15:37:13 ,14,1,1.02000,1,1.98000,2.23000,51.065761,3.709153,1,2230,1,5.000000,1,61.88,1,4.94,1,121,-9.50,-980.16,12,0
10/29/2018 15:37:14 ,13,1,1.02000,1,1.98000,2.23000,51.065773,3.709161,1,3103,1,4.900000,1,54.16,1,4.59,1,121,-9.50,-980.16,12,0
10/29/2018 15:37:16 ,13,1,1.09000,1,2.27000,2.52000,51.065780,3.709171,1,3133,1,5.500000,1,83.44,1,0.96,1,121,-9.50,-980.16,12,0
10/29/2018 15:37:17 ,13,1,1.09000,1,2.27000,2.52000,51.065784,3.709177,1,3423,1,5.900000,1,62.81,1,2.69,1,121,-9.50,-980.16,12,0
10/29/2018 15:37:19 ,14,1,1.09000,1,2.27000,2.52000,51.065792,3.709177,1,3434,1,6.900000,1,51.67,1,1.17,1,121,-9.50,-980.16,12,0
10/29/2018 15:37:21 ,13,1,1.09000,1,2.27000,2.52000,51.065795,3.709179,1,4100,1,7.400000,1,51.67,1,0.07,1,121,-9.50,-980.16,12,0
10/29/2018 15:37:23 ,13,1,1.09000,1,2.27000,2.52000,51.065795,3.709179,1,4340,1,7.200000,1,51.67,1,0.24,1,121,-9.50,-980.16,12,0
10/29/2018 15:37:25 ,13,1,1.09000,1,2.27000,2.52000,51.065792,3.709180,1,4412,1,6.800000,1,51.67,1,0.06,1,121,-9.50,-980.16,12,0
10/29/2018 15:37:27 ,12,1,1.09000,1,2.27000,2.52000,51.065792,3.709182,1,4442,1,6.500000,1,51.67,1,0.06,1,121,-9.50,-980.16,12,0
10/29/2018 15:37:29 ,12,1,1.09000,1,2.27000,2.51000,51.065792,3.709183,1,10014,1,6.900000,1,51.67,1,0.11,1,121,-9.50,-980.16,12,0
10/29/2018 15:37:31 ,12,1,1.09000,1,2.27000,2.51000,51.065795,3.709184,1,10032,1,7.400000,1,51.67,1,0.06,1,121,-9.50,-980.16,12,0
10/29/2018 15:37:33 ,13,1,1.09000,1,2.26000,2.51000,51.065795,3.709183,1,10104,1,7.600000,1,51.67,1,0.00,1,121,-9.50,-980.16,12,0
10/29/2018 15:37:35 ,13,1,1.09000,1,2.26000,2.51000,51.065795,3.709182,1,10123,1,7.900000,1,51.67,1,0.07,1,121,-9.50,-980.16,12,0
10/29/2018 15:37:37 ,14,1,1.09000,1,2.26000,2.51000,51.065799,3.709173,1,10144,1,8.200000,1,326.91,1,0.35,1,121,-9.50,-980.16,12,0
10/29/2018 15:37:39 ,14,1,1.09000,1,2.26000,2.51000,51.065799,3.709173,1,10213,1,8.100001,1,326.91,1,0.04,1,121,-9.50,-980.16,12,0
10/29/2018 15:37:41 ,14,1,1.09000,1,2.26000,2.51000,51.065799,3.709178,1,32,1,8.100001,1,35.60,1,0.69,1,122,-13.00,-1031.01,12,1
10/29/2018 15:37:41 ,14,1,1.09000,1,2.26000,2.51000,51.065799,3.709178,1,32,1,8.100001,1,35.60,1,0.69,1,122,-13.00,-1031.01,12,0
10/29/2018 15:37:42 ,14,1,1.09000,1,2.26000,2.51000,51.065799,3.709178,1,1441,1,7.900000,1,35.60,1,0.50,1,122,-13.00,-1031.01,12,0
10/29/2018 15:37:44 ,14,1,1.09000,1,2.26000,2.51000,51.065803,3.709172,1,2202,1,7.700000,1,7.23,1,0.91,1,122,-13.00,-1031.01,12,0
10/29/2018 15:37:46 ,14,1,1.09000,1,2.26000,2.51000,51.065795,3.709178,1,2223,1,7.200000,1,111.50,1,2.22,1,122,-13.00,-1031.01,12,0
10/29/2018 15:37:48 ,13,1,1.09000,1,2.26000,2.51000,51.065795,3.709184,1,3014,1,7.100000,1,108.04,1,1.22,1,122,-13.00,-1031.01,12,0
10/29/2018 15:37:50 ,14,1,1.09000,1,2.26000,2.50000,51.065799,3.709183,1,3123,1,6.800000,1,53.30,1,0.37,1,122,-13.00,-1031.01,12,0
10/29/2018 15:37:51 ,14,1,1.09000,1,2.26000,2.50000,51.065795,3.709180,1,3324,1,6.700000,1,354.44,1,0.89,1,122,-13.00,-1031.01,12,0
10/29/2018 15:37:53 ,14,1,1.09000,1,2.25000,2.50000,51.065795,3.709175,1,3411,1,6.200000,1,330.85,1,1.43,1,122,-13.00,-1031.01,12,0
10/29/2018 15:37:55 ,14,1,1.09000,1,2.25000,2.50000,51.065795,3.709180,1,3442,1,6.700000,1,120.71,1,1.44,1,122,-13.00,-1031.01,12,0
10/29/2018 15:37:57 ,14,1,1.09000,1,2.25000,2.50000,51.065795,3.709182,1,4310,1,6.300000,1,120.71,1,0.17,1,122,-13.00,-1031.01,12,0
10/29/2018 15:37:59 ,14,1,1.01000,1,1.96000,2.21000,51.065795,3.709177,1,2044,1,5.900000,1,95.09,1,1.28,1,121,-13.75,-1075.58,12,1
10/29/2018 15:37:59 ,14,1,1.01000,1,1.96000,2.21000,51.065795,3.709177,1,2044,1,5.900000,1,95.09,1,1.28,1,121,-13.75,-1075.58,12,0
10/29/2018 15:38:01 ,14,1,1.01000,1,1.96000,2.21000,51.065792,3.709175,1,2322,1,5.300000,1,156.16,1,0.83,1,121,-13.75,-1075.58,12,0
10/29/2018 15:38:03 ,14,1,1.09000,1,2.25000,2.50000,51.065792,3.709177,1,2402,1,5.200000,1,156.16,1,0.39,1,121,-13.75,-1075.58,12,0
10/29/2018 15:38:05 ,13,1,1.09000,1,2.25000,2.50000,51.065795,3.709179,1,2430,1,5.100000,1,156.16,1,0.24,1,121,-13.75,-1075.58,12,0
10/29/2018 15:38:07 ,13,1,1.09000,1,2.25000,2.50000,51.065795,3.709180,1,3002,1,5.000000,1,156.16,1,0.06,1,121,-13.75,-1075.58,12,0
10/29/2018 15:38:09 ,13,1,1.09000,1,2.25000,2.50000,51.065795,3.709179,1,3033,1,4.500000,1,156.16,1,0.54,1,121,-13.75,-1075.58,12,0
10/29/2018 15:38:11 ,13,1,1.09000,1,2.24000,2.49000,51.065795,3.709178,1,3102,1,4.600000,1,156.16,1,0.11,1,121,-13.75,-1075.58,12,0
10/29/2018 15:38:13 ,13,1,1.01000,1,1.96000,2.21000,51.065792,3.709177,1,3114,1,4.500000,1,156.16,1,0.07,1,121,-13.75,-1075.58,12,0
10/29/2018 15:38:15 ,13,1,1.01000,1,1.96000,2.20000,51.065788,3.709175,1,3141,1,4.700000,1,156.16,1,0.15,1,121,-13.75,-1075.58,12,0
10/29/2018 15:38:17 ,13,1,1.01000,1,1.96000,2.20000,51.065788,3.709174,1,3214,1,5.100000,1,156.16,1,0.04,1,121,-13.75,-1075.58,12,0
10/29/2018 15:38:17 ,13,1,1.01000,1,1.96000,2.20000,51.065788,3.709174,1,10123,1,5.100000,1,156.16,1,0.04,1,122,-10.25,-1086.59,12,1
10/29/2018 15:38:18 ,13,1,1.01000,1,1.96000,2.20000,51.065788,3.709174,1,10210,1,5.200000,1,156.16,1,0.13,1,122,-10.25,-1086.59,12,0
10/29/2018 15:38:20 ,13,1,1.01000,1,1.96000,2.20000,51.065788,3.709176,1,10222,1,5.500000,1,156.16,1,0.09,1,122,-10.25,-1086.59,12,0
10/29/2018 15:38:21 ,13,1,1.01000,1,1.95000,2.20000,51.065788,3.709175,1,11023,1,5.500000,1,156.16,1,1.22,1,122,-10.25,-1086.59,12,0
10/29/2018 15:38:23 ,12,1,1.17000,1,2.38000,2.65000,51.065826,3.709181,1,11040,1,5.200000,1,44.17,1,19.89,1,122,-10.25,-1086.59,12,0
10/29/2018 15:38:25 ,13,1,1.69000,1,2.39000,2.92000,51.065967,3.709170,1,122,1,4.900000,1,357.18,1,26.24,1,122,-10.25,-1086.59,12,0
10/29/2018 15:38:26 ,12,1,1.39000,1,3.75000,4.00000,51.065876,3.709234,1,434,1,-0.700000,1,357.18,1,1.78,1,122,-10.25,-1086.59,12,0
10/29/2018 15:38:27 ,13,1,1.09000,1,2.24000,2.49000,51.065845,3.709210,1,2201,1,-0.300000,1,357.18,1,0.61,1,122,-10.25,-1086.59,12,0
10/29/2018 15:38:29 ,14,1,1.09000,1,2.24000,2.49000,51.065826,3.709161,1,2230,1,2.000000,1,357.18,1,0.19,1,122,-10.25,-1086.59,12,0
10/29/2018 15:38:31 ,13,1,1.09000,1,2.23000,2.49000,51.065822,3.709164,1,3021,1,1.600000,1,357.18,1,0.74,1,122,-10.25,-1086.59,12,0
10/29/2018 15:38:33 ,14,1,1.09000,1,2.23000,2.48000,51.065811,3.709167,1,3044,1,1.700000,1,357.18,1,0.57,1,122,-10.25,-1086.59,12,0
10/29/2018 15:38:35 ,14,1,1.09000,1,2.23000,2.48000,51.065799,3.709164,1,3123,1,2.400000,1,357.18,1,0.13,1,122,-10.25,-1086.59,12,0
10/29/2018 15:38:36 ,14,1,1.00000,1,2.23000,2.48000,51.065799,3.709161,1,142,1,3.000000,1,357.18,1,0.65,1,122,-10.00,-1137.44,12,1
10/29/2018 15:38:37 ,14,1,1.09000,1,2.23000,2.48000,51.065799,3.709159,1,1314,1,3.000000,1,357.18,1,0.06,1,122,-10.00,-1137.44,12,0
10/29/2018 15:38:39 ,14,1,1.09000,1,2.23000,2.48000,51.065799,3.709169,1,2224,1,2.700000,1,16.87,1,3.41,1,122,-10.00,-1137.44,12,0
10/29/2018 15:38:41 ,14,1,1.09000,1,2.23000,2.48000,51.065811,3.709172,1,2304,1,2.700000,1,2.87,1,4.70,1,122,-10.00,-1137.44,12,0
10/29/2018 15:38:43 ,13,1,1.09000,1,2.23000,2.48000,51.065834,3.709169,1,2332,1,3.000000,1,3.97,1,4.33,1,122,-10.00,-1137.44,12,0
10/29/2018 15:38:45 ,13,1,1.09000,1,2.23000,2.48000,51.065856,3.709165,1,2344,1,3.600000,1,357.13,1,4.22,1,122,-10.00,-1137.44,12,0
10/29/2018 15:38:47 ,14,1,1.09000,1,2.23000,2.48000,51.065879,3.709169,1,2422,1,3.900000,1,8.76,1,4.09,1,122,-10.00,-1137.44,12,0
10/29/2018 15:38:49 ,13,1,1.09000,1,2.22000,2.48000,51.065902,3.709162,1,3000,1,4.400000,1,355.24,1,2.72,1,122,-10.00,-1137.44,12,0
10/29/2018 15:38:51 ,14,1,1.01000,1,1.94000,2.19000,51.065917,3.709152,1,3024,1,4.300000,1,344.35,1,1.04,1,122,-10.00,-1137.44,12,0
10/29/2018 15:38:53 ,14,1,1.01000,1,1.94000,2.19000,51.065929,3.709148,1,3103,1,4.800000,1,344.35,1,0.50,1,122,-10.00,-1137.44,12,0
10/29/2018 15:38:55 ,13,1,1.01000,1,1.94000,2.19000,51.065929,3.709149,1,3411,1,4.500000,1,344.35,1,1.04,1,122,-10.00,-1137.44,12,0
10/29/2018 15:38:57 ,13,1,1.01000,1,1.94000,2.19000,51.065937,3.709147,1,3433,1,5.200000,1,344.35,1,0.19,1,122,-10.00,-1137.44,12,0
10/29/2018 15:38:58 ,13,1,1.01000,1,1.94000,2.19000,51.065937,3.709142,1,4201,1,5.200000,1,329.68,1,1.81,1,122,-10.00,-1137.44,12,0
10/29/2018 15:39:00 ,13,1,1.01000,1,1.94000,2.19000,51.065940,3.709137,1,4302,1,5.600000,1,329.68,1,0.52,1,122,-10.00,-1137.44,12,0
10/29/2018 15:39:02 ,12,1,1.34000,1,1.96000,2.37000,51.065948,3.709135,1,4341,1,5.800000,1,329.68,1,0.17,1,122,-10.00,-1137.44,12,0
10/29/2018 15:39:04 ,13,1,1.01000,1,1.94000,2.19000,51.065944,3.709138,1,10114,1,5.700000,1,329.68,1,0.30,1,122,-10.00,-1137.44,12,0
10/29/2018 15:39:06 ,14,1,1.01000,1,1.94000,2.19000,51.065944,3.709144,1,10142,1,5.400000,1,329.68,1,0.22,1,122,-10.00,-1137.44,12,0
10/29/2018 15:39:08 ,13,1,1.01000,1,1.94000,2.19000,51.065944,3.709138,1,10210,1,5.200000,1,36.19,1,2.44,1,122,-10.00,-1137.44,12,0
10/29/2018 15:39:10 ,13,1,1.01000,1,1.94000,2.18000,51.065952,3.709155,1,10233,1,5.200000,1,55.38,1,4.00,1,122,-10.00,-1137.44,12,0
10/29/2018 15:39:12 ,14,1,1.01000,1,1.94000,2.18000,51.065948,3.709191,1,10323,1,5.500000,1,66.14,1,3.74,1,122,-10.00,-1137.44,12,0
10/29/2018 15:39:14 ,13,1,1.01000,1,1.93000,2.18000,51.065952,3.709222,1,10332,1,6.000000,1,82.32,1,4.32,1,122,-10.00,-1137.44,12,0
10/29/2018 15:39:16 ,13,1,1.01000,1,1.93000,2.18000,51.065959,3.709255,1,10404,1,5.000000,1,79.55,1,5.17,1,122,-10.00,-1137.44,12,0
10/29/2018 15:39:18 ,14,1,1.01000,1,1.93000,2.18000,51.065963,3.709290,1,10423,1,4.400000,1,75.94,1,4.93,1,122,-10.00,-1137.44,12,0
10/29/2018 15:39:20 ,14,1,1.09000,1,2.21000,2.46000,51.065967,3.709330,1,11003,1,4.100000,1,76.94,1,5.67,1,122,-10.00,-1137.44,12,0
10/29/2018 15:39:22 ,14,1,1.09000,1,2.21000,2.46000,51.065975,3.709367,1,11030,1,4.000000,1,70.15,1,4.94,1,122,-10.00,-1137.44,12,0
10/29/2018 15:39:24 ,13,1,1.09000,1,2.21000,2.46000,51.065982,3.709407,1,11101,1,4.400000,1,68.89,1,5.33,1,122,-10.00,-1137.44,12,0
10/29/2018 15:39:26 ,13,1,1.09000,1,2.21000,2.46000,51.065990,3.709446,1,11123,1,4.800000,1,71.68,1,5.32,1,122,-10.00,-1137.44,12,0
10/29/2018 15:39:29 ,14,1,1.01000,1,1.93000,2.18000,51.065994,3.709501,1,231,1,4.800000,1,81.87,1,4.74,1,122,-10.00,-1137.44,12,0
10/29/2018 15:39:30 ,13,1,1.01000,1,1.93000,2.18000,51.065994,3.709519,1,1013,1,3.900000,1,82.39,1,4.65,1,122,-10.00,-1137.44,12,0
10/29/2018 15:39:31 ,14,1,1.01000,1,1.93000,2.18000,51.065998,3.709539,1,2224,1,4.200000,1,80.23,1,4.85,1,122,-10.00,-1137.44,12,0
10/29/2018 15:39:32 ,13,1,1.01000,1,1.93000,2.18000,51.065998,3.709558,1,3202,1,3.900000,1,78.72,1,4.78,1,122,-10.00,-1137.44,12,0
10/29/2018 15:39:34 ,14,1,1.01000,1,1.93000,2.18000,51.066005,3.709597,1,3223,1,4.200000,1,73.51,1,4.82,1,122,-10.00,-1137.44,12,0
10/29/2018 15:39:36 ,14,1,1.01000,1,1.93000,2.18000,51.066009,3.709636,1,3242,1,4.800000,1,75.14,1,4.78,1,122,-10.00,-1137.44,12,0
10/29/2018 15:39:38 ,14,1,1.01000,1,1.92000,2.17000,51.066017,3.709673,1,4041,1,5.200000,1,73.89,1,5.20,1,122,-10.00,-1137.44,12,0
10/29/2018 15:39:40 ,13,1,1.01000,1,1.92000,2.17000,51.066020,3.709715,1,4122,1,5.200000,1,78.75,1,5.48,1,122,-10.00,-1137.44,12,0
10/29/2018 15:39:42 ,14,1,1.01000,1,1.92000,2.17000,51.066024,3.709756,1,4143,1,4.900000,1,80.98,1,4.98,1,122,-10.00,-1137.44,12,0
10/29/2018 15:39:44 ,14,1,1.01000,1,1.92000,2.17000,51.066032,3.709797,1,4203,1,4.500000,1,78.34,1,5.67,1,122,-10.00,-1137.44,12,0
10/29/2018 15:39:46 ,13,1,1.09000,1,2.19000,2.45000,51.066036,3.709836,1,4244,1,3.900000,1,80.06,1,4.06,1,122,-10.00,-1137.44,12,0
10/29/2018 15:39:48 ,13,1,1.09000,1,2.19000,2.45000,51.066043,3.709880,1,4320,1,3.900000,1,77.64,1,5.96,1,122,-10.00,-1137.44,12,0
10/29/2018 15:39:50 ,14,1,1.01000,1,1.92000,2.17000,51.066055,3.709923,1,4331,1,4.300000,1,74.35,1,5.57,1,122,-10.00,-1137.44,12,0
10/29/2018 15:39:51 ,13,1,1.01000,1,1.92000,2.17000,51.066059,3.709944,1,4410,1,4.300000,1,76.93,1,5.30,1,122,-10.00,-1137.44,12,0
10/29/2018 15:39:53 ,13,1,1.01000,1,1.92000,2.17000,51.066066,3.709986,1,4440,1,4.400000,1,74.35,1,6.02,1,122,-10.00,-1137.44,12,0
10/29/2018 15:39:55 ,14,1,1.26000,1,1.62000,2.06000,51.066078,3.710025,1,4442,1,3.900000,1,71.06,1,4.96,1,122,-10.00,-1137.44,12,0
10/29/2018 15:39:57 ,14,1,1.26000,1,1.62000,2.06000,51.066085,3.710063,1,10024,1,3.300000,1,68.00,1,5.80,1,122,-10.00,-1137.44,12,0
10/29/2018 15:39:59 ,20,1,1.26000,1,1.62000,2.06000,51.066097,3.710103,1,10041,1,3.000000,1,69.49,1,5.57,1,122,-10.00,-1137.44,12,0
10/29/2018 15:40:01 ,14,1,1.46000,1,1.67000,2.22000,51.066104,3.710143,1,10130,1,2.500000,1,73.77,1,5.26,1,122,-10.00,-1137.44,12,0
10/29/2018 15:40:02 ,20,1,1.46000,1,1.67000,2.22000,51.066104,3.710163,1,10412,1,2.200000,1,76.79,1,4.96,1,122,-10.00,-1137.44,12,0
10/29/2018 15:40:04 ,14,1,1.46000,1,1.67000,2.22000,51.066112,3.710200,1,10444,1,2.100000,1,79.80,1,4.98,1,122,-10.00,-1137.44,12,0
10/29/2018 15:40:06 ,13,1,1.46000,1,1.67000,2.22000,51.066116,3.710239,1,34,1,2.200000,1,82.69,1,4.94,1,122,-10.00,-1137.44,12,0
10/29/2018 15:40:07 ,14,1,1.46000,1,1.67000,2.22000,51.066116,3.710259,1,423,1,2.200000,1,83.13,1,5.06,1,122,-10.00,-1137.44,12,0
10/29/2018 15:40:08 ,20,1,1.46000,1,1.67000,2.22000,51.066116,3.710280,1,2030,1,2.200000,1,84.48,1,5.20,1,122,-10.00,-1137.44,12,0
10/29/2018 15:40:10 ,14,1,1.46000,1,1.67000,2.22000,51.066116,3.710318,1,2320,1,2.100000,1,94.99,1,3.48,1,122,-10.00,-1137.44,12,0
10/29/2018 15:40:11 ,14,1,1.46000,1,1.67000,2.22000,51.066120,3.710318,1,2340,1,1.900000,1,60.48,1,2.43,1,122,-10.00,-1137.44,12,0
10/29/2018 15:40:12 ,14,1,1.26000,1,1.62000,2.05000,51.066127,3.710314,1,3131,1,1.900000,1,353.13,1,5.20,1,122,-10.00,-1137.44,12,0
10/29/2018 15:40:14 ,20,1,0.96000,1,1.48000,1.76000,51.066143,3.710308,1,3222,1,1.500000,1,352.66,1,3.78,1,122,-10.00,-1137.44,12,0
10/29/2018 15:40:16 ,20,1,0.90000,1,1.51000,1.76000,51.066165,3.710308,1,3300,1,0.900000,1,352.66,1,4.17,1,122,-10.00,-1137.44,12,0
10/29/2018 15:40:18 ,20,1,0.94000,1,1.51000,1.78000,51.066177,3.710311,1,3324,1,0.200000,1,4.54,1,2.85,1,122,-10.00,-1137.44,12,0
10/29/2018 15:40:20 ,20,1,0.96000,1,1.48000,1.76000,51.066177,3.710314,1,3400,1,0.100000,1,4.54,1,1.61,1,122,-10.00,-1137.44,12,0
10/29/2018 15:40:22 ,20,1,0.88000,1,1.45000,1.70000,51.066188,3.710305,1,3414,1,0.100000,1,4.54,1,1.87,1,122,-10.00,-1137.44,12,0
10/29/2018 15:40:24 ,20,1,0.88000,1,1.45000,1.70000,51.066196,3.710300,1,3440,1,0.200000,1,4.54,1,1.94,1,122,-10.00,-1137.44,12,0
10/29/2018 15:40:26 ,20,1,0.88000,1,1.45000,1.70000,51.066219,3.710295,1,4013,1,0.500000,1,4.54,1,2.89,1,122,-10.00,-1137.44,12,0
10/29/2018 15:40:28 ,20,1,0.88000,1,1.45000,1.69000,51.066226,3.710287,1,4032,1,1.900000,1,4.54,1,1.19,1,122,-10.00,-1137.44,12,0
10/29/2018 15:40:30 ,20,1,0.99000,1,1.60000,1.88000,51.066261,3.710267,1,4110,1,1.000000,1,358.49,1,2.17,1,122,-10.00,-1137.44,12,0
10/29/2018 15:40:32 ,20,1,1.05000,1,2.22000,2.45000,51.066287,3.710231,1,4142,1,4.700000,1,358.49,1,3.06,1,122,-10.00,-1137.44,12,0
10/29/2018 15:40:34 ,20,1,2.39000,1,4.49000,5.08000,51.066287,3.710210,1,4223,1,4.000000,1,358.49,1,4.11,1,122,-10.00,-1137.44,12,0
10/29/2018 15:40:36 ,14,1,1.19000,1,1.57000,1.97000,51.066287,3.710227,1,10010,1,6.900000,1,358.49,1,2.50,1,122,-10.00,-1137.44,12,0
10/29/2018 15:40:38 ,14,1,1.31000,1,2.28000,2.63000,51.066307,3.710238,1,10032,1,13.700000,1,358.49,1,2.69,1,122,-10.00,-1137.44,12,0
10/29/2018 15:40:39 ,14,1,1.31000,1,2.28000,2.63000,51.066303,3.710252,1,10320,1,15.000000,1,358.49,1,0.61,1,122,-10.00,-1137.44,12,0
10/29/2018 15:40:41 ,14,1,1.02000,1,1.56000,1.86000,51.066303,3.710244,1,10342,1,15.900000,1,358.49,1,1.11,1,122,-10.00,-1137.44,12,0
10/29/2018 15:40:43 ,20,1,1.19000,1,1.57000,1.97000,51.066314,3.710223,1,10341,1,17.399999,1,294.03,1,3.15,1,122,-10.00,-1137.44,12,0
10/29/2018 15:40:45 ,20,1,0.88000,1,1.45000,1.69000,51.066314,3.710213,1,11130,1,17.000000,1,259.75,1,2.87,1,122,-10.00,-1137.44,12,0
10/29/2018 15:40:47 ,20,1,0.88000,1,1.45000,1.69000,51.066318,3.710203,1,11200,1,15.800001,1,202.21,1,3.57,1,122,-10.00,-1137.44,12,0
10/29/2018 15:40:49 ,20,1,0.88000,1,1.45000,1.69000,51.066318,3.710240,1,311,1,15.800001,1,113.65,1,5.41,1,122,-10.00,-1137.44,12,0
10/29/2018 15:40:50 ,14,1,1.02000,1,1.56000,1.86000,51.066322,3.710262,1,1000,1,14.600001,1,95.19,1,5.80,1,122,-10.00,-1137.44,12,0
10/29/2018 15:40:51 ,14,1,1.02000,1,1.56000,1.86000,51.066322,3.710284,1,2104,1,14.500000,1,94.51,1,5.89,1,122,-10.00,-1137.44,12,0
10/29/2018 15:40:53 ,20,1,1.02000,1,1.56000,1.86000,51.066322,3.710326,1,2313,1,13.900000,1,89.67,1,5.48,1,122,-10.00,-1137.44,12,0
10/29/2018 15:40:55 ,20,1,1.02000,1,1.56000,1.86000,51.066329,3.710366,1,2330,1,13.400000,1,82.42,1,5.19,1,122,-10.00,-1137.44,12,0
10/29/2018 15:40:57 ,20,1,1.02000,1,1.56000,1.86000,51.066329,3.710404,1,2411,1,12.800001,1,87.78,1,4.89,1,122,-10.00,-1137.44,12,0
10/29/2018 15:40:59 ,14,1,1.02000,1,1.56000,1.86000,51.066333,3.710441,1,3010,1,11.900000,1,87.62,1,4.56,1,122,-10.00,-1137.44,12,0
10/29/2018 15:41:01 ,14,1,1.35000,1,2.72000,3.04000,51.066333,3.710481,1,3023,1,11.000000,1,90.20,1,5.15,1,122,-10.00,-1137.44,12,0
10/29/2018 15:41:03 ,14,1,1.20000,1,1.57000,1.97000,51.066345,3.710519,1,3042,1,10.800001,1,63.15,1,5.24,1,122,-10.00,-1137.44,12,0
10/29/2018 15:41:05 ,14,1,1.02000,1,1.56000,1.86000,51.066360,3.710551,1,3112,1,11.300001,1,64.75,1,4.32,1,122,-10.00,-1137.44,12,0
10/29/2018 15:41:07 ,14,1,1.02000,1,1.56000,1.86000,51.066368,3.710572,1,3212,1,10.700000,1,65.47,1,2.33,1,122,-10.00,-1137.44,12,0
10/29/2018 15:41:09 ,14,1,1.31000,1,2.27000,2.62000,51.066375,3.710594,1,3240,1,10.400000,1,65.47,1,2.76,1,122,-10.00,-1137.44,12,0
10/29/2018 15:41:10 ,14,1,1.02000,1,1.56000,1.86000,51.066379,3.710603,1,4022,1,10.800001,1,65.47,1,2.17,1,122,-10.00,-1137.44,12,0
10/29/2018 15:41:12 ,14,1,1.10000,1,1.59000,1.93000,51.066390,3.710624,1,4110,1,11.800001,1,68.84,1,2.57,1,122,-10.00,-1137.44,12,0
10/29/2018 15:41:13 ,20,1,1.02000,1,1.56000,1.86000,51.066394,3.710631,1,1213,1,11.500000,1,55.82,1,2.69,1,122,-10.00,1235.22,12,1
10/29/2018 15:41:14 ,14,1,1.02000,1,1.56000,1.86000,51.066398,3.710640,1,2324,1,10.700000,1,54.54,1,3.20,1,122,-10.00,1235.22,12,0
10/29/2018 15:41:16 ,13,1,1.20000,1,1.57000,1.97000,51.066410,3.710662,1,2422,1,10.600001,1,54.54,1,2.28,1,122,-10.00,1151.34,12,0
10/29/2018 15:41:17 ,13,1,1.31000,1,1.60000,2.06000,51.066413,3.710677,1,2424,1,10.600001,1,55.82,1,5.11,1,122,-10.00,1151.34,12,0
10/29/2018 15:41:19 ,14,1,1.10000,1,1.59000,1.93000,51.066425,3.710695,1,2433,1,9.800001,1,57.99,1,2.54,1,122,-10.00,1151.34,12,0
10/29/2018 15:41:20 ,14,1,1.03000,1,1.56000,1.86000,51.066429,3.710703,1,3303,1,9.100001,1,57.99,1,2.56,1,122,-10.00,1151.34,12,0
10/29/2018 15:41:22 ,20,1,1.07000,1,1.60000,1.92000,51.066436,3.710716,1,3310,1,8.400000,1,51.26,1,2.07,1,122,-10.00,1151.34,12,0
10/29/2018 15:41:24 ,20,1,1.07000,1,1.60000,1.92000,51.066448,3.710738,1,3330,1,7.500000,1,53.73,1,3.85,1,122,-10.00,1151.34,12,0
10/29/2018 15:41:26 ,20,1,0.94000,1,1.50000,1.77000,51.066471,3.710759,1,3343,1,8.500000,1,37.75,1,3.59,1,122,-10.00,1151.34,12,0
10/29/2018 15:41:27 ,20,1,0.94000,1,1.50000,1.77000,51.066486,3.710759,1,3420,1,8.900000,1,358.13,1,4.33,1,122,-10.00,1151.34,12,0
10/29/2018 15:41:29 ,20,1,0.88000,1,1.44000,1.69000,51.066505,3.710744,1,3434,1,9.900000,1,331.65,1,4.17,1,122,-10.00,1151.34,12,0
10/29/2018 15:41:31 ,14,1,1.07000,1,1.60000,1.92000,51.066532,3.710721,1,4004,1,10.200000,1,319.79,1,4.33,1,122,-10.00,1151.34,12,0
10/29/2018 15:41:33 ,14,1,0.93000,1,1.50000,1.77000,51.066551,3.710698,1,4031,1,10.600001,1,318.72,1,3.93,1,122,-10.00,1151.34,12,0
10/29/2018 15:41:35 ,20,1,1.22000,1,2.22000,2.53000,51.066570,3.710667,1,4112,1,11.600001,1,310.77,1,4.70,1,122,-10.00,1151.34,12,0
10/29/2018 15:41:37 ,20,1,0.99000,1,1.76000,2.02000,51.066585,3.710637,1,4130,1,11.900000,1,309.62,1,4.87,1,122,-10.00,1151.34,12,0
10/29/2018 15:41:39 ,20,1,0.88000,1,1.44000,1.69000,51.066600,3.710602,1,4144,1,12.300001,1,305.20,1,5.04,1,122,-10.00,1151.34,12,0
10/29/2018 15:41:41 ,20,1,1.05000,1,1.63000,1.94000,51.066619,3.710569,1,4224,1,12.300001,1,309.37,1,4.98,1,122,-10.00,1151.34,12,0
10/29/2018 15:41:43 ,20,1,0.94000,1,1.70000,1.94000,51.066635,3.710534,1,4300,1,13.500000,1,304.34,1,5.07,1,122,-10.00,1151.34,12,0
10/29/2018 15:41:44 ,20,1,0.88000,1,1.44000,1.69000,51.066642,3.710515,1,10042,1,13.700000,1,307.26,1,5.57,1,122,-10.00,1151.34,12,0
10/29/2018 15:41:46 ,20,1,0.93000,1,1.70000,1.94000,51.066658,3.710478,1,10122,1,13.800001,1,302.30,1,5.19,1,122,-10.00,1151.34,12,0
10/29/2018 15:41:47 ,20,1,0.88000,1,1.44000,1.69000,51.066665,3.710459,1,10404,1,14.200000,1,300.24,1,4.93,1,122,-10.00,1151.34,12,0
10/29/2018 15:41:48 ,20,1,0.96000,1,1.47000,1.76000,51.066673,3.710443,1,10441,1,13.900000,1,304.57,1,5.44,1,122,-10.00,1151.34,12,0
10/29/2018 15:41:49 ,20,1,1.34000,1,2.31000,2.67000,51.066680,3.710427,1,11020,1,14.000000,1,305.64,1,4.63,1,122,-10.00,1151.34,12,0
10/29/2018 15:41:51 ,20,1,0.99000,1,1.60000,1.88000,51.066688,3.710403,1,11033,1,13.500000,1,294.25,1,3.56,1,122,-10.00,1151.34,12,0
10/29/2018 15:41:54 ,20,1,1.05000,1,1.60000,1.88000,51.066699,3.710361,1,201,1,13.000000,1,296.19,1,2.63,1,122,-10.00,1151.34,12,0
10/29/2018 15:41:55 ,14,1,1.31000,1,2.26000,2.61000,51.066703,3.710349,1,434,1,12.000000,1,300.35,1,4.04,1,122,-10.00,1151.34,12,0
10/29/2018 15:41:56 ,14,1,1.12000,1,1.58000,1.93000,51.066711,3.710330,1,2102,1,11.900000,1,299.81,1,6.06,1,122,-10.00,1151.34,12,0
10/29/2018 15:41:58 ,14,1,0.96000,1,1.47000,1.76000,51.066726,3.710291,1,2301,1,11.800001,1,301.32,1,5.35,1,122,-10.00,1151.34,12,0
10/29/2018 15:42:00 ,20,1,0.93000,1,1.50000,1.77000,51.066738,3.710255,1,2324,1,11.700000,1,299.33,1,4.83,1,122,-10.00,1151.34,12,0
10/29/2018 15:42:02 ,20,1,1.12000,1,1.61000,1.96000,51.066749,3.710216,1,2411,1,12.600001,1,294.48,1,5.17,1,122,-10.00,1151.34,12,0
10/29/2018 15:42:04 ,20,1,0.99000,1,1.75000,2.01000,51.066761,3.710180,1,2430,1,12.500000,1,293.39,1,4.72,1,122,-10.00,1151.34,12,0
10/29/2018 15:42:06 ,20,1,1.21000,1,2.20000,2.51000,51.066768,3.710147,1,3004,1,12.000000,1,294.39,1,4.28,1,122,-10.00,1151.34,12,0
10/29/2018 15:42:08 ,20,1,0.87000,1,1.44000,1.68000,51.066780,3.710115,1,3021,1,12.400000,1,302.21,1,4.46,1,122,-10.00,1151.34,12,0
10/29/2018 15:42:10 ,20,1,0.93000,1,1.69000,1.93000,51.066791,3.710093,1,3043,1,11.500000,1,311.85,1,4.30,1,122,-10.00,1151.34,12,0
10/29/2018 15:42:12 ,20,1,1.07000,1,1.84000,2.13000,51.066802,3.710050,1,3130,1,13.100001,1,288.27,1,5.09,1,122,-10.00,1151.34,12,0
10/29/2018 15:42:14 ,14,1,0.98000,1,1.60000,1.87000,51.066810,3.710006,1,3201,1,14.100001,1,293.88,1,5.91,1,122,-10.00,1151.34,12,0
10/29/2018 15:42:16 ,20,1,0.93000,1,1.69000,1.93000,51.066825,3.709969,1,3223,1,13.700000,1,297.68,1,4.96,1,122,-10.00,1151.34,12,0
10/29/2018 15:42:18 ,20,1,0.93000,1,1.69000,1.93000,51.066837,3.709938,1,4013,1,12.600001,1,299.64,1,4.82,1,122,-10.00,1151.34,12,0
10/29/2018 15:42:20 ,20,1,0.87000,1,1.44000,1.68000,51.066844,3.709900,1,4041,1,13.200000,1,294.88,1,4.39,1,122,-10.00,1151.34,12,0
10/29/2018 15:42:21 ,20,1,0.93000,1,1.69000,1.93000,51.066852,3.709882,1,4332,1,13.100001,1,296.34,1,5.24,1,122,-10.00,1151.34,12,0
10/29/2018 15:42:23 ,20,1,0.93000,1,1.69000,1.93000,51.066864,3.709847,1,4414,1,13.100001,1,300.23,1,5.50,1,122,-10.00,1151.34,12,0
10/29/2018 15:42:25 ,20,1,0.87000,1,1.44000,1.68000,51.066879,3.709811,1,4433,1,12.200000,1,298.89,1,5.44,1,122,-10.00,1151.34,12,0
10/29/2018 15:42:27 ,20,1,0.93000,1,1.69000,1.93000,51.066890,3.709772,1,10224,1,12.400000,1,298.30,1,5.26,1,122,-10.00,1151.34,12,0
10/29/2018 15:42:29 ,20,1,0.87000,1,1.44000,1.68000,51.066902,3.709738,1,10304,1,11.900000,1,297.17,1,5.52,1,122,-10.00,1151.34,12,0
10/29/2018 15:42:31 ,20,1,0.87000,1,1.44000,1.68000,51.066909,3.709699,1,10331,1,11.900000,1,292.75,1,4.69,1,122,-10.00,1151.34,12,0
10/29/2018 15:42:33 ,20,1,0.87000,1,1.44000,1.68000,51.066921,3.709662,1,10402,1,11.800001,1,295.17,1,5.26,1,122,-10.00,1151.34,12,0
10/29/2018 15:42:35 ,14,1,1.03000,1,1.56000,1.87000,51.066928,3.709625,1,10432,1,11.000000,1,290.66,1,5.48,1,122,-10.00,1151.34,12,0
10/29/2018 15:42:37 ,20,1,1.03000,1,1.56000,1.87000,51.066940,3.709587,1,11003,1,10.400000,1,293.81,1,5.59,1,122,-10.00,1151.34,12,0
10/29/2018 15:42:39 ,14,1,1.03000,1,1.56000,1.87000,51.066947,3.709549,1,11031,1,9.800001,1,289.15,1,5.11,1,122,-10.00,1151.34,12,0
10/29/2018 15:42:41 ,14,1,1.32000,1,2.25000,2.60000,51.066955,3.709511,1,11112,1,8.800001,1,282.56,1,5.33,1,122,-10.00,1151.34,12,0
10/29/2018 15:42:43 ,14,1,1.03000,1,1.56000,1.87000,51.066955,3.709473,1,11120,1,8.600001,1,277.95,1,4.11,1,122,-10.00,1151.34,12,0
10/29/2018 15:42:44 ,14,1,1.03000,1,1.56000,1.87000,51.066955,3.709457,1,11211,1,8.600001,1,271.80,1,3.91,1,122,-10.00,1151.34,12,0
10/29/2018 15:42:46 ,14,1,1.03000,1,1.56000,1.87000,51.066947,3.709424,1,314,1,8.600001,1,253.08,1,5.04,1,122,-10.00,1151.34,12,0
10/29/2018 15:42:47 ,20,1,0.96000,1,1.47000,1.75000,51.066944,3.709406,1,440,1,8.500000,1,252.18,1,5.04,1,122,-10.00,1151.34,12,0
10/29/2018 15:42:48 ,20,1,0.93000,1,1.68000,1.92000,51.066940,3.709387,1,2104,1,8.500000,1,249.36,1,5.33,1,122,-10.00,1151.34,12,0
10/29/2018 15:42:49 ,20,1,0.93000,1,1.68000,1.92000,51.066932,3.709366,1,2314,1,8.300001,1,254.81,1,5.41,1,122,-10.00,1151.34,12,0
10/29/2018 15:42:51 ,20,1,0.93000,1,1.68000,1.92000,51.066932,3.709334,1,2332,1,7.900000,1,260.45,1,2.72,1,122,-10.00,1151.34,12,0
10/29/2018 15:42:52 ,20,1,0.93000,1,1.68000,1.92000,51.066925,3.709312,1,3213,1,7.400000,1,254.95,1,6.76,1,122,-10.00,1151.34,12,0
10/29/2018 15:42:54 ,20,1,0.93000,1,1.68000,1.92000,51.066925,3.709280,1,3243,1,6.700000,1,262.08,1,5.00,1,122,-10.00,1151.34,12,0
10/29/2018 15:42:55 ,20,1,0.93000,1,1.68000,1.92000,51.066921,3.709266,1,4041,1,6.800000,1,258.16,1,2.91,1,122,-10.00,1151.34,12,0
10/29/2018 15:42:57 ,20,1,0.93000,1,1.67000,1.92000,51.066909,3.709244,1,4114,1,6.300000,1,250.61,1,3.91,1,122,-10.00,1151.34,12,0
10/29/2018 15:42:59 ,20,1,0.93000,1,1.67000,1.92000,51.066902,3.709205,1,4134,1,6.300000,1,257.18,1,4.85,1,122,-10.00,1151.34,12,0
10/29/2018 15:43:01 ,20,1,0.98000,1,1.73000,1.99000,51.066894,3.709174,1,4424,1,6.200000,1,236.92,1,4.67,1,122,-10.00,1151.34,12,0
10/29/2018 15:43:03 ,20,1,1.01000,1,1.84000,2.10000,51.066871,3.709158,1,10012,1,5.800000,1,206.62,1,5.43,1,122,-10.00,1151.34,12,0
10/29/2018 15:43:05 ,20,1,0.93000,1,1.67000,1.91000,51.066841,3.709158,1,10033,1,5.700000,1,183.41,1,5.33,1,122,-10.00,1151.34,12,0
10/29/2018 15:43:07 ,20,1,1.03000,1,1.83000,2.11000,51.066814,3.709160,1,10104,1,5.500000,1,174.74,1,5.26,1,122,-10.00,1151.34,12,0
10/29/2018 15:43:09 ,20,1,0.87000,1,1.43000,1.68000,51.066795,3.709165,1,10121,1,5.600000,1,169.04,1,3.67,1,122,-10.00,1151.34,12,0
10/29/2018 15:43:11 ,20,1,0.87000,1,1.43000,1.68000,51.066768,3.709151,1,10201,1,5.200000,1,199.89,1,5.54,1,122,-10.00,1151.34,12,0
10/29/2018 15:43:13 ,14,1,1.04000,1,1.56000,1.87000,51.066745,3.709148,1,10230,1,4.400000,1,181.34,1,5.11,1,122,-10.00,1151.34,12,0
10/29/2018 15:43:15 ,14,1,1.04000,1,1.56000,1.87000,51.066726,3.709152,1,10304,1,3.900000,1,169.59,1,2.83,1,122,-10.00,1151.34,12,0
10/29/2018 15:43:17 ,20,1,0.87000,1,1.43000,1.68000,51.066711,3.709154,1,10323,1,4.000000,1,175.08,1,3.15,1,122,-10.00,1151.34,12,0
10/29/2018 15:43:19 ,14,1,1.04000,1,1.56000,1.87000,51.066696,3.709141,1,10402,1,4.000000,1,197.84,1,3.59,1,122,-10.00,1151.34,12,0
10/29/2018 15:43:21 ,14,1,1.04000,1,1.56000,1.87000,51.066688,3.709103,1,10424,1,4.100000,1,243.73,1,4.72,1,122,-10.00,1151.34,12,0
10/29/2018 15:43:23 ,14,1,1.04000,1,1.56000,1.87000,51.066680,3.709064,1,11010,1,4.000000,1,253.78,1,5.24,1,122,-10.00,1151.34,12,0
10/29/2018 15:43:26 ,14,1,1.04000,1,1.56000,1.87000,51.066669,3.709000,1,40,1,3.900000,1,253.11,1,5.59,1,122,-10.00,1151.34,12,0
10/29/2018 15:43:27 ,14,1,1.04000,1,1.56000,1.87000,51.066669,3.708978,1,424,1,4.100000,1,254.66,1,5.72,1,122,-10.00,1151.34,12,0
10/29/2018 15:43:28 ,14,1,1.04000,1,1.56000,1.87000,51.066665,3.708957,1,2043,1,4.200000,1,251.80,1,5.44,1,122,-10.00,1151.34,12,0
10/29/2018 15:43:29 ,14,1,1.32000,1,2.23000,2.59000,51.066658,3.708936,1,3022,1,4.100000,1,251.08,1,5.63,1,122,-10.00,1151.34,12,0
10/29/2018 15:43:31 ,14,1,1.32000,1,2.23000,2.59000,51.066650,3.708895,1,3100,1,3.800000,1,246.00,1,5.67,1,122,-10.00,1151.34,12,0
10/29/2018 15:43:32 ,20,1,1.32000,1,2.23000,2.59000,51.066642,3.708875,1,110,1,3.700000,1,243.26,1,5.54,1,122,-10.00,-5236.59,12,1
10/29/2018 15:43:33 ,20,1,0.87000,1,1.43000,1.68000,51.066635,3.708858,1,1220,1,3.700000,1,233.43,1,5.61,1,122,-10.00,-5236.59,12,0
10/29/2018 15:43:35 ,14,1,0.90000,1,1.48000,1.73000,51.066604,3.708837,1,2302,1,2.400000,1,213.82,1,5.94,1,122,-10.00,-5236.59,12,0
10/29/2018 15:43:36 ,20,1,0.97000,1,1.78000,2.03000,51.066589,3.708841,1,3100,1,1.900000,1,190.33,1,4.46,1,122,-10.00,-5236.59,12,0
10/29/2018 15:43:38 ,20,1,0.97000,1,1.78000,2.03000,51.066555,3.708847,1,3132,1,0.800000,1,177.56,1,4.44,1,122,-10.00,-5236.59,12,0
10/29/2018 15:43:40 ,20,1,0.90000,1,1.48000,1.73000,51.066543,3.708843,1,3221,1,1.400000,1,177.56,1,1.35,1,122,-10.00,-5236.59,12,0
10/29/2018 15:43:41 ,20,1,0.93000,1,1.48000,1.75000,51.066547,3.708841,1,3243,1,1.600000,1,177.56,1,0.46,1,122,-10.00,-5236.59,12,0
10/29/2018 15:43:43 ,20,1,0.93000,1,1.48000,1.75000,51.066547,3.708831,1,3323,1,2.000000,1,177.56,1,2.09,1,122,-10.00,-5236.59,12,0
10/29/2018 15:43:45 ,14,1,0.93000,1,1.48000,1.75000,51.066520,3.708827,1,3330,1,2.100000,1,174.51,1,5.48,1,122,-10.00,-5236.59,12,0
10/29/2018 15:43:47 ,20,1,0.87000,1,1.43000,1.67000,51.066486,3.708826,1,3340,1,0.100000,1,170.67,1,4.94,1,122,-10.00,-5236.59,12,0
10/29/2018 15:43:49 ,14,1,0.93000,1,1.48000,1.75000,51.066463,3.708840,1,3420,1,0.200000,1,163.85,1,5.11,1,122,-10.00,-5236.59,12,0
10/29/2018 15:43:51 ,20,1,0.93000,1,1.48000,1.75000,51.066440,3.708851,1,4010,1,0.000000,1,159.96,1,4.20,1,122,-10.00,-5236.59,12,0
10/29/2018 15:43:52 ,20,1,0.87000,1,1.43000,1.67000,51.066425,3.708847,1,4034,1,0.600000,1,162.97,1,4.13,1,122,-10.00,-5236.59,12,0
10/29/2018 15:43:54 ,14,1,1.63000,1,2.08000,2.65000,51.066402,3.708858,1,4122,1,0.400000,1,169.04,1,5.06,1,122,-10.00,-5236.59,12,0
10/29/2018 15:43:56 ,20,1,0.87000,1,1.43000,1.67000,51.066379,3.708861,1,4131,1,1.400000,1,167.84,1,3.98,1,122,-10.00,-5236.59,12,0
10/29/2018 15:43:58 ,20,1,0.97000,1,1.76000,2.01000,51.066349,3.708848,1,4243,1,2.800000,1,175.04,1,2.80,1,122,-10.00,-5236.59,12,0
10/29/2018 15:44:00 ,14,1,1.06000,1,1.78000,2.07000,51.066310,3.708809,1,10010,1,7.400000,1,181.64,1,5.87,1,122,-10.00,-5236.59,12,0
10/29/2018 15:44:02 ,14,1,0.97000,1,1.76000,2.01000,51.066280,3.708799,1,10033,1,10.000000,1,175.73,1,4.33,1,122,-10.00,-5236.59,12,0
10/29/2018 15:44:03 ,20,1,0.87000,1,1.43000,1.67000,51.066265,3.708796,1,10312,1,10.600001,1,174.43,1,5.02,1,122,-10.00,-5236.59,12,0
10/29/2018 15:44:05 ,20,1,0.87000,1,1.43000,1.67000,51.066230,3.708778,1,10344,1,12.100001,1,175.24,1,4.13,1,122,-10.00,-5236.59,12,0
10/29/2018 15:44:07 ,14,1,0.93000,1,1.65000,1.89000,51.066207,3.708805,1,10430,1,12.100001,1,152.90,1,5.50,1,122,-10.00,-5236.59,12,0
10/29/2018 15:44:09 ,20,1,0.93000,1,1.65000,1.89000,51.066196,3.708818,1,11333,1,12.100001,1,145.75,1,3.00,1,122,-10.00,-5236.59,12,0
10/29/2018 15:44:11 ,20,1,0.97000,1,1.65000,1.89000,51.066169,3.708819,1,214,1,12.900000,1,166.35,1,4.98,1,122,-10.00,-5236.59,12,0
10/29/2018 15:44:12 ,20,1,0.87000,1,1.42000,1.67000,51.066158,3.708837,1,1332,1,13.200000,1,165.99,1,4.98,1,122,-10.00,-5236.59,12,0
10/29/2018 15:44:14 ,20,1,0.87000,1,1.42000,1.67000,51.066139,3.708854,1,2241,1,13.800001,1,164.31,1,4.19,1,122,-10.00,-5236.59,12,0
10/29/2018 15:44:16 ,20,1,0.93000,1,1.64000,1.89000,51.066120,3.708862,1,2320,1,14.900000,1,169.06,1,4.82,1,122,-10.00,-5236.59,12,0
10/29/2018 15:44:18 ,14,1,1.03000,1,1.81000,2.08000,51.066101,3.708884,1,2403,1,13.000000,1,171.95,1,4.78,1,122,-10.00,-5236.59,12,0
10/29/2018 15:44:20 ,14,1,0.98000,1,1.69000,1.96000,51.066074,3.708894,1,2430,1,11.900000,1,174.98,1,4.54,1,122,-10.00,-5236.59,12,0
10/29/2018 15:44:22 ,20,1,1.03000,1,1.81000,2.08000,51.066051,3.708906,1,2444,1,11.000000,1,163.15,1,4.33,1,122,-10.00,-5236.59,12,0
10/29/2018 15:44:24 ,20,1,0.87000,1,1.42000,1.67000,51.066028,3.708918,1,3012,1,11.200000,1,157.84,1,5.00,1,122,-10.00,-5236.59,12,0
10/29/2018 15:44:26 ,20,1,0.87000,1,1.42000,1.67000,51.066005,3.708930,1,3042,1,11.200000,1,159.61,1,4.63,1,122,-10.00,-5236.59,12,0
10/29/2018 15:44:28 ,14,1,0.90000,1,1.47000,1.72000,51.065986,3.708953,1,3124,1,10.800001,1,136.09,1,3.85,1,122,-10.00,-5236.59,12,0
10/29/2018 15:44:30 ,14,1,1.17000,1,1.89000,2.23000,51.065986,3.708963,1,3224,1,10.300001,1,136.09,1,1.59,1,122,-10.00,-5236.59,12,0
10/29/2018 15:44:32 ,20,1,0.98000,1,1.69000,1.95000,51.065982,3.708960,1,3244,1,10.900000,1,136.09,1,0.70,1,122,-10.00,-5236.59,12,0
10/29/2018 15:44:34 ,14,1,1.04000,1,1.69000,1.99000,51.065959,3.708955,1,4102,1,12.500000,1,136.09,1,3.28,1,122,-10.00,-5236.59,12,0
10/29/2018 15:44:36 ,14,1,2.32000,1,2.87000,3.68000,51.065971,3.708928,1,4141,1,10.600001,1,136.09,1,3.00,1,122,-10.00,-5236.59,12,0
10/29/2018 15:44:37 ,14,1,4.57000,1,4.39000,6.33000,51.066005,3.708918,1,4410,1,9.200000,1,75.54,1,5.67,1,122,-10.00,-5236.59,12,0
10/29/2018 15:44:39 ,11,1,1.52000,1,3.01000,3.37000,51.066017,3.708881,1,10012,1,8.000000,1,75.54,1,5.56,1,122,-10.00,-5236.59,12,0
10/29/2018 15:44:41 ,0,1,99.99000,1,99.99000,99.99000,51.066009,3.708878,1,23043,1,7.900000,1,75.54,1,3.74,1,122,-10.00,-5236.59,12,0
10/29/2018 15:44:43 ,0,1,99.99000,1,99.99000,99.99000,51.066009,3.708878,1,104333,1,7.900000,1,75.54,1,3.74,1,122,-10.00,-5236.59,12,0
10/29/2018 15:44:45 ,0,1,99.99000,1,99.99000,99.99000,51.066009,3.708878,1,140412,1,7.900000,1,75.54,1,3.74,1,122,-10.00,-5236.59,12,0
10/29/2018 15:44:47 ,10,1,7.42000,1,1.00000,7.49000,51.065902,3.708647,1,10431,1,8.400000,1,75.54,1,7.82,1,122,-10.00,-5236.59,12,0
10/29/2018 15:44:49 ,10,1,7.43000,1,1.00000,7.50000,51.065757,3.708508,1,10440,1,9.500000,1,207.17,1,12.24,1,122,-10.00,-5236.59,12,0
10/29/2018 15:44:51 ,10,1,7.44000,1,1.00000,7.50000,51.065746,3.708400,1,11010,1,9.500000,1,225.01,1,11.67,1,122,-10.00,-5236.59,12,0
10/29/2018 15:44:53 ,11,1,8.20000,1,5.28000,9.75000,51.065795,3.708598,1,11032,1,9.700000,1,226.67,1,4.89,1,122,-10.00,-5236.59,12,0
10/29/2018 15:44:55 ,13,1,2.65000,1,3.64000,4.50000,51.065891,3.708689,1,11120,1,9.600001,1,221.93,1,3.83,1,122,-10.00,-5236.59,12,0
10/29/2018 15:44:57 ,13,1,1.10000,1,1.59000,1.94000,51.065872,3.708759,1,11114,1,9.900000,1,173.29,1,3.57,1,122,-10.00,-5236.59,12,0
10/29/2018 15:44:59 ,14,1,1.03000,1,1.59000,1.89000,51.065864,3.708840,1,11123,1,10.200000,1,167.80,1,4.48,1,122,-10.00,-5236.59,12,0
10/29/2018 15:45:01 ,20,1,0.95000,1,1.45000,1.74000,51.065872,3.708957,1,11142,1,10.700000,1,152.04,1,3.20,1,122,-10.00,-5236.59,12,0
10/29/2018 15:45:02 ,20,1,0.87000,1,1.42000,1.66000,51.065868,3.708997,1,11331,1,10.800001,1,148.67,1,3.54,1,122,-10.00,-5236.59,12,0
10/29/2018 15:45:04 ,20,1,0.95000,1,1.42000,1.66000,51.065864,3.709047,1,4,1,10.400000,1,143.14,1,3.52,1,122,-10.00,-5236.59,12,0
10/29/2018 15:45:05 ,20,1,0.95000,1,1.45000,1.74000,51.065856,3.709062,1,1122,1,10.400000,1,140.10,1,4.32,1,122,-10.00,-5236.59,12,0
10/29/2018 15:45:07 ,14,1,1.47000,1,1.64000,2.21000,51.065853,3.709086,1,2244,1,10.300001,1,132.59,1,3.76,1,122,-10.00,-5236.59,12,0
10/29/2018 15:45:08 ,20,1,1.07000,1,1.57000,1.90000,51.065849,3.709099,1,3032,1,9.900000,1,131.22,1,3.07,1,122,-10.00,-5236.59,12,0
10/29/2018 15:45:10 ,20,1,0.95000,1,1.45000,1.74000,51.065849,3.709100,1,3134,1,9.700000,1,142.03,1,0.07,1,122,-10.00,-5236.59,12,0
10/29/2018 15:45:11 ,20,1,0.95000,1,1.45000,1.74000,51.065849,3.709101,1,3423,1,9.600001,1,142.03,1,0.37,1,122,-10.00,-5236.59,12,0
10/29/2018 15:45:13 ,20,1,0.95000,1,1.45000,1.74000,51.065849,3.709102,1,4001,1,9.400000,1,142.03,1,0.39,1,122,-10.00,-5236.59,12,0
10/29/2018 15:45:14 ,20,1,1.07000,1,1.57000,1.90000,51.065849,3.709103,1,4032,1,9.300001,1,142.03,1,0.11,1,122,-10.00,-5236.59,12,0
10/29/2018 15:45:16 ,20,1,0.87000,1,1.42000,1.66000,51.065853,3.709106,1,4101,1,9.400000,1,142.03,1,0.07,1,122,-10.00,-5236.59,12,0
10/29/2018 15:45:17 ,20,1,0.87000,1,1.42000,1.66000,51.065849,3.709108,1,4334,1,9.400000,1,142.03,1,0.13,1,122,-10.00,-5236.59,12,0
10/29/2018 15:45:19 ,14,1,0.93000,1,1.47000,1.74000,51.065849,3.709111,1,4410,1,9.200000,1,142.03,1,0.63,1,122,-10.00,-5236.59,12,0
10/29/2018 15:45:21 ,13,1,1.07000,1,1.57000,1.90000,51.065853,3.709110,1,10003,1,9.100001,1,142.03,1,0.31,1,122,-10.00,-5236.59,12,0
10/29/2018 15:45:23 ,14,1,1.07000,1,1.57000,1.90000,51.065853,3.709109,1,10022,1,8.700000,1,142.03,1,0.15,1,122,-10.00,-5236.59,12,0
10/29/2018 15:45:25 ,14,1,1.07000,1,1.57000,1.90000,51.065853,3.709113,1,10040,1,8.700000,1,142.03,1,0.07,1,122,-10.00,-5236.59,12,0
10/29/2018 15:45:27 ,14,1,0.93000,1,1.46000,1.74000,51.065853,3.709118,1,10120,1,8.900000,1,142.03,1,0.22,1,122,-10.00,-5236.59,12,0
10/29/2018 15:45:29 ,20,1,0.93000,1,1.46000,1.73000,51.065849,3.709123,1,10141,1,9.000000,1,142.03,1,0.15,1,122,-10.00,-5236.59,12,0
10/29/2018 15:45:31 ,20,1,0.93000,1,1.46000,1.73000,51.065849,3.709129,1,10210,1,9.300001,1,142.03,1,0.35,1,122,-10.00,-5236.59,12,0
10/29/2018 15:45:33 ,20,1,0.87000,1,1.41000,1.66000,51.065845,3.709134,1,10231,1,9.500000,1,142.03,1,0.69,1,122,-10.00,-5236.59,12,0
10/29/2018 15:45:35 ,20,1,0.87000,1,1.41000,1.66000,51.065849,3.709132,1,10302,1,9.800001,1,177.63,1,0.78,1,122,-10.00,-5236.59,12,0
10/29/2018 15:45:37 ,20,1,0.87000,1,1.41000,1.66000,51.065849,3.709136,1,10333,1,10.000000,1,177.63,1,0.74,1,122,-10.00,-5236.59,12,0
10/29/2018 15:45:39 ,20,1,0.93000,1,1.46000,1.73000,51.065849,3.709135,1,10411,1,9.900000,1,177.63,1,0.43,1,122,-10.00,-5236.59,12,0
10/29/2018 15:45:41 ,20,1,0.87000,1,1.41000,1.66000,51.065856,3.709128,1,11131,1,9.600001,1,287.95,1,1.93,1,122,-10.00,-5236.59,12,0
10/29/2018 15:45:43 ,13,1,1.07000,1,1.56000,1.90000,51.065856,3.709131,1,121,1,9.500000,1,287.95,1,0.33,1,122,-10.00,-5236.59,12,0
10/29/2018 15:45:44 ,14,1,0.93000,1,1.46000,1.73000,51.065853,3.709129,1,310,1,9.300001,1,287.95,1,1.80,1,122,-10.00,-5236.59,12,0
10/29/2018 15:45:45 ,14,1,0.93000,1,1.46000,1.73000,51.065845,3.709127,1,2210,1,9.300001,1,242.00,1,4.78,1,122,-10.00,-5236.59,12,0
10/29/2018 15:45:47 ,14,1,0.93000,1,1.46000,1.73000,51.065818,3.709124,1,2233,1,9.400000,1,187.80,1,6.41,1,122,-10.00,-5236.59,12,0
10/29/2018 15:45:49 ,14,1,1.07000,1,1.56000,1.90000,51.065792,3.709119,1,2314,1,9.600001,1,188.17,1,5.67,1,122,-10.00,-5236.59,12,0
10/29/2018 15:45:51 ,14,1,1.07000,1,1.56000,1.90000,51.065769,3.709097,1,3201,1,9.500000,1,204.72,1,5.54,1,122,-10.00,-5236.59,12,0
10/29/2018 15:45:53 ,14,1,1.07000,1,1.56000,1.90000,51.065746,3.709074,1,3232,1,9.400000,1,207.68,1,5.13,1,122,-10.00,-5236.59,12,0
10/29/2018 15:45:55 ,14,1,0.93000,1,1.46000,1.73000,51.065719,3.709071,1,3301,1,9.500000,1,190.53,1,5.44,1,122,-10.00,-5236.59,12,0
10/29/2018 15:45:57 ,14,1,1.07000,1,1.56000,1.89000,51.065689,3.709078,1,3332,1,9.200000,1,171.32,1,5.74,1,122,-10.00,-5236.59,12,0
10/29/2018 15:45:59 ,14,1,1.07000,1,1.56000,1.89000,51.065662,3.709081,1,3410,1,8.900000,1,175.06,1,5.70,1,122,-10.00,-5236.59,12,0
10/29/2018 15:46:01 ,14,1,1.07000,1,1.56000,1.89000,51.065635,3.709087,1,3430,1,8.700000,1,170.95,1,5.67,1,122,-10.00,-5236.59,12,0
10/29/2018 15:46:03 ,14,1,1.07000,1,1.56000,1.89000,51.065608,3.709098,1,4003,1,8.200000,1,166.76,1,6.37,1,122,-10.00,-5236.59,12,0
10/29/2018 15:46:05 ,14,1,1.07000,1,1.56000,1.89000,51.065578,3.709107,1,4024,1,8.200000,1,167.83,1,5.83,1,122,-10.00,-5236.59,12,0
10/29/2018 15:46:07 ,14,1,1.07000,1,1.56000,1.89000,51.065551,3.709115,1,4102,1,7.500000,1,171.17,1,6.06,1,122,-10.00,-5236.59,12,0
10/29/2018 15:46:09 ,20,1,1.07000,1,1.56000,1.89000,51.065532,3.709125,1,4120,1,7.300000,1,166.39,1,5.19,1,122,-10.00,-5236.59,12,0
10/29/2018 15:46:11 ,20,1,1.07000,1,1.56000,1.89000,51.065509,3.709132,1,4142,1,6.800000,1,170.66,1,4.94,1,122,-10.00,-5236.59,12,0
10/29/2018 15:46:13 ,14,1,1.07000,1,1.56000,1.89000,51.065486,3.709144,1,4224,1,6.300000,1,163.77,1,5.52,1,122,-10.00,-5236.59,12,0
10/29/2018 15:46:15 ,20,1,0.95000,1,1.44000,1.73000,51.065460,3.709155,1,10012,1,6.100000,1,165.90,1,5.74,1,122,-10.00,-5236.59,12,0
10/29/2018 15:46:17 ,20,1,1.07000,1,1.56000,1.89000,51.065433,3.709159,1,10042,1,5.700000,1,172.45,1,5.87,1,122,-10.00,-5236.59,12,0
10/29/2018 15:46:18 ,20,1,0.95000,1,1.44000,1.73000,51.065418,3.709166,1,10340,1,5.600000,1,169.64,1,5.83,1,122,-10.00,-5236.59,12,0
10/29/2018 15:46:20 ,20,1,0.95000,1,1.44000,1.73000,51.065399,3.709178,1,10414,1,4.700000,1,164.14,1,4.91,1,122,-10.00,-5236.59,12,0
10/29/2018 15:46:22 ,20,1,0.95000,1,1.44000,1.73000,51.065383,3.709207,1,10441,1,4.700000,1,129.03,1,4.98,1,122,-10.00,-5236.59,12,0
10/29/2018 15:46:25 ,20,1,0.95000,1,1.44000,1.73000,51.065376,3.709250,1,13,1,4.300000,1,113.43,1,2.59,1,122,-10.00,-5236.59,12,0
10/29/2018 15:46:26 ,20,1,0.95000,1,1.44000,1.73000,51.065372,3.709264,1,412,1,3.800000,1,120.60,1,3.02,1,122,-10.00,-5236.59,12,0
10/29/2018 15:46:27 ,20,1,0.95000,1,1.44000,1.73000,51.065376,3.709264,1,2103,1,3.700000,1,120.60,1,0.37,1,122,-10.00,-5236.59,12,0
10/29/2018 15:46:29 ,20,1,0.95000,1,1.44000,1.73000,51.065376,3.709265,1,2220,1,3.400000,1,100.07,1,0.74,1,122,-10.00,-5236.59,12,0
10/29/2018 15:46:31 ,20,1,0.95000,1,1.44000,1.73000,51.065376,3.709262,1,2314,1,3.900000,1,100.07,1,1.07,1,122,-10.00,-5236.59,12,0
10/29/2018 15:46:33 ,20,1,0.95000,1,1.44000,1.73000,51.065376,3.709264,1,2343,1,3.500000,1,28.74,1,0.33,1,122,-10.00,-5236.59,12,0
10/29/2018 15:46:35 ,20,1,0.95000,1,1.44000,1.73000,51.065372,3.709263,1,2412,1,3.300000,1,28.74,1,0.65,1,122,-10.00,-5236.59,12,0
10/29/2018 15:46:37 ,20,1,0.95000,1,1.44000,1.73000,51.065372,3.709267,1,2434,1,3.400000,1,28.74,1,0.31,1,122,-10.00,-5236.59,12,0
10/29/2018 15:46:39 ,14,1,1.07000,1,1.56000,1.89000,51.065372,3.709270,1,3014,1,3.300000,1,28.74,1,0.11,1,122,-10.00,-5236.59,12,0
10/29/2018 15:46:41 ,20,1,0.95000,1,1.44000,1.73000,51.065372,3.709266,1,3032,1,3.100000,1,28.74,1,0.72,1,122,-10.00,-5236.59,12,0
10/29/2018 15:46:42 ,20,1,0.95000,1,1.44000,1.73000,51.065372,3.709263,1,3104,1,2.900000,1,28.74,1,0.70,1,122,-10.00,-5236.59,12,0
10/29/2018 15:46:43 ,20,1,0.95000,1,1.44000,1.73000,51.065372,3.709264,1,1132,1,3.100000,1,28.74,1,0.74,1,-121,-20.00,-1096.02,12,1
10/29/2018 15:46:44 ,20,1,0.95000,1,1.44000,1.73000,51.065372,3.709264,1,2222,1,3.100000,1,28.74,1,0.31,1,-121,-20.00,-1096.02,12,0
10/29/2018 15:46:46 ,20,1,0.95000,1,1.44000,1.73000,51.065372,3.709259,1,2303,1,3.000000,1,28.74,1,0.15,1,-121,-20.00,-1096.02,12,0
10/29/2018 15:46:48 ,20,1,0.95000,1,1.44000,1.72000,51.065372,3.709260,1,2324,1,2.700000,1,28.74,1,0.50,1,-121,-20.00,-1096.02,12,0
10/29/2018 15:46:49 ,20,1,0.95000,1,1.44000,1.72000,51.065372,3.709259,1,3113,1,2.500000,1,28.74,1,0.39,1,-121,-20.00,-1096.02,12,0
10/29/2018 15:46:51 ,20,1,0.87000,1,1.40000,1.65000,51.065376,3.709259,1,3140,1,2.400000,1,28.74,1,0.19,1,-121,-20.00,-1096.02,12,0
10/29/2018 15:46:52 ,20,1,0.95000,1,1.44000,1.72000,51.065376,3.709258,1,3443,1,2.300000,1,28.74,1,0.46,1,-121,-20.00,-1096.02,12,0
10/29/2018 15:46:54 ,20,1,0.95000,1,1.44000,1.72000,51.065376,3.709256,1,4014,1,2.400000,1,28.74,1,0.30,1,-121,-20.00,-1096.02,12,0
10/29/2018 15:46:56 ,20,1,0.95000,1,1.44000,1.72000,51.065376,3.709254,1,4040,1,2.300000,1,28.74,1,0.13,1,-121,-20.00,-1096.02,12,0
10/29/2018 15:46:58 ,20,1,0.95000,1,1.44000,1.72000,51.065376,3.709252,1,4334,1,2.400000,1,28.74,1,0.04,1,-121,-20.00,-1096.02,12,0
10/29/2018 15:47:00 ,20,1,0.95000,1,1.44000,1.72000,51.065380,3.709251,1,4412,1,2.300000,1,28.74,1,0.07,1,-121,-20.00,-1096.02,12,0
10/29/2018 15:47:01 ,20,1,0.95000,1,1.44000,1.72000,51.065380,3.709250,1,4201,1,2.300000,1,28.74,1,0.04,1,122,-12.25,-1076.10,12,1
10/29/2018 15:47:02 ,20,1,0.95000,1,1.44000,1.72000,51.065380,3.709250,1,4223,1,2.200000,1,28.74,1,0.11,1,122,-12.25,-1076.10,12,0
10/29/2018 15:47:04 ,20,1,0.87000,1,1.40000,1.65000,51.065376,3.709251,1,4241,1,2.100000,1,28.74,1,0.06,1,122,-12.25,-1076.10,12,0
10/29/2018 15:47:06 ,20,1,0.95000,1,1.44000,1.72000,51.065376,3.709247,1,4323,1,3.200000,1,28.74,1,0.11,1,122,-12.25,-1076.10,12,0
10/29/2018 15:47:08 ,20,1,0.95000,1,1.44000,1.72000,51.065372,3.709249,1,4342,1,3.600000,1,28.74,1,0.09,1,122,-12.25,-1076.10,12,0
10/29/2018 15:47:10 ,20,1,0.87000,1,1.40000,1.65000,51.065372,3.709252,1,4411,1,3.700000,1,28.74,1,0.09,1,122,-12.25,-1076.10,12,0
10/29/2018 15:47:12 ,20,1,0.95000,1,1.44000,1.72000,51.065372,3.709256,1,4440,1,3.800000,1,28.74,1,0.04,1,122,-12.25,-1076.10,12,0
10/29/2018 15:47:14 ,20,1,0.95000,1,1.44000,1.72000,51.065372,3.709260,1,10010,1,3.800000,1,28.74,1,0.33,1,122,-12.25,-1076.10,12,0
10/29/2018 15:47:16 ,20,1,0.95000,1,1.44000,1.72000,51.065372,3.709262,1,10034,1,3.800000,1,28.74,1,0.81,1,122,-12.25,-1076.10,12,0
10/29/2018 15:47:18 ,20,1,0.95000,1,1.44000,1.72000,51.065372,3.709263,1,10111,1,3.900000,1,28.74,1,0.48,1,122,-12.25,-1076.10,12,0
10/29/2018 15:47:20 ,20,1,0.95000,1,1.44000,1.72000,51.065368,3.709266,1,200,1,4.000000,1,28.74,1,0.11,1,123,-13.50,-1075.58,12,1
10/29/2018 15:47:20 ,20,1,0.95000,1,1.44000,1.72000,51.065368,3.709266,1,200,1,4.000000,1,28.74,1,0.11,1,123,-13.50,-1075.58,12,0
10/29/2018 15:47:21 ,20,1,0.95000,1,1.44000,1.72000,51.065368,3.709266,1,1441,1,4.100000,1,28.74,1,0.04,1,123,-13.50,-1075.58,12,0
10/29/2018 15:47:23 ,20,1,1.07000,1,1.55000,1.89000,51.065368,3.709265,1,3010,1,4.200000,1,28.74,1,0.30,1,123,-13.50,-1075.58,12,0
10/29/2018 15:47:25 ,20,1,1.07000,1,1.55000,1.89000,51.065368,3.709269,1,3040,1,4.300000,1,50.32,1,0.87,1,123,-13.50,-1075.58,12,0
10/29/2018 15:47:26 ,20,1,0.87000,1,1.40000,1.64000,51.065368,3.709269,1,3324,1,4.300000,1,50.32,1,0.19,1,123,-13.50,-1075.58,12,0
10/29/2018 15:47:28 ,20,1,1.07000,1,1.55000,1.88000,51.065368,3.709269,1,3411,1,4.400000,1,50.32,1,0.17,1,123,-13.50,-1075.58,12,0
10/29/2018 15:47:29 ,20,1,0.95000,1,1.43000,1.72000,51.065368,3.709269,1,3423,1,4.400000,1,50.32,1,0.06,1,123,-13.50,-1075.58,12,0
10/29/2018 15:47:31 ,20,1,0.95000,1,1.43000,1.72000,51.065372,3.709270,1,4002,1,4.300000,1,50.32,1,0.15,1,123,-13.50,-1075.58,12,0
10/29/2018 15:47:32 ,20,1,0.95000,1,1.43000,1.72000,51.065372,3.709270,1,4243,1,4.300000,1,50.32,1,0.06,1,123,-13.50,-1075.58,12,0
10/29/2018 15:47:34 ,20,1,0.87000,1,1.40000,1.64000,51.065361,3.709281,1,4234,1,4.000000,1,144.61,1,4.85,1,123,-13.50,-1075.58,12,0
10/29/2018 15:47:36 ,20,1,0.87000,1,1.40000,1.64000,51.065341,3.709300,1,4311,1,3.500000,1,140.68,1,4.00,1,123,-13.50,-1075.58,12,0
10/29/2018 15:47:38 ,20,1,1.07000,1,1.55000,1.88000,51.065322,3.709305,1,4343,1,3.100000,1,167.72,1,4.89,1,123,-13.50,-1075.58,12,0
10/29/2018 15:47:40 ,20,1,0.95000,1,1.43000,1.72000,51.065299,3.709300,1,4412,1,2.800000,1,185.66,1,4.41,1,123,-13.50,-1075.58,12,0
10/29/2018 15:47:42 ,20,1,0.93000,1,1.44000,1.71000,51.065277,3.709297,1,4440,1,2.400000,1,183.71,1,4.09,1,123,-13.50,-1075.58,12,0
10/29/2018 15:47:44 ,20,1,0.93000,1,1.44000,1.71000,51.065261,3.709292,1,10012,1,1.900000,1,187.81,1,4.07,1,123,-13.50,-1075.58,12,0
10/29/2018 15:47:46 ,20,1,0.87000,1,1.39000,1.64000,51.065242,3.709291,1,10041,1,1.700000,1,167.11,1,4.57,1,123,-13.50,-1075.58,12,0
10/29/2018 15:47:48 ,20,1,1.01000,1,1.82000,2.08000,51.065216,3.709309,1,10121,1,1.500000,1,170.22,1,5.59,1,123,-13.50,-1075.58,12,0
10/29/2018 15:47:50 ,20,1,0.87000,1,1.39000,1.64000,51.065193,3.709320,1,10124,1,1.000000,1,160.12,1,4.80,1,123,-13.50,-1075.58,12,0
10/29/2018 15:47:52 ,14,1,0.98000,1,1.46000,1.76000,51.065170,3.709327,1,10214,1,1.400000,1,168.59,1,4.48,1,123,-13.50,-1075.58,12,0
10/29/2018 15:47:54 ,14,1,0.93000,1,1.44000,1.71000,51.065147,3.709331,1,10240,1,1.900000,1,166.60,1,4.80,1,123,-13.50,-1075.58,12,0
10/29/2018 15:47:56 ,14,1,0.98000,1,1.46000,1.76000,51.065116,3.709343,1,11032,1,-0.100000,1,162.79,1,5.41,1,123,-13.50,-1075.58,12,0
10/29/2018 15:47:58 ,14,1,0.93000,1,1.44000,1.71000,51.065090,3.709345,1,11111,1,-0.500000,1,167.64,1,4.65,1,123,-13.50,-1075.58,12,0
10/29/2018 15:48:00 ,14,1,0.93000,1,1.44000,1.71000,51.065063,3.709354,1,222,1,-0.500000,1,157.41,1,3.76,1,123,-13.50,-1075.58,12,0
10/29/2018 15:48:01 ,14,1,0.98000,1,1.45000,1.75000,51.065052,3.709362,1,1004,1,-2.100000,1,169.67,1,6.06,1,123,-13.50,-1075.58,12,0
10/29/2018 15:48:02 ,14,1,0.93000,1,1.44000,1.71000,51.065040,3.709368,1,2131,1,-2.800000,1,167.68,1,4.80,1,123,-13.50,-1075.58,12,0
10/29/2018 15:48:04 ,14,1,0.98000,1,1.45000,1.75000,51.065010,3.709365,1,2231,1,-1.900000,1,172.50,1,5.17,1,123,-13.50,-1075.58,12,0
10/29/2018 15:48:06 ,14,1,0.93000,1,1.43000,1.71000,51.064983,3.709373,1,3030,1,-1.700000,1,164.80,1,5.80,1,123,-13.50,-1075.58,12,0
10/29/2018 15:48:08 ,14,1,0.98000,1,1.45000,1.75000,51.064960,3.709384,1,3104,1,-1.000000,1,164.52,1,4.24,1,123,-13.50,-1075.58,12,0
10/29/2018 15:48:10 ,14,1,0.93000,1,1.43000,1.71000,51.064929,3.709395,1,3124,1,-1.400000,1,166.11,1,5.15,1,123,-13.50,-1075.58,12,0
10/29/2018 15:48:12 ,14,1,0.98000,1,1.45000,1.75000,51.064899,3.709394,1,3202,1,-0.800000,1,171.17,1,5.22,1,123,-13.50,-1075.58,12,0
10/29/2018 15:48:14 ,14,1,0.93000,1,1.43000,1.71000,51.064868,3.709397,1,3224,1,0.300000,1,167.35,1,4.94,1,123,-13.50,-1075.58,12,0
10/29/2018 15:48:16 ,14,1,0.98000,1,1.45000,1.75000,51.064842,3.709411,1,3310,1,0.900000,1,164.78,1,5.20,1,123,-13.50,-1075.58,12,0
10/29/2018 15:48:18 ,14,1,0.93000,1,1.43000,1.71000,51.064815,3.709411,1,3323,1,1.700000,1,167.11,1,4.98,1,123,-13.50,-1075.58,12,0
10/29/2018 15:48:20 ,14,1,0.98000,1,1.45000,1.75000,51.064788,3.709414,1,3403,1,2.300000,1,165.98,1,5.39,1,123,-13.50,-1075.58,12,0
10/29/2018 15:48:22 ,14,1,0.98000,1,1.45000,1.75000,51.064754,3.709414,1,3431,1,2.600000,1,169.14,1,5.57,1,123,-13.50,-1075.58,12,0
10/29/2018 15:48:24 ,12,1,1.12000,1,1.94000,2.24000,51.064723,3.709413,1,4010,1,3.200000,1,170.10,1,5.78,1,123,-13.50,-1075.58,12,0
10/29/2018 15:48:26 ,13,1,1.12000,1,1.94000,2.23000,51.064682,3.709395,1,4031,1,6.800000,1,161.70,1,5.93,1,123,-13.50,-1075.58,12,0
10/29/2018 15:48:28 ,13,1,1.12000,1,1.93000,2.23000,51.064655,3.709413,1,4103,1,7.000000,1,168.01,1,6.52,1,123,-13.50,-1075.58,12,0
10/29/2018 15:48:30 ,13,1,0.97000,1,1.59000,1.86000,51.064624,3.709429,1,4344,1,6.900000,1,168.57,1,5.94,1,123,-13.50,-1075.58,12,0
10/29/2018 15:48:32 ,13,1,0.97000,1,1.59000,1.86000,51.064594,3.709445,1,4421,1,6.700000,1,164.07,1,6.39,1,123,-13.50,-1075.58,12,0
10/29/2018 15:48:33 ,13,1,0.97000,1,1.59000,1.86000,51.064582,3.709450,1,10210,1,6.300000,1,164.97,1,5.52,1,123,-13.50,-1075.58,12,0
10/29/2018 15:48:35 ,14,1,0.97000,1,1.59000,1.86000,51.064552,3.709463,1,10233,1,6.300000,1,160.65,1,6.00,1,123,-13.50,-1075.58,12,0
10/29/2018 15:48:37 ,14,1,1.14000,1,1.84000,2.16000,51.064517,3.709470,1,10302,1,5.800000,1,166.98,1,6.06,1,123,-13.50,-1075.58,12,0
10/29/2018 15:48:39 ,20,1,0.93000,1,1.43000,1.70000,51.064491,3.709480,1,11040,1,5.500000,1,168.05,1,5.54,1,123,-13.50,-1075.58,12,0
10/29/2018 15:48:41 ,14,1,1.14000,1,1.83000,2.16000,51.064460,3.709485,1,11124,1,5.500000,1,172.82,1,5.87,1,123,-13.50,-1075.58,12,0
10/29/2018 15:48:43 ,14,1,0.93000,1,1.43000,1.70000,51.064434,3.709490,1,11143,1,5.400000,1,170.38,1,5.04,1,123,-13.50,-1075.58,12,0
10/29/2018 15:48:44 ,14,1,0.93000,1,1.43000,1.70000,51.064418,3.709494,1,11422,1,5.600000,1,168.32,1,6.19,1,123,-13.50,-1075.58,12,0
10/29/2018 15:48:46 ,14,1,0.93000,1,1.43000,1.70000,51.064392,3.709500,1,41,1,5.800000,1,173.55,1,5.28,1,123,-13.50,-1075.58,12,0
10/29/2018 15:48:47 ,14,1,0.93000,1,1.43000,1.70000,51.064376,3.709501,1,1200,1,5.800000,1,173.48,1,5.39,1,123,-13.50,-1075.58,12,0
10/29/2018 15:48:49 ,14,1,1.14000,1,1.83000,2.16000,51.064350,3.709506,1,2231,1,5.900000,1,172.34,1,5.69,1,123,-13.50,-1075.58,12,0
10/29/2018 15:48:51 ,14,1,1.14000,1,1.83000,2.16000,51.064323,3.709513,1,2303,1,6.200000,1,170.36,1,5.80,1,123,-13.50,-1075.58,12,0
10/29/2018 15:48:53 ,14,1,0.93000,1,1.43000,1.70000,51.064292,3.709520,1,2324,1,5.900000,1,171.35,1,5.74,1,123,-13.50,-1075.58,12,0
10/29/2018 15:48:55 ,14,1,0.93000,1,1.43000,1.70000,51.064266,3.709522,1,2342,1,6.400000,1,171.65,1,4.43,1,123,-13.50,-1075.58,12,0
10/29/2018 15:48:57 ,13,1,1.08000,1,1.54000,1.87000,51.064239,3.709525,1,2433,1,5.900000,1,174.86,1,6.15,1,123,-13.50,-1075.58,12,0
10/29/2018 15:48:59 ,13,1,1.12000,1,1.92000,2.22000,51.064212,3.709531,1,3004,1,6.000000,1,162.14,1,5.70,1,123,-13.50,-1075.58,12,0
10/29/2018 15:49:01 ,13,1,1.12000,1,1.92000,2.22000,51.064182,3.709545,1,3031,1,5.100000,1,162.31,1,6.19,1,123,-13.50,-1075.58,12,0
10/29/2018 15:49:03 ,14,1,1.12000,1,1.92000,2.22000,51.064147,3.709553,1,3101,1,5.300000,1,168.46,1,6.20,1,123,-13.50,-1075.58,12,0
10/29/2018 15:49:04 ,14,1,0.97000,1,1.58000,1.85000,51.064136,3.709557,1,3340,1,5.500000,1,164.72,1,5.83,1,123,-13.50,-1075.58,12,0
10/29/2018 15:49:06 ,13,1,0.97000,1,1.58000,1.85000,51.064109,3.709560,1,3423,1,4.800000,1,179.45,1,5.80,1,123,-13.50,-1075.58,12,0
10/29/2018 15:49:07 ,13,1,0.97000,1,1.58000,1.85000,51.064098,3.709556,1,4310,1,4.400000,1,180.03,1,2.76,1,123,-13.50,-1075.58,12,0
10/29/2018 15:49:09 ,13,1,0.97000,1,1.58000,1.85000,51.064083,3.709542,1,4411,1,2.200000,1,219.11,1,2.89,1,123,-13.50,-1075.58,12,0
10/29/2018 15:49:11 ,14,1,0.97000,1,1.57000,1.85000,51.064060,3.709535,1,4431,1,-0.500000,1,209.83,1,3.82,1,123,-13.50,-1075.58,12,0
10/29/2018 15:49:13 ,13,1,0.97000,1,1.57000,1.85000,51.064041,3.709523,1,10231,1,-1.300000,1,201.67,1,3.50,1,123,-13.50,-1075.58,12,0
10/29/2018 15:49:15 ,14,1,0.97000,1,1.57000,1.85000,51.064025,3.709474,1,10230,1,2.400000,1,233.69,1,5.04,1,123,-13.50,-1075.58,12,0
10/29/2018 15:49:17 ,14,1,0.93000,1,1.42000,1.70000,51.064022,3.709435,1,10304,1,2.900000,1,245.81,1,5.04,1,123,-13.50,-1075.58,12,0
10/29/2018 15:49:19 ,14,1,0.93000,1,1.42000,1.70000,51.064010,3.709402,1,10344,1,3.200000,1,240.32,1,4.82,1,123,-13.50,-1075.58,12,0
10/29/2018 15:49:21 ,14,1,0.93000,1,1.42000,1.70000,51.064010,3.709343,1,10402,1,4.000000,1,251.20,1,5.63,1,123,-13.50,-1075.58,12,0
10/29/2018 15:49:23 ,14,1,0.93000,1,1.42000,1.70000,51.064002,3.709295,1,10423,1,4.700000,1,254.60,1,5.35,1,123,-13.50,-1075.58,12,0
10/29/2018 15:49:25 ,14,1,0.97000,1,1.57000,1.84000,51.063999,3.709254,1,11001,1,5.100000,1,253.63,1,5.63,1,123,-13.50,-1075.58,12,0
10/29/2018 15:49:27 ,14,1,0.97000,1,1.57000,1.84000,51.063991,3.709209,1,11031,1,5.400000,1,256.40,1,5.54,1,123,-13.50,-1075.58,12,0
10/29/2018 15:49:29 ,13,1,1.12000,1,1.91000,2.21000,51.063983,3.709168,1,11111,1,5.100000,1,246.94,1,5.37,1,123,-13.50,-1075.58,12,0
10/29/2018 15:49:31 ,13,1,0.97000,1,1.57000,1.84000,51.063976,3.709124,1,11124,1,4.600000,1,249.62,1,5.44,1,123,-13.50,-1075.58,12,0
10/29/2018 15:49:33 ,13,1,0.97000,1,1.57000,1.84000,51.063972,3.709085,1,11204,1,3.900000,1,267.52,1,4.06,1,123,-13.50,-1075.58,12,0
10/29/2018 15:49:35 ,13,1,0.97000,1,1.57000,1.84000,51.063964,3.709048,1,214,1,3.900000,1,251.11,1,4.24,1,123,-13.50,-1075.58,12,0
10/29/2018 15:49:36 ,14,1,0.97000,1,1.56000,1.84000,51.063957,3.709025,1,343,1,4.400000,1,250.92,1,5.20,1,123,-13.50,-1075.58,12,0
10/29/2018 15:49:37 ,14,1,0.93000,1,1.42000,1.69000,51.063957,3.709002,1,2004,1,4.600000,1,253.76,1,5.52,1,123,-13.50,-1075.58,12,0
10/29/2018 15:49:38 ,14,1,0.93000,1,1.42000,1.69000,51.063957,3.708981,1,3001,1,4.600000,1,257.37,1,5.11,1,123,-13.50,-1075.58,12,0
10/29/2018 15:49:40 ,13,1,0.97000,1,1.56000,1.84000,51.063945,3.708938,1,3033,1,3.900000,1,245.50,1,5.69,1,123,-13.50,-1075.58,12,0
10/29/2018 15:49:41 ,13,1,0.97000,1,1.56000,1.84000,51.063941,3.708913,1,3322,1,3.600000,1,251.25,1,5.82,1,123,-13.50,-1075.58,12,0
10/29/2018 15:49:43 ,14,1,0.97000,1,1.56000,1.84000,51.063938,3.708872,1,3400,1,3.900000,1,254.57,1,4.94,1,123,-13.50,-1075.58,12,0
10/29/2018 15:49:45 ,14,1,0.93000,1,1.42000,1.69000,51.063930,3.708831,1,3422,1,3.800000,1,261.98,1,5.11,1,123,-13.50,-1075.58,12,0
10/29/2018 15:49:47 ,14,1,0.97000,1,1.56000,1.84000,51.063934,3.708787,1,4212,1,3.900000,1,263.14,1,5.50,1,123,-13.50,-1075.58,12,0
10/29/2018 15:49:49 ,14,1,0.97000,1,1.56000,1.83000,51.063926,3.708740,1,4244,1,2.300000,1,253.56,1,5.74,1,123,-13.50,-1075.58,12,0
10/29/2018 15:49:51 ,13,1,1.12000,1,1.90000,2.20000,51.063930,3.708696,1,4323,1,1.800000,1,258.37,1,5.83,1,123,-13.50,-1075.58,12,0
10/29/2018 15:49:53 ,14,1,1.12000,1,1.90000,2.20000,51.063922,3.708654,1,4344,1,1.800000,1,242.56,1,4.82,1,123,-13.50,-1075.58,12,0
10/29/2018 15:49:54 ,14,1,1.12000,1,1.90000,2.20000,51.063915,3.708637,1,4424,1,1.600000,1,242.34,1,4.65,1,123,-13.50,-1075.58,12,0
10/29/2018 15:49:56 ,13,1,0.97000,1,1.56000,1.83000,51.063896,3.708599,1,1140,1,2.200000,1,236.64,1,5.28,1,-122,-13.25,-1139.02,12,1
10/29/2018 15:49:56 ,13,1,0.97000,1,1.56000,1.83000,51.063896,3.708599,1,1140,1,2.200000,1,236.64,1,5.28,1,-122,-13.25,-1139.02,12,0
10/29/2018 15:49:58 ,14,1,0.97000,1,1.56000,1.83000,51.063877,3.708570,1,2240,1,2.200000,1,226.40,1,4.37,1,-122,-13.25,-1139.02,12,0
10/29/2018 15:50:00 ,13,1,0.97000,1,1.56000,1.83000,51.063854,3.708545,1,2312,1,1.900000,1,223.09,1,4.02,1,-122,-13.25,-1139.02,12,0
10/29/2018 15:50:02 ,13,1,0.97000,1,1.55000,1.83000,51.063831,3.708526,1,2334,1,1.500000,1,216.19,1,5.07,1,-122,-13.25,-1139.02,12,0
10/29/2018 15:50:04 ,13,1,0.97000,1,1.55000,1.83000,51.063827,3.708488,1,2411,1,0.500000,1,231.20,1,3.74,1,-122,-13.25,-1139.02,12,0
10/29/2018 15:50:06 ,13,1,0.97000,1,1.55000,1.83000,51.063812,3.708461,1,2432,1,-0.100000,1,221.48,1,4.44,1,-122,-13.25,-1139.02,12,0
10/29/2018 15:50:08 ,14,1,0.97000,1,1.55000,1.83000,51.063793,3.708433,1,3004,1,-0.900000,1,217.06,1,5.50,1,-122,-13.25,-1139.02,12,0
10/29/2018 15:50:10 ,13,1,0.97000,1,1.55000,1.83000,51.063770,3.708427,1,3103,1,-1.500000,1,217.06,1,4.28,1,-122,-13.25,-1139.02,12,0
10/29/2018 15:50:12 ,14,1,0.97000,1,1.55000,1.83000,51.063739,3.708428,1,3323,1,-2.900000,1,194.91,1,5.89,1,-122,-13.25,-1139.02,12,0
10/29/2018 15:50:14 ,14,1,0.93000,1,1.41000,1.69000,51.063713,3.708412,1,3343,1,-3.000000,1,202.13,1,4.80,1,-122,-13.25,-1139.02,12,0
10/29/2018 15:50:15 ,14,1,0.97000,1,1.55000,1.83000,51.063701,3.708402,1,4140,1,-2.400000,1,200.46,1,4.20,1,-122,-13.25,-1139.02,12,0
10/29/2018 15:50:17 ,13,1,0.97000,1,1.55000,1.83000,51.063674,3.708377,1,4243,1,-1.700000,1,209.05,1,5.63,1,-122,-13.25,-1139.02,12,0
10/29/2018 15:50:19 ,14,1,0.97000,1,1.55000,1.82000,51.063644,3.708362,1,4311,1,-2.600000,1,204.04,1,5.72,1,-122,-13.25,-1139.02,12,0
10/29/2018 15:50:21 ,14,1,0.97000,1,1.55000,1.82000,51.063625,3.708338,1,10110,1,-3.500000,1,204.04,1,4.35,1,-122,-13.25,-1139.02,12,0
10/29/2018 15:50:23 ,14,1,0.97000,1,1.55000,1.82000,51.063602,3.708326,1,10111,1,-4.000000,1,207.38,1,5.19,1,-122,-13.25,-1139.02,12,0
10/29/2018 15:50:25 ,14,1,0.93000,1,1.41000,1.68000,51.063575,3.708306,1,10133,1,-4.500000,1,212.37,1,5.57,1,-122,-13.25,-1139.02,12,0
10/29/2018 15:50:27 ,14,1,0.93000,1,1.41000,1.68000,51.063545,3.708296,1,10210,1,-5.400000,1,198.48,1,4.93,1,-122,-13.25,-1139.02,12,0
10/29/2018 15:50:29 ,14,1,0.93000,1,1.41000,1.68000,51.063518,3.708274,1,10234,1,-4.800000,1,199.25,1,5.91,1,-122,-13.25,-1139.02,12,0
10/29/2018 15:50:31 ,13,1,0.97000,1,1.54000,1.82000,51.063488,3.708241,1,10314,1,-3.700000,1,207.62,1,6.06,1,-122,-13.25,-1139.02,12,0
10/29/2018 15:50:33 ,13,1,1.04000,1,1.58000,1.89000,51.063457,3.708226,1,10400,1,-3.800000,1,207.16,1,5.82,1,-122,-13.25,-1139.02,12,0
10/29/2018 15:50:35 ,13,1,0.97000,1,1.54000,1.82000,51.063438,3.708191,1,10420,1,-3.300000,1,217.69,1,4.52,1,-122,-13.25,-1139.02,12,0
10/29/2018 15:50:37 ,13,1,0.97000,1,1.54000,1.82000,51.063411,3.708153,1,10440,1,-2.200000,1,217.57,1,6.32,1,-122,-13.25,-1139.02,12,0
10/29/2018 15:50:39 ,13,1,0.96000,1,1.54000,1.82000,51.063381,3.708129,1,11012,1,-1.200000,1,211.38,1,4.98,1,-122,-13.25,-1139.02,12,0
10/29/2018 15:50:41 ,13,1,0.96000,1,1.54000,1.82000,51.063354,3.708110,1,11042,1,-0.900000,1,202.73,1,5.26,1,-122,-13.25,-1139.02,12,0
10/29/2018 15:50:43 ,14,1,0.96000,1,1.54000,1.82000,51.063327,3.708087,1,11112,1,-0.400000,1,201.40,1,6.37,1,-122,-13.25,-1139.02,12,0
10/29/2018 15:50:44 ,14,1,0.96000,1,1.54000,1.82000,51.063312,3.708080,1,11134,1,-0.700000,1,201.82,1,5.06,1,-122,-13.25,-1139.02,12,0
10/29/2018 15:50:46 ,14,1,0.96000,1,1.54000,1.82000,51.063278,3.708065,1,242,1,-0.700000,1,204.40,1,5.24,1,-122,-13.25,-1139.02,12,0
10/29/2018 15:50:47 ,13,1,0.96000,1,1.54000,1.81000,51.063274,3.708043,1,1140,1,-0.300000,1,214.68,1,4.15,1,-122,-13.25,-1139.02,12,0
10/29/2018 15:50:49 ,13,1,0.96000,1,1.54000,1.81000,51.063289,3.707959,1,2430,1,-1.800000,1,221.80,1,6.28,1,-122,-13.25,-1139.02,12,0
10/29/2018 15:50:51 ,13,1,0.96000,1,1.54000,1.81000,51.063274,3.707921,1,3002,1,-2.700000,1,206.76,1,5.00,1,-122,-13.25,-1139.02,12,0
10/29/2018 15:50:52 ,13,1,0.96000,1,1.54000,1.81000,51.063259,3.707906,1,3031,1,-2.700000,1,206.37,1,6.26,1,-122,-13.25,-1139.02,12,0
10/29/2018 15:50:54 ,13,1,0.96000,1,1.53000,1.81000,51.063236,3.707898,1,3132,1,-3.800000,1,204.82,1,4.33,1,-122,-13.25,-1139.02,12,0
10/29/2018 15:50:55 ,14,1,0.96000,1,1.53000,1.81000,51.063220,3.707889,1,3333,1,-4.000000,1,202.91,1,5.67,1,-122,-13.25,-1139.02,12,0
10/29/2018 15:50:56 ,13,1,0.96000,1,1.53000,1.81000,51.063209,3.707873,1,3420,1,-4.100000,1,208.11,1,5.96,1,-122,-13.25,-1139.02,12,0
10/29/2018 15:50:58 ,13,1,0.96000,1,1.53000,1.81000,51.063179,3.707857,1,4001,1,-4.700000,1,196.73,1,6.63,1,-122,-13.25,-1139.02,12,0
10/29/2018 15:51:00 ,13,1,0.96000,1,1.53000,1.81000,51.063148,3.707834,1,4020,1,-4.900000,1,205.59,1,4.96,1,-122,-13.25,-1139.02,12,0
10/29/2018 15:51:02 ,14,1,0.96000,1,1.53000,1.81000,51.063117,3.707806,1,4042,1,-3.800000,1,203.52,1,5.89,1,-122,-13.25,-1139.02,12,0
10/29/2018 15:51:04 ,13,1,0.96000,1,1.53000,1.81000,51.063087,3.707786,1,4113,1,-4.100000,1,203.12,1,5.43,1,-122,-13.25,-1139.02,12,0
10/29/2018 15:51:06 ,14,1,0.96000,1,1.53000,1.81000,51.063064,3.707755,1,4200,1,-2.500000,1,199.15,1,4.44,1,-122,-13.25,-1139.02,12,0
10/29/2018 15:51:08 ,13,1,0.96000,1,1.53000,1.81000,51.063034,3.707728,1,4222,1,-1.300000,1,200.21,1,5.46,1,-122,-13.25,-1139.02,12,0
10/29/2018 15:51:10 ,13,1,0.96000,1,1.53000,1.81000,51.063014,3.707686,1,4244,1,-1.200000,1,219.74,1,5.78,1,-122,-13.25,-1139.02,12,0
10/29/2018 15:51:12 ,12,1,1.13000,1,1.86000,2.18000,51.063007,3.707637,1,4322,1,-2.000000,1,216.42,1,5.19,1,-122,-13.25,-1139.02,12,0
10/29/2018 15:51:14 ,12,1,1.13000,1,1.86000,2.18000,51.062995,3.707617,1,4420,1,-4.000000,1,210.35,1,4.57,1,-122,-13.25,-1139.02,12,0
10/29/2018 15:51:16 ,13,1,1.13000,1,1.86000,2.18000,51.062969,3.707596,1,4430,1,-5.400000,1,210.02,1,5.43,1,-122,-13.25,-1139.02,12,0
10/29/2018 15:51:18 ,12,1,1.04000,1,1.56000,1.87000,51.062938,3.707587,1,10002,1,-7.300000,1,195.46,1,6.15,1,-122,-13.25,-1139.02,12,0
10/29/2018 15:51:19 ,13,1,1.04000,1,1.56000,1.87000,51.062919,3.707576,1,10232,1,-7.900000,1,198.03,1,7.59,1,-122,-13.25,-1139.02,12,0
10/29/2018 15:51:21 ,13,1,0.96000,1,1.52000,1.80000,51.062892,3.707550,1,10323,1,-7.300000,1,208.47,1,5.15,1,-122,-13.25,-1139.02,12,0
10/29/2018 15:51:22 ,13,1,0.96000,1,1.52000,1.80000,51.062877,3.707539,1,11113,1,-6.100000,1,200.80,1,5.33,1,-122,-13.25,-1139.02,12,0
10/29/2018 15:51:23 ,13,1,0.96000,1,1.52000,1.80000,51.062862,3.707531,1,11141,1,-5.700000,1,198.36,1,6.48,1,-122,-13.25,-1139.02,12,0
10/29/2018 15:51:24 ,14,1,0.96000,1,1.52000,1.80000,51.062850,3.707526,1,11232,1,-6.500000,1,198.36,1,3.32,1,-122,-13.25,-1139.02,12,0
10/29/2018 15:51:26 ,14,1,0.96000,1,1.52000,1.80000,51.062824,3.707516,1,430,1,-6.500000,1,189.52,1,6.65,1,-122,-13.25,-1139.02,12,0
10/29/2018 15:51:27 ,14,1,0.98000,1,1.41000,1.72000,51.062808,3.707512,1,1100,1,-6.400000,1,193.02,1,6.15,1,-122,-13.25,-1139.02,12,0
10/29/2018 15:51:29 ,14,1,0.90000,1,1.48000,1.73000,51.062770,3.707498,1,2433,1,-6.600000,1,196.66,1,5.82,1,-122,-13.25,-1139.02,12,0
10/29/2018 15:51:31 ,20,1,0.90000,1,1.48000,1.73000,51.062736,3.707486,1,3003,1,-5.800000,1,190.38,1,4.69,1,-122,-13.25,-1139.02,12,0
10/29/2018 15:51:33 ,14,1,0.90000,1,1.48000,1.73000,51.062702,3.707465,1,3042,1,-3.900000,1,190.42,1,5.46,1,-122,-13.25,-1139.02,12,0
10/29/2018 15:51:35 ,14,1,0.90000,1,1.48000,1.73000,51.062675,3.707437,1,3122,1,-3.300000,1,197.71,1,6.22,1,-122,-13.25,-1139.02,12,0
10/29/2018 15:51:37 ,14,1,0.90000,1,1.48000,1.73000,51.062644,3.707433,1,3141,1,-4.200000,1,196.54,1,5.33,1,-122,-13.25,-1139.02,12,0
10/29/2018 15:51:39 ,13,1,0.96000,1,1.52000,1.80000,51.062622,3.707417,1,3303,1,-4.800000,1,196.96,1,4.09,1,-122,-13.25,-1139.02,12,0
10/29/2018 15:51:41 ,14,1,0.96000,1,1.52000,1.80000,51.062606,3.707375,1,3321,1,-4.200000,1,196.96,1,3.37,1,-122,-13.25,-1139.02,12,0
10/29/2018 15:51:43 ,13,1,1.04000,1,1.55000,1.86000,51.062591,3.707355,1,3400,1,-4.100000,1,196.96,1,3.93,1,-122,-13.25,-1139.02,12,0
10/29/2018 15:51:45 ,14,1,0.94000,1,1.53000,1.80000,51.062564,3.707328,1,3341,1,-1.900000,1,196.86,1,5.20,1,-122,-13.25,-1139.02,12,0
10/29/2018 15:51:46 ,14,1,0.96000,1,1.51000,1.79000,51.062549,3.707319,1,3322,1,-1.200000,1,202.25,1,5.07,1,-125,-13.50,-1185.15,12,1
10/29/2018 15:51:47 ,14,1,1.13000,1,1.85000,2.17000,51.062541,3.707292,1,3422,1,0.400000,1,202.25,1,5.04,1,-125,-13.50,-1185.15,12,0
10/29/2018 15:51:49 ,13,1,1.00000,1,1.63000,1.91000,51.062515,3.707278,1,3423,1,0.400000,1,201.96,1,5.00,1,-125,-13.50,-1185.15,12,0
10/29/2018 15:51:51 ,13,1,1.03000,1,1.55000,1.86000,51.062484,3.707285,1,3444,1,-1.600000,1,168.27,1,5.33,1,-125,-13.50,-1185.15,12,0
10/29/2018 15:51:53 ,14,1,0.96000,1,1.51000,1.79000,51.062454,3.707282,1,4233,1,-2.300000,1,192.71,1,5.00,1,-125,-13.50,-1185.15,12,0
10/29/2018 15:51:55 ,14,1,0.90000,1,1.47000,1.73000,51.062416,3.707275,1,1204,1,-1.700000,1,199.46,1,6.04,1,-121,-4.75,4068.47,7,1
10/29/2018 15:51:55 ,14,1,0.90000,1,1.47000,1.73000,51.062416,3.707275,1,1204,1,-1.700000,1,199.46,1,6.04,1,-121,-4.75,4068.47,7,0
10/29/2018 15:51:57 ,14,1,0.90000,1,1.47000,1.73000,51.062381,3.707265,1,3004,1,-1.700000,1,202.03,1,5.57,1,-121,-4.75,4068.47,7,0
10/29/2018 15:51:59 ,20,1,0.90000,1,1.47000,1.72000,51.062358,3.707240,1,3034,1,-1.500000,1,216.01,1,4.02,1,-121,-4.75,4068.47,7,0
10/29/2018 15:52:01 ,20,1,0.90000,1,1.47000,1.72000,51.062355,3.707184,1,3103,1,-1.100000,1,203.40,1,5.83,1,-121,-4.75,4068.47,7,0
10/29/2018 15:52:02 ,14,1,0.90000,1,1.47000,1.72000,51.062343,3.707162,1,3141,1,-0.800000,1,195.01,1,6.43,1,-121,-4.75,4068.47,7,0
10/29/2018 15:52:03 ,14,1,0.90000,1,1.47000,1.72000,51.062328,3.707149,1,3424,1,-0.300000,1,193.26,1,5.57,1,-121,-4.75,4068.47,7,0
10/29/2018 15:52:04 ,20,1,0.90000,1,1.47000,1.72000,51.062313,3.707138,1,11334,1,-0.400000,1,192.62,1,6.04,1,123,-6.25,-1177.81,12,1
10/29/2018 15:52:04 ,20,1,0.90000,1,1.47000,1.72000,51.062313,3.707138,1,11334,1,-0.400000,1,192.62,1,6.04,1,123,-6.25,-1177.81,12,0
10/29/2018 15:52:06 ,14,1,1.08000,1,1.51000,1.85000,51.062286,3.707122,1,1124,1,1.000000,1,180.19,1,6.09,1,123,-6.25,-1177.81,12,0
10/29/2018 15:52:07 ,20,1,0.97000,1,1.52000,1.81000,51.062271,3.707120,1,2211,1,1.000000,1,174.35,1,6.19,1,123,-6.25,-1177.81,12,0
10/29/2018 15:52:09 ,20,1,0.97000,1,1.52000,1.81000,51.062240,3.707112,1,2301,1,0.900000,1,182.21,1,6.22,1,123,-6.25,-1177.81,12,0
10/29/2018 15:52:10 ,14,1,0.97000,1,1.52000,1.80000,51.062225,3.707110,1,2332,1,0.600000,1,181.93,1,5.82,1,123,-6.25,-1177.81,12,0
10/29/2018 15:52:12 ,14,1,0.90000,1,1.47000,1.72000,51.062194,3.707092,1,2400,1,1.700000,1,188.36,1,6.04,1,123,-6.25,-1177.81,12,0
10/29/2018 15:52:14 ,14,1,0.90000,1,1.48000,1.75000,51.062168,3.707082,1,142,1,1.400000,1,186.50,1,3.82,1,123,-7.25,-1190.40,12,1
10/29/2018 15:52:14 ,14,1,0.90000,1,1.48000,1.75000,51.062168,3.707082,1,142,1,1.400000,1,186.50,1,3.82,1,123,-7.25,-1190.40,12,0
10/29/2018 15:52:15 ,14,1,0.96000,1,1.50000,1.78000,51.062156,3.707075,1,2203,1,1.300000,1,189.14,1,4.83,1,123,-7.25,-1190.40,12,0
10/29/2018 15:52:17 ,14,1,0.90000,1,1.47000,1.72000,51.062129,3.707061,1,2232,1,1.300000,1,185.20,1,5.07,1,123,-7.25,-1190.40,12,0
10/29/2018 15:52:18 ,14,1,0.90000,1,1.46000,1.72000,51.062118,3.707052,1,2331,1,1.400000,1,185.20,1,4.80,1,123,-7.25,-1190.40,12,0
10/29/2018 15:52:20 ,14,1,0.90000,1,1.46000,1.72000,51.062095,3.707039,1,2402,1,0.400000,1,185.20,1,3.76,1,123,-7.25,-1190.40,12,0
10/29/2018 15:52:22 ,14,1,0.90000,1,1.46000,1.72000,51.062065,3.707030,1,2344,1,0.700000,1,178.01,1,6.41,1,123,-7.25,-1190.40,12,0
10/29/2018 15:52:23 ,14,1,0.90000,1,1.46000,1.72000,51.062049,3.707019,1,1402,1,1.500000,1,183.38,1,6.26,1,122,-10.50,-1169.95,12,1
10/29/2018 15:52:24 ,14,1,0.90000,1,1.46000,1.72000,51.062038,3.706994,1,2230,1,2.300000,1,194.61,1,5.70,1,122,-10.50,-1169.95,12,0
10/29/2018 15:52:25 ,14,1,0.90000,1,1.46000,1.72000,51.062023,3.706981,1,2301,1,2.900000,1,193.37,1,6.20,1,122,-10.50,-1169.95,12,0
10/29/2018 15:52:27 ,12,1,1.13000,1,1.83000,2.15000,51.061992,3.706962,1,2334,1,2.500000,1,202.14,1,5.87,1,122,-10.50,-1169.95,12,0
10/29/2018 15:52:28 ,13,1,1.14000,1,1.83000,2.15000,51.061977,3.706959,1,3121,1,2.300000,1,200.64,1,6.06,1,122,-10.50,-1169.95,12,0
10/29/2018 15:52:29 ,13,1,1.00000,1,1.62000,1.90000,51.061958,3.706957,1,2441,1,1.800000,1,195.60,1,5.69,1,-125,-6.00,3984.59,7,1
10/29/2018 15:52:30 ,13,1,1.36000,1,2.30000,2.67000,51.061939,3.706955,1,3021,1,1.100000,1,193.70,1,7.00,1,-125,-6.00,3984.59,7,0
10/29/2018 15:52:31 ,13,1,1.36000,1,2.30000,2.67000,51.061923,3.706949,1,133,1,1.100000,1,193.63,1,6.57,1,-126,-6.50,3984.59,7,1
10/29/2018 15:52:32 ,13,1,1.30000,1,2.02000,2.40000,51.061908,3.706933,1,1411,1,0.900000,1,202.49,1,7.19,1,-126,-6.50,3984.59,7,0
10/29/2018 15:52:34 ,13,1,1.30000,1,2.02000,2.40000,51.061874,3.706917,1,2232,1,1.500000,1,200.00,1,7.19,1,-126,-6.50,3984.59,7,0
10/29/2018 15:52:36 ,20,1,1.30000,1,2.01000,2.40000,51.061843,3.706901,1,2244,1,1.600000,1,201.79,1,6.20,1,-126,-6.50,3984.59,7,0
10/29/2018 15:52:38 ,13,1,1.16000,1,1.58000,1.96000,51.061813,3.706889,1,3041,1,1.900000,1,201.55,1,6.69,1,-126,-6.50,3984.59,7,0
10/29/2018 15:52:40 ,20,1,0.94000,1,1.39000,1.68000,51.061782,3.706878,1,3111,1,1.600000,1,196.44,1,5.83,1,-126,-6.50,3984.59,7,0
10/29/2018 15:52:42 ,20,1,0.94000,1,1.39000,1.68000,51.061759,3.706868,1,3133,1,1.800000,1,196.67,1,4.87,1,-126,-6.50,3984.59,7,0
10/29/2018 15:52:44 ,20,1,0.94000,1,1.39000,1.68000,51.061737,3.706859,1,3203,1,1.800000,1,186.09,1,5.87,1,-126,-6.50,3984.59,7,0
10/29/2018 15:52:46 ,14,1,0.94000,1,1.39000,1.68000,51.061717,3.706848,1,3232,1,2.700000,1,184.11,1,5.00,1,-126,-6.50,3984.59,7,0
10/29/2018 15:52:48 ,14,1,0.94000,1,1.39000,1.67000,51.061702,3.706825,1,3302,1,2.800000,1,198.47,1,4.26,1,-126,-6.50,3984.59,7,0
10/29/2018 15:52:50 ,14,1,0.94000,1,1.39000,1.67000,51.061683,3.706800,1,3334,1,2.500000,1,207.50,1,5.11,1,-126,-6.50,3984.59,7,0
10/29/2018 15:52:50 ,14,1,0.94000,1,1.39000,1.67000,51.061683,3.706800,1,11144,1,2.500000,1,207.50,1,5.11,1,-122,-14.00,-1130.63,12,1
10/29/2018 15:52:51 ,14,1,0.94000,1,1.39000,1.67000,51.061672,3.706790,1,12004,1,3.000000,1,207.50,1,5.11,1,-122,-14.00,-1130.63,12,0
10/29/2018 15:52:53 ,14,1,1.16000,1,1.39000,1.67000,51.061656,3.706773,1,131,1,3.000000,1,201.61,1,4.37,1,-122,-14.00,-1130.63,12,0
10/29/2018 15:52:54 ,13,1,1.16000,1,1.58000,1.96000,51.061645,3.706764,1,1403,1,3.100000,1,202.02,1,4.43,1,-122,-14.00,-1130.63,12,0
10/29/2018 15:52:56 ,13,1,1.16000,1,1.58000,1.96000,51.061626,3.706743,1,2221,1,3.600000,1,210.38,1,4.57,1,-122,-14.00,-1130.63,12,0
10/29/2018 15:52:58 ,13,1,1.16000,1,1.58000,1.96000,51.061611,3.706721,1,2244,1,4.600000,1,210.57,1,4.30,1,-122,-14.00,-1130.63,12,0
10/29/2018 15:53:00 ,14,1,1.16000,1,1.58000,1.96000,51.061584,3.706714,1,421,1,5.000000,1,195.90,1,4.87,1,123,-12.25,-1137.44,13,1
10/29/2018 15:53:00 ,14,1,1.16000,1,1.58000,1.96000,51.061584,3.706714,1,421,1,5.000000,1,195.90,1,4.87,1,123,-12.25,-1137.44,13,0
10/29/2018 15:53:01 ,20,1,1.30000,1,2.00000,2.39000,51.061569,3.706718,1,2203,1,5.100000,1,183.60,1,5.57,1,123,-12.25,-1137.44,13,0
10/29/2018 15:53:03 ,14,1,1.30000,1,2.00000,2.39000,51.061546,3.706720,1,3020,1,5.600000,1,178.18,1,4.13,1,123,-12.25,-1137.44,13,0
10/29/2018 15:53:05 ,14,1,1.30000,1,2.00000,2.39000,51.061519,3.706731,1,3101,1,5.400000,1,172.81,1,4.54,1,123,-12.25,-1137.44,13,0
10/29/2018 15:53:06 ,14,1,1.08000,1,1.55000,1.89000,51.061508,3.706733,1,3333,1,5.800000,1,178.55,1,4.04,1,123,-12.25,-1137.44,13,0
10/29/2018 15:53:08 ,13,1,1.30000,1,2.00000,2.39000,51.061481,3.706738,1,3420,1,6.100000,1,184.00,1,4.52,1,123,-12.25,-1137.44,13,0
10/29/2018 15:53:10 ,20,1,1.30000,1,2.00000,2.39000,51.061447,3.706735,1,3433,1,6.400000,1,198.27,1,5.07,1,123,-12.25,-1137.44,13,0
10/29/2018 15:53:12 ,20,1,1.30000,1,2.00000,2.38000,51.061416,3.706734,1,4224,1,6.600000,1,199.47,1,5.15,1,123,-12.25,-1137.44,13,0
10/29/2018 15:53:14 ,20,1,0.97000,1,1.51000,1.79000,51.061378,3.706746,1,4303,1,7.000000,1,191.68,1,5.65,1,123,-12.25,-1137.44,13,0
10/29/2018 15:53:16 ,20,1,1.27000,1,1.90000,2.29000,51.061347,3.706761,1,4332,1,8.100001,1,180.69,1,6.19,1,123,-12.25,-1137.44,13,0
10/29/2018 15:53:17 ,20,1,0.86000,1,1.33000,1.59000,51.061328,3.706763,1,4401,1,8.500000,1,183.84,1,6.02,1,123,-12.25,-1137.44,13,0
10/29/2018 15:53:18 ,20,1,0.90000,1,1.44000,1.70000,51.061313,3.706755,1,2434,1,8.700000,1,189.42,1,5.83,1,-125,-11.00,-1124.86,12,1
10/29/2018 15:53:19 ,13,1,1.30000,1,1.99000,2.38000,51.061298,3.706750,1,3011,1,8.800001,1,194.02,1,6.09,1,-125,-11.00,-1124.86,12,0
10/29/2018 15:53:21 ,13,1,1.30000,1,1.99000,2.38000,51.061264,3.706744,1,3041,1,9.500000,1,191.60,1,6.67,1,-125,-11.00,-1124.86,12,0
10/29/2018 15:53:23 ,14,1,1.30000,1,1.99000,2.38000,51.061229,3.706743,1,3113,1,9.600001,1,192.22,1,6.07,1,-125,-11.00,-1124.86,12,0
10/29/2018 15:53:25 ,14,1,0.89000,1,1.44000,1.70000,51.061187,3.706746,1,3140,1,9.400000,1,189.20,1,7.65,1,-125,-11.00,-1124.86,12,0
10/29/2018 15:53:27 ,20,1,1.00000,1,1.61000,1.89000,51.061134,3.706732,1,3211,1,5.700000,1,201.64,1,6.26,1,-125,-11.00,-1124.86,12,0
10/29/2018 15:53:27 ,20,1,1.00000,1,1.61000,1.89000,51.061134,3.706732,1,4214,1,5.700000,1,201.64,1,6.26,1,122,-11.00,19224.86,12,1
10/29/2018 15:53:28 ,14,1,0.99000,1,1.59000,1.88000,51.061115,3.706718,1,4243,1,4.300000,1,206.33,1,5.83,1,122,-11.00,19224.86,12,0
10/29/2018 15:53:30 ,14,1,0.99000,1,1.59000,1.88000,51.061073,3.706683,1,4321,1,3.500000,1,206.62,1,7.93,1,122,-11.00,19224.86,12,0
10/29/2018 15:53:32 ,20,1,0.94000,1,1.38000,1.67000,51.061038,3.706648,1,4333,1,4.000000,1,191.96,1,7.24,1,122,-11.00,19224.86,12,0
10/29/2018 15:53:34 ,14,1,0.94000,1,1.38000,1.67000,51.061016,3.706623,1,4411,1,5.200000,1,177.57,1,6.50,1,122,-11.00,19224.86,12,0
10/29/2018 15:53:36 ,14,1,0.94000,1,1.38000,1.67000,51.060989,3.706609,1,1223,1,5.300000,1,169.18,1,6.41,1,-122,-3.50,4051.70,7,1
10/29/2018 15:53:36 ,14,1,0.94000,1,1.38000,1.67000,51.060989,3.706609,1,1223,1,5.300000,1,169.18,1,6.41,1,-122,-3.50,4051.70,7,0
10/29/2018 15:53:37 ,13,1,0.99000,1,1.59000,1.87000,51.060974,3.706606,1,10432,1,5.500000,1,163.78,1,7.07,1,-124,-2.75,4085.25,7,1
10/29/2018 15:53:37 ,13,1,0.99000,1,1.59000,1.87000,51.060974,3.706606,1,10432,1,5.500000,1,163.78,1,7.07,1,-124,-2.75,4085.25,7,0
10/29/2018 15:53:40 ,13,1,1.08000,1,1.76000,2.06000,51.060943,3.706579,1,101,1,6.400000,1,192.10,1,7.32,1,-124,-2.75,4085.25,7,0
10/29/2018 15:53:41 ,13,1,1.20000,1,1.77000,2.14000,51.060932,3.706574,1,334,1,6.800000,1,185.25,1,5.43,1,-124,-2.75,4085.25,7,0
10/29/2018 15:53:42 ,13,1,1.42000,1,1.94000,2.41000,51.060920,3.706561,1,2000,1,6.000000,1,193.02,1,4.89,1,-124,-2.75,4085.25,7,0
10/29/2018 15:53:44 ,12,1,1.19000,1,1.61000,2.00000,51.060897,3.706522,1,2222,1,5.700000,1,212.21,1,5.91,1,-124,-2.75,4085.25,7,0
10/29/2018 15:53:46 ,13,1,1.19000,1,1.61000,2.00000,51.060871,3.706507,1,224,1,5.600000,1,193.01,1,6.32,1,125,1.50,-1121.71,12,1
10/29/2018 15:53:46 ,13,1,1.19000,1,1.61000,2.00000,51.060871,3.706507,1,224,1,5.600000,1,193.01,1,6.32,1,125,1.50,-1121.71,12,0
10/29/2018 15:53:47 ,12,1,1.43000,1,2.44000,2.83000,51.060855,3.706510,1,2123,1,5.800000,1,177.22,1,6.39,1,125,1.50,-1121.71,12,0
10/29/2018 15:53:48 ,14,1,1.35000,1,2.26000,2.63000,51.060840,3.706511,1,2211,1,6.800000,1,169.13,1,6.93,1,125,1.50,-1121.71,12,0
10/29/2018 15:53:50 ,14,1,1.16000,1,1.58000,1.96000,51.060810,3.706516,1,2240,1,8.400000,1,166.63,1,6.19,1,125,1.50,-1121.71,12,0
10/29/2018 15:53:52 ,14,1,0.88000,1,1.35000,1.61000,51.060783,3.706517,1,2302,1,11.700000,1,158.96,1,5.78,1,125,1.50,-1121.71,12,0
10/29/2018 15:53:53 ,14,1,0.88000,1,1.35000,1.61000,51.060771,3.706531,1,2324,1,12.000000,1,140.26,1,6.39,1,125,1.50,-1121.71,12,0
10/29/2018 15:53:55 ,13,1,1.12000,1,1.55000,1.91000,51.060745,3.706564,1,1020,1,11.900000,1,133.03,1,6.19,1,-128,3.50,-1120.67,12,1
10/29/2018 15:53:55 ,13,1,1.12000,1,1.55000,1.91000,51.060745,3.706564,1,1020,1,11.900000,1,133.03,1,6.19,1,-128,3.50,-1120.67,12,0
10/29/2018 15:53:57 ,13,1,0.99000,1,1.58000,1.87000,51.060722,3.706596,1,2232,1,11.600001,1,134.64,1,6.00,1,-128,3.50,-1120.67,12,0
10/29/2018 15:53:59 ,14,1,1.20000,1,1.76000,2.13000,51.060699,3.706623,1,2304,1,12.500000,1,134.57,1,5.41,1,-128,3.50,-1120.67,12,0
10/29/2018 15:54:01 ,14,1,1.29000,1,2.14000,2.49000,51.060680,3.706646,1,2331,1,13.400000,1,139.16,1,5.41,1,-128,3.50,-1120.67,12,0
10/29/2018 15:54:03 ,13,1,0.99000,1,1.58000,1.87000,51.060653,3.706676,1,2410,1,13.700000,1,140.72,1,5.93,1,-128,3.50,-1120.67,12,0
10/29/2018 15:54:04 ,13,1,0.99000,1,1.58000,1.87000,51.060642,3.706692,1,2243,1,14.400000,1,134.73,1,6.33,1,126,1.25,-1109.13,12,1
10/29/2018 15:54:05 ,13,1,0.99000,1,1.58000,1.87000,51.060630,3.706707,1,2322,1,15.400000,1,134.42,1,6.72,1,126,1.25,-1109.13,12,0
10/29/2018 15:54:07 ,13,1,1.52000,1,2.34000,2.79000,51.060615,3.706745,1,2402,1,18.200000,1,125.61,1,7.09,1,126,1.25,-1109.13,12,0
10/29/2018 15:54:09 ,11,1,1.20000,1,1.81000,2.18000,51.060604,3.706797,1,2442,1,19.200000,1,111.44,1,7.11,1,126,1.25,-1109.13,12,0
10/29/2018 15:54:11 ,13,1,1.04000,1,1.65000,1.95000,51.060604,3.706840,1,3222,1,21.100000,1,97.86,1,6.19,1,126,1.25,-1109.13,12,0
10/29/2018 15:54:12 ,13,1,1.04000,1,1.65000,1.95000,51.060600,3.706859,1,144,1,21.100000,1,100.61,1,5.30,1,-122,0.50,4102.03,7,1
10/29/2018 15:54:13 ,13,1,0.96000,1,1.40000,1.70000,51.060592,3.706875,1,323,1,21.500000,1,122.77,1,5.02,1,-122,0.50,4102.03,7,0
10/29/2018 15:54:13 ,13,1,0.96000,1,1.40000,1.70000,51.060592,3.706875,1,3411,1,21.500000,1,122.77,1,5.02,1,-117,3.75,4085.25,7,1
10/29/2018 15:54:14 ,13,1,0.96000,1,1.40000,1.70000,51.060581,3.706892,1,4203,1,21.100000,1,133.08,1,5.22,1,-117,3.75,4085.25,7,0
10/29/2018 15:54:16 ,13,1,1.12000,1,1.55000,1.91000,51.060558,3.706921,1,4232,1,21.399999,1,138.39,1,5.59,1,-117,3.75,4085.25,7,0
10/29/2018 15:54:17 ,12,1,1.04000,1,1.65000,1.95000,51.060546,3.706936,1,4313,1,21.700000,1,138.84,1,6.65,1,-117,3.75,4085.25,7,0
10/29/2018 15:54:19 ,11,1,1.20000,1,1.81000,2.17000,51.060520,3.706974,1,4334,1,22.000000,1,135.07,1,7.43,1,-117,3.75,4085.25,7,0
10/29/2018 15:54:20 ,13,1,1.04000,1,1.65000,1.95000,51.060504,3.706995,1,10123,1,21.799999,1,132.88,1,7.65,1,-117,3.75,4085.25,7,0
10/29/2018 15:54:22 ,12,1,1.14000,1,1.49000,1.87000,51.060478,3.707037,1,10211,1,21.200000,1,133.36,1,6.69,1,-117,3.75,4085.25,7,0
10/29/2018 15:54:22 ,12,1,1.14000,1,1.49000,1.87000,51.060478,3.707037,1,10330,1,21.200000,1,133.36,1,6.69,1,-128,3.25,-1070.86,12,1
10/29/2018 15:54:23 ,12,1,1.14000,1,1.49000,1.87000,51.060462,3.707055,1,10404,1,20.899999,1,135.80,1,6.63,1,-128,3.25,-1070.86,12,0
10/29/2018 15:54:25 ,12,1,1.14000,1,1.49000,1.87000,51.060443,3.707084,1,10431,1,21.399999,1,137.36,1,5.50,1,-128,3.25,-1070.86,12,0
10/29/2018 15:54:27 ,12,1,1.14000,1,1.49000,1.87000,51.060420,3.707116,1,10444,1,21.100000,1,135.78,1,5.70,1,-128,3.25,-1070.86,12,0
10/29/2018 15:54:29 ,12,1,1.14000,1,1.49000,1.87000,51.060394,3.707151,1,11024,1,20.700000,1,135.71,1,6.83,1,-128,3.25,-1070.86,12,0
10/29/2018 15:54:31 ,11,1,1.20000,1,1.80000,2.17000,51.060371,3.707191,1,11102,1,21.000000,1,133.60,1,6.96,1,-128,3.25,-1070.86,12,0
10/29/2018 15:54:32 ,11,1,1.20000,1,1.80000,2.17000,51.060363,3.707215,1,100,1,21.000000,1,118.66,1,6.76,1,127,3.25,-1077.67,12,1
10/29/2018 15:54:33 ,13,1,1.09000,1,1.48000,1.84000,51.060356,3.707237,1,224,1,21.799999,1,123.52,1,6.56,1,127,3.25,-1077.67,12,0
10/29/2018 15:54:34 ,13,1,1.09000,1,1.48000,1.84000,51.060344,3.707262,1,1443,1,21.799999,1,123.03,1,7.04,1,127,3.25,-1077.67,12,0
10/29/2018 15:54:35 ,13,1,1.09000,1,1.48000,1.84000,51.060337,3.707289,1,2222,1,20.899999,1,124.32,1,6.48,1,127,3.25,-1077.67,12,0
10/29/2018 15:54:37 ,13,1,1.09000,1,1.48000,1.84000,51.060314,3.707331,1,2243,1,19.200000,1,132.16,1,5.96,1,127,3.25,-1077.67,12,0
10/29/2018 15:54:38 ,13,1,1.09000,1,1.48000,1.84000,51.060302,3.707350,1,2314,1,18.700000,1,137.64,1,6.02,1,127,3.25,-1077.67,12,0
10/29/2018 15:54:40 ,13,1,1.09000,1,1.48000,1.84000,51.060279,3.707377,1,2343,1,18.100000,1,141.54,1,5.33,1,127,3.25,-1077.67,12,0
10/29/2018 15:54:41 ,13,1,1.09000,1,1.48000,1.84000,51.060272,3.707391,1,334,1,18.000000,1,142.46,1,5.04,1,-126,4.75,-1044.64,12,1
10/29/2018 15:54:42 ,13,1,1.09000,1,1.48000,1.84000,51.060260,3.707406,1,2010,1,17.200000,1,145.73,1,5.09,1,-126,4.75,-1044.64,12,0
10/29/2018 15:54:44 ,13,1,1.09000,1,1.48000,1.84000,51.060237,3.707438,1,2230,1,15.900000,1,145.01,1,6.13,1,-126,4.75,-1044.64,12,0
10/29/2018 15:54:44 ,13,1,1.09000,1,1.48000,1.84000,51.060237,3.707438,1,4220,1,15.900000,1,145.01,1,6.13,1,-117,5.00,4152.36,7,1
10/29/2018 15:54:45 ,13,1,1.09000,1,1.48000,1.84000,51.060226,3.707456,1,4300,1,15.300001,1,145.83,1,6.57,1,-117,5.00,4152.36,7,0
10/29/2018 15:54:46 ,13,1,1.15000,1,1.78000,2.11000,51.060211,3.707476,1,430,1,15.000000,1,139.90,1,7.00,1,-110,6.50,4169.14,7,1
10/29/2018 15:54:47 ,13,1,1.09000,1,1.48000,1.84000,51.060199,3.707494,1,2102,1,15.300001,1,139.31,1,6.95,1,-110,6.50,4169.14,7,0
10/29/2018 15:54:47 ,13,1,1.09000,1,1.48000,1.84000,51.060199,3.707494,1,10134,1,15.300001,1,139.31,1,6.95,1,-106,5.75,4152.36,7,1
10/29/2018 15:54:48 ,13,1,1.09000,1,1.48000,1.84000,51.060188,3.707517,1,10430,1,14.900000,1,135.93,1,7.06,1,-106,5.75,4152.36,7,0
10/29/2018 15:54:50 ,13,1,1.09000,1,1.48000,1.84000,51.060169,3.707566,1,11001,1,14.600001,1,123.58,1,6.76,1,-106,5.75,4152.36,7,0
10/29/2018 15:54:52 ,13,1,1.09000,1,1.48000,1.84000,51.060150,3.707607,1,11030,1,14.600001,1,119.57,1,5.65,1,-106,5.75,4152.36,7,0
10/29/2018 15:54:55 ,13,1,1.09000,1,1.48000,1.84000,51.060131,3.707662,1,140,1,14.000000,1,120.47,1,5.06,1,-106,5.75,4152.36,7,0
10/29/2018 15:54:56 ,13,1,1.09000,1,1.48000,1.84000,51.060123,3.707680,1,414,1,14.000000,1,123.78,1,5.06,1,-106,5.75,4152.36,7,0
10/29/2018 15:54:57 ,14,1,1.09000,1,1.48000,1.83000,51.060115,3.707695,1,2024,1,14.000000,1,130.59,1,5.02,1,-106,5.75,4152.36,7,0
10/29/2018 15:54:58 ,20,1,1.09000,1,1.48000,1.83000,51.060108,3.707710,1,2222,1,13.400000,1,133.27,1,4.35,1,-106,5.75,4152.36,7,0
10/29/2018 15:54:59 ,14,1,1.09000,1,1.48000,1.83000,51.060100,3.707724,1,3333,1,13.100001,1,132.19,1,4.04,1,-119,4.75,-983.30,12,1
10/29/2018 15:54:59 ,14,1,1.09000,1,1.48000,1.83000,51.060100,3.707724,1,3333,1,13.100001,1,132.19,1,4.04,1,-119,4.75,-983.30,12,0
10/29/2018 15:55:01 ,14,1,0.93000,1,1.36000,1.65000,51.060081,3.707755,1,3422,1,11.900000,1,143.32,1,6.26,1,-119,4.75,-983.30,12,0
10/29/2018 15:55:03 ,20,1,0.85000,1,1.31000,1.57000,51.060066,3.707792,1,3443,1,10.900000,1,130.43,1,5.43,1,-119,4.75,-983.30,12,0
10/29/2018 15:55:05 ,14,1,0.93000,1,1.36000,1.65000,51.060062,3.707825,1,4032,1,10.100001,1,114.95,1,1.39,1,-119,4.75,-983.30,12,0
10/29/2018 15:55:07 ,20,1,0.85000,1,1.31000,1.57000,51.060062,3.707827,1,4123,1,9.900000,1,114.95,1,0.20,1,-119,4.75,-983.30,12,0
10/29/2018 15:55:08 ,20,1,0.85000,1,1.31000,1.56000,51.060062,3.707827,1,10200,1,10.200000,1,114.95,1,0.26,1,-120,4.75,-969.15,12,1
10/29/2018 15:55:08 ,20,1,0.85000,1,1.31000,1.56000,51.060062,3.707827,1,10200,1,10.200000,1,114.95,1,0.26,1,-120,4.75,-969.15,12,0
10/29/2018 15:55:10 ,20,1,0.89000,1,1.41000,1.66000,51.060066,3.707857,1,10224,1,9.700000,1,75.62,1,5.61,1,-120,4.75,-969.15,12,0
10/29/2018 15:55:12 ,20,1,0.99000,1,1.55000,1.84000,51.060089,3.707892,1,10304,1,9.100001,1,48.50,1,6.43,1,-120,4.75,-969.15,12,0
10/29/2018 15:55:14 ,20,1,0.99000,1,1.55000,1.84000,51.060108,3.707936,1,10324,1,8.300001,1,50.14,1,5.93,1,-120,4.75,-969.15,12,0
10/29/2018 15:55:16 ,20,1,0.93000,1,1.36000,1.65000,51.060123,3.707983,1,10342,1,7.800000,1,52.88,1,6.11,1,-120,4.75,-969.15,12,0
10/29/2018 15:55:17 ,20,1,0.93000,1,1.36000,1.65000,51.060134,3.708005,1,11403,1,7.600000,1,51.61,1,6.35,1,-110,-4.00,-969.67,12,1
10/29/2018 15:55:17 ,20,1,0.93000,1,1.36000,1.65000,51.060134,3.708005,1,11403,1,7.600000,1,51.61,1,6.35,1,-110,-4.00,-969.67,12,0
10/29/2018 15:55:18 ,20,1,0.93000,1,1.36000,1.65000,51.060146,3.708026,1,3212,1,7.600000,1,50.71,1,6.50,1,-98,5.50,4219.47,7,1
10/29/2018 15:55:19 ,20,1,0.93000,1,1.36000,1.65000,51.060157,3.708050,1,11011,1,7.200000,1,47.09,1,7.96,1,-98,5.50,4219.47,7,0
10/29/2018 15:55:20 ,20,1,0.93000,1,1.36000,1.65000,51.060169,3.708073,1,2201,1,7.200000,1,47.99,1,7.26,1,-108,6.00,4236.25,7,1
10/29/2018 15:55:21 ,14,1,0.93000,1,1.36000,1.65000,51.060184,3.708090,1,2244,1,7.700000,1,43.06,1,6.74,1,-108,6.00,4236.25,7,0
10/29/2018 15:55:22 ,14,1,0.93000,1,1.36000,1.65000,51.060199,3.708104,1,3032,1,7.700000,1,35.93,1,6.43,1,-108,6.00,4236.25,7,0
10/29/2018 15:55:24 ,13,1,1.17000,1,1.57000,1.95000,51.060226,3.708123,1,3121,1,7.700000,1,25.63,1,5.87,1,-108,6.00,4236.25,7,0
10/29/2018 15:55:26 ,13,1,1.17000,1,1.57000,1.95000,51.060249,3.708155,1,3141,1,7.900000,1,41.75,1,5.82,1,-108,6.00,4236.25,7,0
10/29/2018 15:55:28 ,14,1,0.99000,1,1.55000,1.84000,51.060256,3.708193,1,3414,1,7.500000,1,61.84,1,4.61,1,-108,6.00,4236.25,7,0
10/29/2018 15:55:30 ,20,1,1.17000,1,1.57000,1.95000,51.060268,3.708219,1,3443,1,7.800000,1,56.64,1,2.87,1,-108,6.00,4236.25,7,0
10/29/2018 15:55:32 ,20,1,1.17000,1,1.57000,1.95000,51.060268,3.708217,1,4043,1,8.300001,1,350.30,1,0.17,1,-108,6.00,4236.25,7,0
10/29/2018 15:55:34 ,20,1,0.99000,1,1.55000,1.84000,51.060268,3.708218,1,4113,1,8.800001,1,350.30,1,0.89,1,-108,6.00,4236.25,7,0
10/29/2018 15:55:36 ,14,1,1.17000,1,1.57000,1.95000,51.060268,3.708216,1,2002,1,9.400000,1,350.30,1,0.06,1,-74,2.50,-1007.42,12,1
10/29/2018 15:55:36 ,14,1,1.17000,1,1.57000,1.95000,51.060268,3.708216,1,2002,1,9.400000,1,350.30,1,0.06,1,-74,2.50,-1007.42,12,0
10/29/2018 15:55:38 ,14,1,1.17000,1,1.57000,1.95000,51.060268,3.708214,1,2303,1,9.600001,1,350.30,1,0.19,1,-74,2.50,-1007.42,12,0
10/29/2018 15:55:40 ,14,1,1.03000,1,1.54000,1.85000,51.060272,3.708215,1,2323,1,9.500000,1,350.30,1,0.13,1,-74,2.50,-1007.42,12,0
10/29/2018 15:55:42 ,20,1,0.93000,1,1.36000,1.65000,51.060272,3.708216,1,2333,1,9.600001,1,350.30,1,0.07,1,-74,2.50,-1007.42,12,0
