00/00/2000 00:00:00 ,0,1,99.99000,1,99.99000,99.99000,0.000000,0.000000,0,32244002423140,0,0.000000,0,0.00,0,0.00,0,0,0.00,-3179.02,0,0
00/00/2000 00:00:00 ,0,1,99.99000,1,99.99000,99.99000,0.000000,0.000000,0,32244002423140,0,0.000000,0,0.00,0,0.00,0,0,0.00,-3179.02,0,0
00/00/2000 00:00:00 ,0,1,99.99000,1,99.99000,99.99000,0.000000,0.000000,0,32244002423140,0,0.000000,0,0.00,0,0.00,0,0,0.00,-3179.02,0,0
00/00/2000 00:00:00 ,0,1,99.99000,1,99.99000,99.99000,0.000000,0.000000,0,32244002423140,0,0.000000,0,0.00,0,0.00,0,0,0.00,-3179.02,0,0
00/00/2000 00:00:00 ,0,1,99.99000,1,99.99000,99.99000,0.000000,0.000000,0,32244002423140,0,0.000000,0,0.00,0,0.00,0,0,0.00,-3179.02,0,0
00/00/2000 00:00:00 ,0,1,99.99000,1,99.99000,99.99000,0.000000,0.000000,0,32244002423140,0,0.000000,0,0.00,0,0.00,0,0,0.00,-3179.02,0,0
00/00/2000 00:00:00 ,0,1,99.99000,1,99.99000,99.99000,0.000000,0.000000,0,32244002423140,0,0.000000,0,0.00,0,0.00,0,0,0.00,-3179.02,0,0
00/00/2000 00:00:00 ,0,1,99.99000,1,99.99000,99.99000,0.000000,0.000000,0,32244002423140,0,0.000000,0,0.00,0,0.00,0,0,0.00,-3179.02,0,0
00/00/2000 00:00:00 ,0,1,99.99000,1,99.99000,99.99000,0.000000,0.000000,0,32244002423140,0,0.000000,0,0.00,0,0.00,0,0,0.00,-3179.02,0,0
00/00/2000 00:00:00 ,0,1,99.99000,1,99.99000,99.99000,0.000000,0.000000,0,32244002423140,0,0.000000,0,0.00,0,0.00,0,0,0.00,-3179.02,0,0
00/00/2000 00:00:00 ,0,1,99.99000,1,99.99000,99.99000,0.000000,0.000000,0,32244002423140,0,0.000000,0,0.00,0,0.00,0,0,0.00,-3179.02,0,0
00/00/2000 00:00:00 ,0,1,99.99000,1,99.99000,99.99000,0.000000,0.000000,0,32244002423140,0,0.000000,0,0.00,0,0.00,0,0,0.00,-3179.02,0,0
00/00/2000 00:00:00 ,0,1,99.99000,1,99.99000,99.99000,0.000000,0.000000,0,32244002423140,0,0.000000,0,0.00,0,0.00,0,0,0.00,-3179.02,0,0
00/00/2000 00:00:00 ,0,1,99.99000,1,99.99000,99.99000,0.000000,0.000000,0,32244002423140,0,0.000000,0,0.00,0,0.00,0,0,0.00,-3179.02,0,0
00/00/2000 00:00:00 ,0,1,99.99000,1,99.99000,99.99000,0.000000,0.000000,0,32244002423140,0,0.000000,0,0.00,0,0.00,0,0,0.00,-3179.02,0,0
00/00/2000 00:00:00 ,0,1,99.99000,1,99.99000,99.99000,0.000000,0.000000,0,32244002423140,0,0.000000,0,0.00,0,0.00,0,0,0.00,-3179.02,0,0
00/00/2000 00:00:00 ,0,1,99.99000,1,99.99000,99.99000,0.000000,0.000000,0,32244002423140,0,0.000000,0,0.00,0,0.00,0,0,0.00,-3179.02,0,0
00/00/2000 00:00:00 ,0,1,99.99000,1,99.99000,99.99000,0.000000,0.000000,0,32244002423140,0,0.000000,0,0.00,0,0.00,0,0,0.00,-3179.02,0,0
00/00/2000 00:00:00 ,0,1,99.99000,1,99.99000,99.99000,0.000000,0.000000,0,32244002423140,0,0.000000,0,0.00,0,0.00,0,0,0.00,-3179.02,0,0
00/00/2000 00:00:00 ,0,1,99.99000,1,99.99000,99.99000,0.000000,0.000000,0,32244002423140,0,0.000000,0,0.00,0,0.00,0,0,0.00,-3179.02,0,0
00/00/2000 00:00:00 ,0,1,99.99000,1,99.99000,99.99000,0.000000,0.000000,0,32244002423140,0,0.000000,0,0.00,0,0.00,0,0,0.00,-3179.02,0,0
00/00/2000 00:00:00 ,0,1,99.99000,1,99.99000,99.99000,0.000000,0.000000,0,32244002423140,0,0.000000,0,0.00,0,0.00,0,0,0.00,-3179.02,0,0
00/00/2000 00:00:00 ,0,1,99.99000,1,99.99000,99.99000,0.000000,0.000000,0,32244002423140,0,0.000000,0,0.00,0,0.00,0,0,0.00,-3179.02,0,0
00/00/2000 00:00:00 ,0,1,99.99000,1,99.99000,99.99000,0.000000,0.000000,0,32244002423140,0,0.000000,0,0.00,0,0.00,0,0,0.00,-3179.02,0,0
00/00/2000 00:00:00 ,0,1,99.99000,1,99.99000,99.99000,0.000000,0.000000,0,32244002423140,0,0.000000,0,0.00,0,0.00,0,0,0.00,-3179.02,0,0
00/00/2000 00:00:00 ,0,1,99.99000,1,99.99000,99.99000,0.000000,0.000000,0,32244002423140,0,0.000000,0,0.00,0,0.00,0,0,0.00,-3179.02,0,0
00/00/2000 00:00:00 ,0,1,99.99000,1,99.99000,99.99000,0.000000,0.000000,0,32244002423140,0,0.000000,0,0.00,0,0.00,0,0,0.00,-3179.02,0,0
00/00/2000 00:00:00 ,0,1,99.99000,1,99.99000,99.99000,0.000000,0.000000,0,32244002423140,0,0.000000,0,0.00,0,0.00,0,0,0.00,-3179.02,0,0
00/00/2000 00:00:00 ,0,1,99.99000,1,99.99000,99.99000,0.000000,0.000000,0,32244002423140,0,0.000000,0,0.00,0,0.00,0,0,0.00,-3179.02,0,0
00/00/2000 00:00:00 ,0,1,99.99000,1,99.99000,99.99000,0.000000,0.000000,0,32244002423140,0,0.000000,0,0.00,0,0.00,0,0,0.00,-3179.02,0,0
00/00/2000 00:00:00 ,0,1,99.99000,1,99.99000,99.99000,0.000000,0.000000,0,32244002423140,0,0.000000,0,0.00,0,0.00,0,0,0.00,-3179.02,0,0
00/00/2000 00:00:00 ,0,1,99.99000,1,99.99000,99.99000,0.000000,0.000000,0,32244002423140,0,0.000000,0,0.00,0,0.00,0,0,0.00,-3179.02,0,0
00/00/2000 00:00:00 ,0,1,99.99000,1,99.99000,99.99000,0.000000,0.000000,0,32244002423140,0,0.000000,0,0.00,0,0.00,0,0,0.00,-3179.02,0,0
00/00/2000 00:00:00 ,0,1,99.99000,1,99.99000,99.99000,0.000000,0.000000,0,32244002423140,0,0.000000,0,0.00,0,0.00,0,0,0.00,-3179.02,0,0
00/00/2000 00:00:00 ,0,1,99.99000,1,99.99000,99.99000,0.000000,0.000000,0,32244002423140,0,0.000000,0,0.00,0,0.00,0,0,0.00,-3179.02,0,0
00/00/2000 00:00:00 ,0,1,99.99000,1,99.99000,99.99000,0.000000,0.000000,0,32244002423140,0,0.000000,0,0.00,0,0.00,0,0,0.00,-3179.02,0,0
00/00/2000 00:00:00 ,0,1,99.99000,1,99.99000,99.99000,0.000000,0.000000,0,32244002423140,0,0.000000,0,0.00,0,0.00,0,0,0.00,-3179.02,0,0
00/00/2000 00:00:00 ,0,1,99.99000,1,99.99000,99.99000,0.000000,0.000000,0,32244002423140,0,0.000000,0,0.00,0,0.00,0,0,0.00,-3179.02,0,0
00/00/2000 00:00:00 ,0,1,99.99000,1,99.99000,99.99000,0.000000,0.000000,0,32244002423140,0,0.000000,0,0.00,0,0.00,0,0,0.00,-3179.02,0,0
00/00/2000 00:00:00 ,0,1,99.99000,1,99.99000,99.99000,0.000000,0.000000,0,32244002423140,0,0.000000,0,0.00,0,0.00,0,0,0.00,-3179.02,0,0
00/00/2000 00:00:00 ,0,1,99.99000,1,99.99000,99.99000,0.000000,0.000000,0,32244002423140,0,0.000000,0,0.00,0,0.00,0,0,0.00,-3179.02,0,0
00/00/2000 00:00:00 ,0,1,99.99000,1,99.99000,99.99000,0.000000,0.000000,0,32244002423140,0,0.000000,0,0.00,0,0.00,0,0,0.00,-3179.02,0,0
00/00/2000 00:00:00 ,0,1,99.99000,1,99.99000,99.99000,0.000000,0.000000,0,32244002423140,0,0.000000,0,0.00,0,0.00,0,0,0.00,-3179.02,0,0
00/00/2000 00:00:00 ,0,1,99.99000,1,99.99000,99.99000,0.000000,0.000000,0,32244002423140,0,0.000000,0,0.00,0,0.00,0,0,0.00,-3179.02,0,0
00/00/2000 00:00:00 ,0,1,99.99000,1,99.99000,99.99000,0.000000,0.000000,0,32244002423140,0,0.000000,0,0.00,0,0.00,0,0,0.00,-3179.02,0,0
00/00/2000 00:00:00 ,0,1,99.99000,1,99.99000,99.99000,0.000000,0.000000,0,32244002423140,0,0.000000,0,0.00,0,0.00,0,0,0.00,-3179.02,0,0
00/00/2000 00:00:00 ,0,1,99.99000,1,99.99000,99.99000,0.000000,0.000000,0,32244002423140,0,0.000000,0,0.00,0,0.00,0,0,0.00,-3179.02,0,0
00/00/2000 00:00:00 ,0,1,99.99000,1,99.99000,99.99000,0.000000,0.000000,0,32244002423140,0,0.000000,0,0.00,0,0.00,0,0,0.00,-3179.02,0,0
00/00/2000 00:00:00 ,0,1,99.99000,1,99.99000,99.99000,0.000000,0.000000,0,32244002423140,0,0.000000,0,0.00,0,0.00,0,0,0.00,-3179.02,0,0
00/00/2000 00:00:00 ,0,1,99.99000,1,99.99000,99.99000,0.000000,0.000000,0,32244002423140,0,0.000000,0,0.00,0,0.00,0,0,0.00,-3179.02,0,0
00/00/2000 00:00:00 ,0,1,99.99000,1,99.99000,99.99000,0.000000,0.000000,0,32244002423140,0,0.000000,0,0.00,0,0.00,0,0,0.00,-3179.02,0,0
00/00/2000 00:00:00 ,0,1,99.99000,1,99.99000,99.99000,0.000000,0.000000,0,32244002423140,0,0.000000,0,0.00,0,0.00,0,0,0.00,-3179.02,0,0
00/00/2000 00:00:00 ,0,1,99.99000,1,99.99000,99.99000,0.000000,0.000000,0,32244002423140,0,0.000000,0,0.00,0,0.00,0,0,0.00,-3179.02,0,0
00/00/2000 00:00:00 ,0,1,99.99000,1,99.99000,99.99000,0.000000,0.000000,0,32244002423140,0,0.000000,0,0.00,0,0.00,0,0,0.00,-3179.02,0,0
00/00/2000 00:00:00 ,0,1,99.99000,1,99.99000,99.99000,0.000000,0.000000,0,32244002423140,0,0.000000,0,0.00,0,0.00,0,0,0.00,-3179.02,0,0
00/00/2000 00:00:00 ,0,1,99.99000,1,99.99000,99.99000,0.000000,0.000000,0,32244002423140,0,0.000000,0,0.00,0,0.00,0,0,0.00,-3179.02,0,0
00/00/2000 00:00:00 ,0,1,99.99000,1,99.99000,99.99000,0.000000,0.000000,0,32244002423140,0,0.000000,0,0.00,0,0.00,0,0,0.00,-3179.02,0,0
00/00/2000 00:00:00 ,0,1,99.99000,1,99.99000,99.99000,0.000000,0.000000,0,32244002423140,0,0.000000,0,0.00,0,0.00,0,0,0.00,-3179.02,0,0
00/00/2000 00:00:00 ,0,1,99.99000,1,99.99000,99.99000,0.000000,0.000000,0,32244002423140,0,0.000000,0,0.00,0,0.00,0,0,0.00,-3179.02,0,0
00/00/2000 00:00:00 ,0,1,99.99000,1,99.99000,99.99000,0.000000,0.000000,0,32244002423140,0,0.000000,0,0.00,0,0.00,0,0,0.00,-3179.02,0,0
00/00/2000 00:00:00 ,0,1,99.99000,1,99.99000,99.99000,0.000000,0.000000,0,32244002423140,0,0.000000,0,0.00,0,0.00,0,0,0.00,-3179.02,0,0
00/00/2000 00:00:00 ,0,1,99.99000,1,99.99000,99.99000,0.000000,0.000000,0,32244002423140,0,0.000000,0,0.00,0,0.00,0,0,0.00,-3179.02,0,0
00/00/2000 00:00:00 ,0,1,99.99000,1,99.99000,99.99000,0.000000,0.000000,0,32244002423140,0,0.000000,0,0.00,0,0.00,0,0,0.00,-3179.02,0,0
00/00/2000 00:00:00 ,0,1,99.99000,1,99.99000,99.99000,0.000000,0.000000,0,32244002423140,0,0.000000,0,0.00,0,0.00,0,0,0.00,-3179.02,0,0
00/00/2000 00:00:00 ,0,1,99.99000,1,99.99000,99.99000,0.000000,0.000000,0,32244002423140,0,0.000000,0,0.00,0,0.00,0,0,0.00,-3179.02,0,0
00/00/2000 00:00:00 ,0,1,99.99000,1,99.99000,99.99000,0.000000,0.000000,0,32244002423140,0,0.000000,0,0.00,0,0.00,0,0,0.00,-3179.02,0,0
00/00/2000 00:00:00 ,0,1,99.99000,1,99.99000,99.99000,0.000000,0.000000,0,32244002423140,0,0.000000,0,0.00,0,0.00,0,0,0.00,-3179.02,0,0
00/00/2000 00:00:00 ,0,1,99.99000,1,99.99000,99.99000,0.000000,0.000000,0,32244002423140,0,0.000000,0,0.00,0,0.00,0,0,0.00,-3179.02,0,0
00/00/2000 00:00:00 ,0,1,99.99000,1,99.99000,99.99000,0.000000,0.000000,0,32244002423140,0,0.000000,0,0.00,0,0.00,0,-123,-15.75,-3449.03,12,1
00/00/2000 00:00:00 ,0,1,99.99000,1,99.99000,99.99000,0.000000,0.000000,0,32244002423140,0,0.000000,0,0.00,0,0.00,0,-123,-15.75,-3449.03,12,0
00/00/2000 00:00:00 ,0,1,99.99000,1,99.99000,99.99000,0.000000,0.000000,0,32244002423140,0,0.000000,0,0.00,0,0.00,0,-123,-15.75,-3449.03,12,0
00/00/2000 00:00:00 ,0,1,99.99000,1,99.99000,99.99000,0.000000,0.000000,0,32244002423140,0,0.000000,0,0.00,0,0.00,0,-123,-15.75,-3449.03,12,0
00/00/2000 00:00:00 ,0,1,99.99000,1,99.99000,99.99000,0.000000,0.000000,0,32244002423140,0,0.000000,0,0.00,0,0.00,0,-125,-2.25,1837.11,7,1
00/00/2000 00:00:00 ,0,1,99.99000,1,99.99000,99.99000,0.000000,0.000000,0,32244002423140,0,0.000000,0,0.00,0,0.00,0,-125,-2.25,1837.11,7,0
00/00/2000 00:00:00 ,0,1,99.99000,1,99.99000,99.99000,0.000000,0.000000,0,32244002423140,0,0.000000,0,0.00,0,0.00,0,-125,-2.25,1837.11,7,0
00/00/2000 00:00:00 ,0,1,99.99000,1,99.99000,99.99000,0.000000,0.000000,0,32244002423140,0,0.000000,0,0.00,0,0.00,0,-125,-2.25,1837.11,7,0
00/00/2000 00:00:00 ,0,1,99.99000,1,99.99000,99.99000,0.000000,0.000000,0,32244002423140,0,0.000000,0,0.00,0,0.00,0,-125,-2.25,1837.11,7,0
00/00/2000 00:00:00 ,0,1,99.99000,1,99.99000,99.99000,0.000000,0.000000,0,32244002423140,0,0.000000,0,0.00,0,0.00,0,-125,-2.25,1837.11,7,0
00/00/2000 00:00:00 ,0,1,99.99000,1,99.99000,99.99000,0.000000,0.000000,0,32244002423140,0,0.000000,0,0.00,0,0.00,0,-125,-2.25,1837.11,7,0
00/00/2000 00:00:00 ,0,1,99.99000,1,99.99000,99.99000,0.000000,0.000000,0,32244002423140,0,0.000000,0,0.00,0,0.00,0,-125,-2.25,1837.11,7,0
00/00/2000 00:00:00 ,0,1,99.99000,1,99.99000,99.99000,0.000000,0.000000,0,32244002423140,0,0.000000,0,0.00,0,0.00,0,-125,-2.25,1837.11,7,0
00/00/2000 00:00:00 ,0,1,99.99000,1,99.99000,99.99000,0.000000,0.000000,0,32244002423140,0,0.000000,0,0.00,0,0.00,0,122,-7.25,-3362.52,12,1
00/00/2000 00:00:00 ,0,1,99.99000,1,99.99000,99.99000,0.000000,0.000000,0,32244002423140,0,0.000000,0,0.00,0,0.00,0,122,-7.25,-3362.52,12,0
00/00/2000 00:00:00 ,0,1,99.99000,1,99.99000,99.99000,0.000000,0.000000,0,32244002423140,0,0.000000,0,0.00,0,0.00,0,122,-7.25,-3362.52,12,0
00/00/2000 00:00:00 ,0,1,99.99000,1,99.99000,99.99000,0.000000,0.000000,0,32244002423140,0,0.000000,0,0.00,0,0.00,0,122,-7.25,-3362.52,12,0
00/00/2000 00:00:00 ,0,1,99.99000,1,99.99000,99.99000,0.000000,0.000000,0,32244002423140,0,0.000000,0,0.00,0,0.00,0,122,-7.25,-3362.52,12,0
00/00/2000 00:00:00 ,0,1,99.99000,1,99.99000,99.99000,0.000000,0.000000,0,32244002423140,0,0.000000,0,0.00,0,0.00,0,122,-7.25,-3362.52,12,0
00/00/2000 00:00:00 ,0,1,99.99000,1,99.99000,99.99000,0.000000,0.000000,0,32244002423140,0,0.000000,0,0.00,0,0.00,0,122,-7.25,-3362.52,12,0
00/00/2000 00:00:00 ,0,1,99.99000,1,99.99000,99.99000,0.000000,0.000000,0,32244002423140,0,0.000000,0,0.00,0,0.00,0,122,-7.25,-3362.52,12,0
00/00/2000 00:00:00 ,0,1,99.99000,1,99.99000,99.99000,0.000000,0.000000,0,32244002423140,0,0.000000,0,0.00,0,0.00,0,122,-7.25,-3362.52,12,0
00/00/2000 00:00:00 ,0,1,99.99000,1,99.99000,99.99000,0.000000,0.000000,0,32244002423140,0,0.000000,0,0.00,0,0.00,0,122,-7.25,-3362.52,12,0
00/00/2000 00:00:00 ,0,1,99.99000,1,99.99000,99.99000,0.000000,0.000000,0,32244002423140,0,0.000000,0,0.00,0,0.00,0,122,-7.25,-3362.52,12,0
00/00/2000 00:00:00 ,0,1,99.99000,1,99.99000,99.99000,0.000000,0.000000,0,32244002423140,0,0.000000,0,0.00,0,0.00,0,122,-7.25,-3362.52,12,0
00/00/2000 00:00:00 ,0,1,99.99000,1,99.99000,99.99000,0.000000,0.000000,0,32244002423140,0,0.000000,0,0.00,0,0.00,0,122,-7.25,-3362.52,12,0
00/00/2000 00:00:00 ,0,1,99.99000,1,99.99000,99.99000,0.000000,0.000000,0,32244002423140,0,0.000000,0,0.00,0,0.00,0,122,-7.25,-3362.52,12,0
00/00/2000 00:00:00 ,0,1,99.99000,1,99.99000,99.99000,0.000000,0.000000,0,32244002423140,0,0.000000,0,0.00,0,0.00,0,122,-7.25,-3362.52,12,0
00/00/2000 00:00:00 ,0,1,99.99000,1,99.99000,99.99000,0.000000,0.000000,0,32244002423140,0,0.000000,0,0.00,0,0.00,0,122,-7.25,-3362.52,12,0
00/00/2000 00:00:00 ,0,1,99.99000,1,99.99000,99.99000,0.000000,0.000000,0,32244002423140,0,0.000000,0,0.00,0,0.00,0,-126,-12.50,-3280.21,12,1
00/00/2000 00:00:00 ,0,1,99.99000,1,99.99000,99.99000,0.000000,0.000000,0,32244002423140,0,0.000000,0,0.00,0,0.00,0,-126,-12.50,-3280.21,12,0
00/00/2000 00:00:00 ,0,1,99.99000,1,99.99000,99.99000,0.000000,0.000000,0,32244002423140,0,0.000000,0,0.00,0,0.00,0,-126,-12.50,-3280.21,12,0
00/00/2000 00:00:00 ,0,1,99.99000,1,99.99000,99.99000,0.000000,0.000000,0,32244002423140,0,0.000000,0,0.00,0,0.00,0,-126,-12.50,-3280.21,12,0
00/00/2000 00:00:00 ,0,1,99.99000,1,99.99000,99.99000,0.000000,0.000000,0,32244002423140,0,0.000000,0,0.00,0,0.00,0,-126,-12.50,-3280.21,12,0
00/00/2000 00:00:00 ,0,1,99.99000,1,99.99000,99.99000,0.000000,0.000000,0,32244002423140,0,0.000000,0,0.00,0,0.00,0,-126,-12.50,-3280.21,12,0
00/00/2000 00:00:00 ,0,1,99.99000,1,99.99000,99.99000,0.000000,0.000000,0,32244002423140,0,0.000000,0,0.00,0,0.00,0,122,-11.75,-3253.47,12,1
00/00/2000 00:00:00 ,0,1,99.99000,1,99.99000,99.99000,0.000000,0.000000,0,32244002423140,0,0.000000,0,0.00,0,0.00,0,122,-11.75,-3253.47,12,0
00/00/2000 00:00:00 ,0,1,99.99000,1,99.99000,99.99000,0.000000,0.000000,0,32244002423140,0,0.000000,0,0.00,0,0.00,0,122,-11.75,-3253.47,12,0
00/00/2000 00:00:00 ,0,1,99.99000,1,99.99000,99.99000,0.000000,0.000000,0,32244002423140,0,0.000000,0,0.00,0,0.00,0,122,-11.75,-3253.47,12,0
00/00/2000 00:00:00 ,0,1,99.99000,1,99.99000,99.99000,0.000000,0.000000,0,32244002423140,0,0.000000,0,0.00,0,0.00,0,122,-11.75,-3253.47,12,0
00/00/2000 00:00:00 ,0,1,99.99000,1,99.99000,99.99000,0.000000,0.000000,0,32244002423140,0,0.000000,0,0.00,0,0.00,0,122,-11.75,-3253.47,12,0
00/00/2000 00:00:00 ,0,1,99.99000,1,99.99000,99.99000,0.000000,0.000000,0,32244002423140,0,0.000000,0,0.00,0,0.00,0,121,-15.50,-3227.25,13,1
00/00/2000 00:00:00 ,0,1,99.99000,1,99.99000,99.99000,0.000000,0.000000,0,32244002423140,0,0.000000,0,0.00,0,0.00,0,121,-15.50,-3227.25,13,0
00/00/2000 00:00:00 ,0,1,99.99000,1,99.99000,99.99000,0.000000,0.000000,0,32244002423140,0,0.000000,0,0.00,0,0.00,0,121,-15.50,-3227.25,13,0
00/00/2000 00:00:00 ,0,1,99.99000,1,99.99000,99.99000,0.000000,0.000000,0,32244002423140,0,0.000000,0,0.00,0,0.00,0,121,-15.50,-3227.25,13,0
00/00/2000 00:00:00 ,0,1,99.99000,1,99.99000,99.99000,0.000000,0.000000,0,32244002423140,0,0.000000,0,0.00,0,0.00,0,121,-15.50,-3227.25,13,0
00/00/2000 00:00:00 ,0,1,99.99000,1,99.99000,99.99000,0.000000,0.000000,0,32244002423140,0,0.000000,0,0.00,0,0.00,0,121,-15.50,-3227.25,13,0
00/00/2000 00:00:00 ,0,1,99.99000,1,99.99000,99.99000,0.000000,0.000000,0,32244002423140,0,0.000000,0,0.00,0,0.00,0,121,-15.50,-3227.25,13,0
00/00/2000 00:00:00 ,0,1,99.99000,1,99.99000,99.99000,0.000000,0.000000,0,32244002423140,0,0.000000,0,0.00,0,0.00,0,121,-15.50,-3227.25,13,0
00/00/2000 00:00:00 ,0,1,99.99000,1,99.99000,99.99000,0.000000,0.000000,0,32244002423140,0,0.000000,0,0.00,0,0.00,0,121,-15.50,-3227.25,13,0
00/00/2000 00:00:00 ,0,1,99.99000,1,99.99000,99.99000,0.000000,0.000000,0,32244002423140,0,0.000000,0,0.00,0,0.00,0,121,-15.50,-3227.25,13,0
00/00/2000 00:00:00 ,0,1,99.99000,1,99.99000,99.99000,0.000000,0.000000,0,32244002423140,0,0.000000,0,0.00,0,0.00,0,121,-15.50,-3227.25,13,0
00/00/2000 00:00:00 ,0,1,99.99000,1,99.99000,99.99000,0.000000,0.000000,0,32244002423140,0,0.000000,0,0.00,0,0.00,0,121,-15.50,-3227.25,13,0
00/00/2000 00:00:00 ,0,1,99.99000,1,99.99000,99.99000,0.000000,0.000000,0,32244002423140,0,0.000000,0,0.00,0,0.00,0,121,-15.50,-3227.25,13,0
00/00/2000 00:00:00 ,0,1,99.99000,1,99.99000,99.99000,0.000000,0.000000,0,32244002423140,0,0.000000,0,0.00,0,0.00,0,121,-15.50,-3227.25,13,0
00/00/2000 00:00:00 ,0,1,99.99000,1,99.99000,99.99000,0.000000,0.000000,0,32244002423140,0,0.000000,0,0.00,0,0.00,0,121,-15.50,-3227.25,13,0
00/00/2000 00:00:00 ,0,1,99.99000,1,99.99000,99.99000,0.000000,0.000000,0,32244002423140,0,0.000000,0,0.00,0,0.00,0,121,-15.50,-3227.25,13,0
00/00/2000 00:00:00 ,0,1,99.99000,1,99.99000,99.99000,0.000000,0.000000,0,32244002423140,0,0.000000,0,0.00,0,0.00,0,121,-9.75,-3198.94,12,1
00/00/2000 00:00:00 ,0,1,99.99000,1,99.99000,99.99000,0.000000,0.000000,0,32244002423140,0,0.000000,0,0.00,0,0.00,0,121,-9.75,-3198.94,12,0
00/00/2000 00:00:00 ,0,1,99.99000,1,99.99000,99.99000,0.000000,0.000000,0,32244002423140,0,0.000000,0,0.00,0,0.00,0,121,-9.75,-3198.94,12,0
00/00/2000 00:00:00 ,0,1,99.99000,1,99.99000,99.99000,0.000000,0.000000,0,32244002423140,0,0.000000,0,0.00,0,0.00,0,121,-9.75,-3198.94,12,0
00/00/2000 00:00:00 ,0,1,99.99000,1,99.99000,99.99000,0.000000,0.000000,0,32244002423140,0,0.000000,0,0.00,0,0.00,0,121,-9.75,-3198.94,12,0
00/00/2000 00:00:00 ,0,1,99.99000,1,99.99000,99.99000,0.000000,0.000000,0,32244002423140,0,0.000000,0,0.00,0,0.00,0,121,-9.75,-3198.94,12,0
00/00/2000 00:00:00 ,0,1,99.99000,1,99.99000,99.99000,0.000000,0.000000,0,32244002423140,0,0.000000,0,0.00,0,0.00,0,122,-3.25,-3207.86,12,1
00/00/2000 00:00:00 ,0,1,99.99000,1,99.99000,99.99000,0.000000,0.000000,0,32244002423140,0,0.000000,0,0.00,0,0.00,0,122,-3.25,-3207.86,12,0
00/00/2000 00:00:00 ,0,1,99.99000,1,99.99000,99.99000,0.000000,0.000000,0,32244002423140,0,0.000000,0,0.00,0,0.00,0,122,-3.25,-3207.86,12,0
00/00/2000 00:00:00 ,0,1,99.99000,1,99.99000,99.99000,0.000000,0.000000,0,32244002423140,0,0.000000,0,0.00,0,0.00,0,122,-3.25,-3207.86,12,0
00/00/2000 00:00:00 ,0,1,99.99000,1,99.99000,99.99000,0.000000,0.000000,0,32244002423140,0,0.000000,0,0.00,0,0.00,0,122,-3.25,-3207.86,12,0
00/00/2000 00:00:00 ,0,1,99.99000,1,99.99000,99.99000,0.000000,0.000000,0,32244002423140,0,0.000000,0,0.00,0,0.00,0,122,-3.25,-3207.86,12,0
00/00/2000 00:00:00 ,0,1,99.99000,1,99.99000,99.99000,0.000000,0.000000,0,32244002423140,0,0.000000,0,0.00,0,0.00,0,122,-3.25,-3207.86,12,0
00/00/2000 00:00:00 ,0,1,99.99000,1,99.99000,99.99000,0.000000,0.000000,0,32244002423140,0,0.000000,0,0.00,0,0.00,0,122,-3.25,-3207.86,12,0
00/00/2000 00:00:00 ,0,1,99.99000,1,99.99000,99.99000,0.000000,0.000000,0,32244002423140,0,0.000000,0,0.00,0,0.00,0,122,-3.25,-3207.86,12,0
00/00/2000 00:00:00 ,0,1,99.99000,1,99.99000,99.99000,0.000000,0.000000,0,32244002423140,0,0.000000,0,0.00,0,0.00,0,122,-3.25,-3207.86,12,0
00/00/2000 00:00:00 ,0,1,99.99000,1,99.99000,99.99000,0.000000,0.000000,0,32244002423140,0,0.000000,0,0.00,0,0.00,0,122,-3.25,-3207.86,12,0
00/00/2000 00:00:00 ,0,1,99.99000,1,99.99000,99.99000,0.000000,0.000000,0,32244002423140,0,0.000000,0,0.00,0,0.00,0,122,-3.25,-3207.86,12,0
00/00/2000 00:00:00 ,0,1,99.99000,1,99.99000,99.99000,0.000000,0.000000,0,32244002423140,0,0.000000,0,0.00,0,0.00,0,123,-0.50,-3086.22,12,1
00/00/2000 00:00:00 ,0,1,99.99000,1,99.99000,99.99000,0.000000,0.000000,0,32244002423140,0,0.000000,0,0.00,0,0.00,0,123,-0.50,-3086.22,12,0
00/00/2000 00:00:00 ,0,1,99.99000,1,99.99000,99.99000,0.000000,0.000000,0,32244002423140,0,0.000000,0,0.00,0,0.00,0,123,-0.50,-3086.22,12,0
00/00/2000 00:00:00 ,0,1,99.99000,1,99.99000,99.99000,0.000000,0.000000,0,32244002423140,0,0.000000,0,0.00,0,0.00,0,123,-0.50,-3086.22,12,0
00/00/2000 00:00:00 ,0,1,99.99000,1,99.99000,99.99000,0.000000,0.000000,0,32244002423140,0,0.000000,0,0.00,0,0.00,0,123,-0.50,-3086.22,12,0
00/00/2000 00:00:00 ,0,1,99.99000,1,99.99000,99.99000,0.000000,0.000000,0,32244002423140,0,0.000000,0,0.00,0,0.00,0,123,-0.50,-3086.22,12,0
00/00/2000 00:00:00 ,0,1,99.99000,1,99.99000,99.99000,0.000000,0.000000,0,32244002423140,0,0.000000,0,0.00,0,0.00,0,123,-0.50,-3086.22,12,0
00/00/2000 00:00:00 ,0,1,99.99000,1,99.99000,99.99000,0.000000,0.000000,0,32244002423140,0,0.000000,0,0.00,0,0.00,0,123,-0.50,-3086.22,12,0
00/00/2000 00:00:00 ,0,1,99.99000,1,99.99000,99.99000,0.000000,0.000000,0,32244002423140,0,0.000000,0,0.00,0,0.00,0,123,-1.50,-3095.13,12,1
00/00/2000 00:00:00 ,0,1,99.99000,1,99.99000,99.99000,0.000000,0.000000,0,32244002423140,0,0.000000,0,0.00,0,0.00,0,123,-1.50,-3095.13,12,0
00/00/2000 00:00:00 ,0,1,99.99000,1,99.99000,99.99000,0.000000,0.000000,0,32244002423140,0,0.000000,0,0.00,0,0.00,0,123,-1.50,-3095.13,12,0
00/00/2000 00:00:00 ,0,1,99.99000,1,99.99000,99.99000,0.000000,0.000000,0,32244002423140,0,0.000000,0,0.00,0,0.00,0,123,-1.50,-3095.13,12,0
00/00/2000 00:00:00 ,0,1,99.99000,1,99.99000,99.99000,0.000000,0.000000,0,32244002423140,0,0.000000,0,0.00,0,0.00,0,123,-1.50,-3095.13,12,0
00/00/2000 00:00:00 ,0,1,99.99000,1,99.99000,99.99000,0.000000,0.000000,0,32244002423140,0,0.000000,0,0.00,0,0.00,0,123,-1.50,-3095.13,12,0
00/00/2000 00:00:00 ,0,1,99.99000,1,99.99000,99.99000,0.000000,0.000000,0,32244002423140,0,0.000000,0,0.00,0,0.00,0,123,-1.50,-3095.13,12,0
00/00/2000 00:00:00 ,0,1,99.99000,1,99.99000,99.99000,0.000000,0.000000,0,32244002423140,0,0.000000,0,0.00,0,0.00,0,123,-1.50,-3095.13,12,0
00/00/2000 00:00:00 ,0,1,99.99000,1,99.99000,99.99000,0.000000,0.000000,0,32244002423140,0,0.000000,0,0.00,0,0.00,0,-122,2.75,2105.54,7,1
00/00/2000 00:00:00 ,0,1,99.99000,1,99.99000,99.99000,0.000000,0.000000,0,32244002423140,0,0.000000,0,0.00,0,0.00,0,-122,2.75,2105.54,7,0
00/00/2000 00:00:00 ,0,1,99.99000,1,99.99000,99.99000,0.000000,0.000000,0,32244002423140,0,0.000000,0,0.00,0,0.00,0,-122,2.75,2105.54,7,0
00/00/2000 00:00:00 ,0,1,99.99000,1,99.99000,99.99000,0.000000,0.000000,0,32244002423140,0,0.000000,0,0.00,0,0.00,0,-122,2.75,2105.54,7,0
00/00/2000 00:00:00 ,0,1,99.99000,1,99.99000,99.99000,0.000000,0.000000,0,32244002423140,0,0.000000,0,0.00,0,0.00,0,-122,2.75,2105.54,7,0
00/00/2000 00:00:00 ,0,1,99.99000,1,99.99000,99.99000,0.000000,0.000000,0,32244002423140,0,0.000000,0,0.00,0,0.00,0,-122,2.75,2105.54,7,0
00/00/2000 00:00:00 ,0,1,99.99000,1,99.99000,99.99000,0.000000,0.000000,0,32244002423140,0,0.000000,0,0.00,0,0.00,0,-122,2.75,2105.54,7,0
00/00/2000 00:00:00 ,0,1,99.99000,1,99.99000,99.99000,0.000000,0.000000,0,32244002423140,0,0.000000,0,0.00,0,0.00,0,-122,2.75,2105.54,7,0
00/00/2000 00:00:00 ,0,1,99.99000,1,99.99000,99.99000,0.000000,0.000000,0,32244002423140,0,0.000000,0,0.00,0,0.00,0,-122,2.75,2105.54,7,0
00/00/2000 00:00:00 ,0,1,99.99000,1,99.99000,99.99000,0.000000,0.000000,0,32244002423140,0,0.000000,0,0.00,0,0.00,0,-122,2.75,2105.54,7,0
00/00/2000 00:00:00 ,0,1,99.99000,1,99.99000,99.99000,0.000000,0.000000,0,32244002423140,0,0.000000,0,0.00,0,0.00,0,126,3.00,-3021.21,12,1
00/00/2000 00:00:00 ,0,1,99.99000,1,99.99000,99.99000,0.000000,0.000000,0,32244002423140,0,0.000000,0,0.00,0,0.00,0,126,3.00,-3021.21,12,0
00/00/2000 00:00:00 ,0,1,99.99000,1,99.99000,99.99000,0.000000,0.000000,0,32244002423140,0,0.000000,0,0.00,0,0.00,0,126,3.00,-3021.21,12,0
00/00/2000 00:00:00 ,0,1,99.99000,1,99.99000,99.99000,0.000000,0.000000,0,32244002423140,0,0.000000,0,0.00,0,0.00,0,126,3.00,-3021.21,12,0
00/00/2000 00:00:00 ,0,1,99.99000,1,99.99000,99.99000,0.000000,0.000000,0,32244002423140,0,0.000000,0,0.00,0,0.00,0,126,3.00,-3021.21,12,0
00/00/2000 00:00:00 ,0,1,99.99000,1,99.99000,99.99000,0.000000,0.000000,0,32244002423140,0,0.000000,0,0.00,0,0.00,0,126,3.00,-3021.21,12,0
00/00/2000 00:00:00 ,0,1,99.99000,1,99.99000,99.99000,0.000000,0.000000,0,32244002423140,0,0.000000,0,0.00,0,0.00,0,126,1.25,-3031.17,12,1
00/00/2000 00:00:00 ,0,1,99.99000,1,99.99000,99.99000,0.000000,0.000000,0,32244002423140,0,0.000000,0,0.00,0,0.00,0,126,1.25,-3031.17,12,0
00/00/2000 00:00:00 ,0,1,99.99000,1,99.99000,99.99000,0.000000,0.000000,0,32244002423140,0,0.000000,0,0.00,0,0.00,0,126,1.25,-3031.17,12,0
00/00/2000 00:00:00 ,0,1,99.99000,1,99.99000,99.99000,0.000000,0.000000,0,32244002423140,0,0.000000,0,0.00,0,0.00,0,126,1.25,-3031.17,12,0
00/00/2000 00:00:00 ,0,1,99.99000,1,99.99000,99.99000,0.000000,0.000000,0,32244002423140,0,0.000000,0,0.00,0,0.00,0,-111,6.25,2122.32,7,1
00/00/2000 00:00:00 ,0,1,99.99000,1,99.99000,99.99000,0.000000,0.000000,0,32244002423140,0,0.000000,0,0.00,0,0.00,0,-111,6.25,2122.32,7,0
00/00/2000 00:00:00 ,0,1,99.99000,1,99.99000,99.99000,0.000000,0.000000,0,32244002423140,0,0.000000,0,0.00,0,0.00,0,-112,6.25,2139.09,7,1
00/00/2000 00:00:00 ,0,1,99.99000,1,99.99000,99.99000,0.000000,0.000000,0,32244002423140,0,0.000000,0,0.00,0,0.00,0,-112,6.25,2139.09,7,0
00/00/2000 00:00:00 ,0,1,99.99000,1,99.99000,99.99000,0.000000,0.000000,0,32244002423140,0,0.000000,0,0.00,0,0.00,0,-112,6.25,2139.09,7,0
00/00/2000 00:00:00 ,0,1,99.99000,1,99.99000,99.99000,0.000000,0.000000,0,32244002423140,0,0.000000,0,0.00,0,0.00,0,-112,6.25,2139.09,7,0
00/00/2000 00:00:00 ,0,1,99.99000,1,99.99000,99.99000,0.000000,0.000000,0,32244002423140,0,0.000000,0,0.00,0,0.00,0,-112,6.25,2139.09,7,0
00/00/2000 00:00:00 ,0,1,99.99000,1,99.99000,99.99000,0.000000,0.000000,0,32244002423140,0,0.000000,0,0.00,0,0.00,0,-112,6.25,2139.09,7,0
00/00/2000 00:00:00 ,0,1,99.99000,1,99.99000,99.99000,0.000000,0.000000,0,32244002423140,0,0.000000,0,0.00,0,0.00,0,-112,6.25,2139.09,7,0
00/00/2000 00:00:00 ,0,1,99.99000,1,99.99000,99.99000,0.000000,0.000000,0,32244002423140,0,0.000000,0,0.00,0,0.00,0,-124,4.75,-3002.34,12,1
00/00/2000 00:00:00 ,0,1,99.99000,1,99.99000,99.99000,0.000000,0.000000,0,32244002423140,0,0.000000,0,0.00,0,0.00,0,-124,4.75,-3002.34,12,0
00/00/2000 00:00:00 ,0,1,99.99000,1,99.99000,99.99000,0.000000,0.000000,0,32244002423140,0,0.000000,0,0.00,0,0.00,0,-124,4.75,-3002.34,12,0
00/00/2000 00:00:00 ,0,1,99.99000,1,99.99000,99.99000,0.000000,0.000000,0,32244002423140,0,0.000000,0,0.00,0,0.00,0,-124,4.75,-3002.34,12,0
00/00/2000 00:00:00 ,0,1,99.99000,1,99.99000,99.99000,0.000000,0.000000,0,32244002423140,0,0.000000,0,0.00,0,0.00,0,-124,4.75,-3002.34,12,0
00/00/2000 00:00:00 ,0,1,99.99000,1,99.99000,99.99000,0.000000,0.000000,0,32244002423140,0,0.000000,0,0.00,0,0.00,0,-124,4.75,-3002.34,12,0
00/00/2000 00:00:00 ,0,1,99.99000,1,99.99000,99.99000,0.000000,0.000000,0,32244002423140,0,0.000000,0,0.00,0,0.00,0,-127,4.00,-2976.12,12,1
00/00/2000 00:00:00 ,0,1,99.99000,1,99.99000,99.99000,0.000000,0.000000,0,32244002423140,0,0.000000,0,0.00,0,0.00,0,-127,4.00,-2976.12,12,0
00/00/2000 00:00:00 ,0,1,99.99000,1,99.99000,99.99000,0.000000,0.000000,0,32244002423140,0,0.000000,0,0.00,0,0.00,0,-127,4.00,-2976.12,12,0
00/00/2000 00:00:00 ,0,1,99.99000,1,99.99000,99.99000,0.000000,0.000000,0,32244002423140,0,0.000000,0,0.00,0,0.00,0,-127,4.00,-2976.12,12,0
00/00/2000 00:00:00 ,0,1,99.99000,1,99.99000,99.99000,0.000000,0.000000,0,32244002423140,0,0.000000,0,0.00,0,0.00,0,-127,4.00,-2976.12,12,0
00/00/2000 00:00:00 ,0,1,99.99000,1,99.99000,99.99000,0.000000,0.000000,0,32244002423140,0,0.000000,0,0.00,0,0.00,0,-127,4.00,-2976.12,12,0
00/00/2000 00:00:00 ,0,1,99.99000,1,99.99000,99.99000,0.000000,0.000000,0,32244002423140,0,0.000000,0,0.00,0,0.00,0,-127,4.00,-2976.12,12,0
00/00/2000 00:00:00 ,0,1,99.99000,1,99.99000,99.99000,0.000000,0.000000,0,32244002423140,0,0.000000,0,0.00,0,0.00,0,-118,1.00,-2895.38,12,1
00/00/2000 00:00:00 ,0,1,99.99000,1,99.99000,99.99000,0.000000,0.000000,0,32244002423140,0,0.000000,0,0.00,0,0.00,0,-118,1.00,-2895.38,12,0
00/00/2000 00:00:00 ,0,1,99.99000,1,99.99000,99.99000,0.000000,0.000000,0,32244002423140,0,0.000000,0,0.00,0,0.00,0,-118,1.00,-2895.38,12,0
00/00/2000 00:00:00 ,0,1,99.99000,1,99.99000,99.99000,0.000000,0.000000,0,32244002423140,0,0.000000,0,0.00,0,0.00,0,-107,6.50,2323.64,7,1
00/00/2000 00:00:00 ,0,1,99.99000,1,99.99000,99.99000,0.000000,0.000000,0,32244002423140,0,0.000000,0,0.00,0,0.00,0,-107,6.50,2323.64,7,0
00/00/2000 00:00:00 ,0,1,99.99000,1,99.99000,99.99000,0.000000,0.000000,0,32244002423140,0,0.000000,0,0.00,0,0.00,0,-104,5.75,2340.42,7,1
00/00/2000 00:00:00 ,0,1,99.99000,1,99.99000,99.99000,0.000000,0.000000,0,32244002423140,0,0.000000,0,0.00,0,0.00,0,-104,5.75,2340.42,7,0
00/00/2000 00:00:00 ,0,1,99.99000,1,99.99000,99.99000,0.000000,0.000000,0,32244002423140,0,0.000000,0,0.00,0,0.00,0,-104,5.75,2340.42,7,0
00/00/2000 00:00:00 ,0,1,99.99000,1,99.99000,99.99000,0.000000,0.000000,0,32244002423140,0,0.000000,0,0.00,0,0.00,0,-104,5.75,2340.42,7,0
00/00/2000 00:00:00 ,0,1,99.99000,1,99.99000,99.99000,0.000000,0.000000,0,32244002423140,0,0.000000,0,0.00,0,0.00,0,-104,5.75,2340.42,7,0
00/00/2000 00:00:00 ,0,1,99.99000,1,99.99000,99.99000,0.000000,0.000000,0,32244002423140,0,0.000000,0,0.00,0,0.00,0,-104,5.75,2340.42,7,0
00/00/2000 00:00:00 ,0,1,99.99000,1,99.99000,99.99000,0.000000,0.000000,0,32244002423140,0,0.000000,0,0.00,0,0.00,0,-104,5.75,2340.42,7,0
00/00/2000 00:00:00 ,0,1,99.99000,1,99.99000,99.99000,0.000000,0.000000,0,32244002423140,0,0.000000,0,0.00,0,0.00,0,-104,5.75,2340.42,7,0
00/00/2000 00:00:00 ,0,1,99.99000,1,99.99000,99.99000,0.000000,0.000000,0,32244002423140,0,0.000000,0,0.00,0,0.00,0,-95,4.75,-2883.85,12,1
00/00/2000 00:00:00 ,0,1,99.99000,1,99.99000,99.99000,0.000000,0.000000,0,32244002423140,0,0.000000,0,0.00,0,0.00,0,-95,4.75,-2883.85,12,0
00/00/2000 00:00:00 ,0,1,99.99000,1,99.99000,99.99000,0.000000,0.000000,0,32244002423140,0,0.000000,0,0.00,0,0.00,0,-95,4.75,-2883.85,12,0
00/00/2000 00:00:00 ,0,1,99.99000,1,99.99000,99.99000,0.000000,0.000000,0,32244002423140,0,0.000000,0,0.00,0,0.00,0,-95,4.75,-2883.85,12,0
00/00/2000 00:00:00 ,0,1,99.99000,1,99.99000,99.99000,0.000000,0.000000,0,32244002423140,0,0.000000,0,0.00,0,0.00,0,-95,4.75,-2883.85,12,0
00/00/2000 00:00:00 ,0,1,99.99000,1,99.99000,99.99000,0.000000,0.000000,0,32244002423140,0,0.000000,0,0.00,0,0.00,0,-95,4.75,-2883.85,12,0
00/00/2000 00:00:00 ,0,1,99.99000,1,99.99000,99.99000,0.000000,0.000000,0,32244002423140,0,0.000000,0,0.00,0,0.00,0,-95,5.50,-2868.12,12,1
00/00/2000 00:00:00 ,0,1,99.99000,1,99.99000,99.99000,0.000000,0.000000,0,32244002423140,0,0.000000,0,0.00,0,0.00,0,-95,5.50,-2868.12,12,0
00/00/2000 00:00:00 ,0,1,99.99000,1,99.99000,99.99000,0.000000,0.000000,0,32244002423140,0,0.000000,0,0.00,0,0.00,0,-95,5.50,-2868.12,12,0
