10/30/2018 12:10:37 ,0,1,99.99000,1,99.99000,99.99000,0.000000,0.000000,0,32244002423140,0,0.000000,0,0.00,0,0.00,0,0,0.00,0.00,0,0
10/30/2018 12:10:37 ,0,1,99.99000,1,99.99000,99.99000,0.000000,0.000000,0,32244002423140,0,0.000000,0,0.00,0,0.00,0,-122,-3.50,1065.35,7,1
10/30/2018 12:10:38 ,0,1,99.99000,1,99.99000,99.99000,0.000000,0.000000,0,32244002423140,0,0.000000,0,0.00,0,0.00,0,-122,-3.50,1065.35,7,0
10/30/2018 12:10:38 ,0,1,99.99000,1,99.99000,99.99000,0.000000,0.000000,0,32244002423140,0,0.000000,0,0.00,0,0.00,0,-126,-3.25,394.26,7,1
10/30/2018 12:10:40 ,0,1,99.99000,1,99.99000,99.99000,0.000000,0.000000,0,32244002423140,0,0.000000,0,0.00,0,0.00,0,-126,-3.25,394.26,7,0
10/30/2018 12:10:41 ,0,1,99.99000,1,99.99000,99.99000,0.000000,0.000000,0,32244002423140,0,0.000000,0,0.00,0,0.00,0,-126,-3.25,394.26,7,0
10/30/2018 12:10:42 ,0,1,99.99000,1,99.99000,99.99000,0.000000,0.000000,0,32244002423140,0,0.000000,0,0.00,0,0.00,0,-126,-3.25,394.26,7,0
10/30/2018 12:10:44 ,0,1,99.99000,1,99.99000,99.99000,0.000000,0.000000,0,32244002423140,0,0.000000,0,0.00,0,0.00,0,-126,-3.25,394.26,7,0
10/30/2018 12:10:46 ,0,1,99.99000,1,99.99000,99.99000,0.000000,0.000000,0,32244002423140,0,0.000000,0,0.00,0,0.00,0,-126,-3.25,394.26,7,0
10/30/2018 12:10:46 ,0,1,99.99000,1,99.99000,99.99000,0.000000,0.000000,0,32244002423140,0,0.000000,0,0.00,0,0.00,0,123,-9.50,3284.40,12,1
10/30/2018 12:10:47 ,0,1,99.99000,1,99.99000,99.99000,0.000000,0.000000,0,32244002423140,0,0.000000,0,0.00,0,0.00,0,123,-9.50,3284.40,12,0
10/30/2018 12:10:48 ,0,1,99.99000,1,99.99000,99.99000,0.000000,0.000000,0,32244002423140,0,0.000000,0,0.00,0,0.00,0,123,-9.50,3284.40,12,0
10/30/2018 12:10:50 ,0,1,99.99000,1,99.99000,99.99000,0.000000,0.000000,0,32244002423140,0,0.000000,0,0.00,0,0.00,0,123,-9.50,3284.40,12,0
10/30/2018 12:10:51 ,0,1,99.99000,1,99.99000,99.99000,0.000000,0.000000,0,32244002423140,0,0.000000,0,0.00,0,0.00,0,123,-9.50,3284.40,12,0
10/30/2018 12:10:52 ,0,1,99.99000,1,99.99000,99.99000,0.000000,0.000000,0,32244002423140,0,0.000000,0,0.00,0,0.00,0,123,-9.50,3284.40,12,0
10/30/2018 12:10:53 ,0,1,99.99000,1,99.99000,99.99000,0.000000,0.000000,0,32244002423140,0,0.000000,0,0.00,0,0.00,0,123,-9.50,3284.40,12,0
10/30/2018 12:10:54 ,0,1,99.99000,1,99.99000,99.99000,0.000000,0.000000,0,32244002423140,0,0.000000,0,0.00,0,0.00,0,123,-9.50,3284.40,12,0
10/30/2018 12:10:56 ,0,1,99.99000,1,99.99000,99.99000,0.000000,0.000000,0,32244002423140,0,0.000000,0,0.00,0,0.00,0,127,-3.25,3080.45,12,1
10/30/2018 12:10:56 ,0,1,99.99000,1,99.99000,99.99000,0.000000,0.000000,0,32244002423140,0,0.000000,0,0.00,0,0.00,0,127,-3.25,3080.45,12,0
10/30/2018 12:10:58 ,0,1,99.99000,1,99.99000,99.99000,0.000000,0.000000,0,32244002423140,0,0.000000,0,0.00,0,0.00,0,127,-3.25,3080.45,12,0
10/30/2018 12:11:00 ,0,1,99.99000,1,99.99000,99.99000,0.000000,0.000000,0,32244002423140,0,0.000000,0,0.00,0,0.00,0,127,-3.25,3080.45,12,0
10/30/2018 12:11:02 ,0,1,99.99000,1,99.99000,99.99000,0.000000,0.000000,0,32244002423140,0,0.000000,0,0.00,0,0.00,0,127,-3.25,3080.45,12,0
10/30/2018 12:11:04 ,0,1,99.99000,1,99.99000,99.99000,0.000000,0.000000,0,32244002423140,0,0.000000,0,0.00,0,0.00,0,127,-3.25,3080.45,12,0
10/30/2018 12:11:05 ,0,1,99.99000,1,99.99000,99.99000,0.000000,0.000000,0,32244002423140,0,0.000000,0,0.00,0,0.00,0,126,-7.50,2939.94,12,1
10/30/2018 12:11:06 ,0,1,99.99000,1,99.99000,99.99000,0.000000,0.000000,0,32244002423140,0,0.000000,0,0.00,0,0.00,0,126,-7.50,2939.94,12,0
10/30/2018 12:11:08 ,0,1,99.99000,1,99.99000,99.99000,0.000000,0.000000,0,32244002423140,0,0.000000,0,0.00,0,0.00,0,126,-7.50,2939.94,12,0
10/30/2018 12:11:10 ,0,1,99.99000,1,99.99000,99.99000,0.000000,0.000000,0,32244002423140,0,0.000000,0,0.00,0,0.00,0,126,-7.50,2939.94,12,0
10/30/2018 12:11:11 ,0,1,99.99000,1,99.99000,99.99000,0.000000,0.000000,0,32244002423140,0,0.000000,0,0.00,0,0.00,0,126,-7.50,2939.94,12,0
10/30/2018 12:11:11 ,0,1,99.99000,1,99.99000,99.99000,0.000000,0.000000,0,32244002423140,0,0.000000,0,0.00,0,0.00,0,-120,0.25,-394.26,7,1
10/30/2018 12:11:12 ,0,1,99.99000,1,99.99000,99.99000,0.000000,0.000000,0,32244002423140,0,0.000000,0,0.00,0,0.00,0,-120,0.25,-394.26,7,0
10/30/2018 12:11:13 ,0,1,99.99000,1,99.99000,99.99000,0.000000,0.000000,0,32244002423140,0,0.000000,0,0.00,0,0.00,0,-119,1.00,-461.37,7,1
10/30/2018 12:11:14 ,0,1,99.99000,1,99.99000,99.99000,0.000000,0.000000,0,32244002423140,0,0.000000,0,0.00,0,0.00,0,-119,1.00,-461.37,7,0
10/30/2018 12:11:15 ,0,1,99.99000,1,99.99000,99.99000,0.000000,0.000000,0,32244002423140,0,0.000000,0,0.00,0,0.00,0,-119,1.00,-461.37,7,0
10/30/2018 12:11:17 ,0,1,99.99000,1,99.99000,99.99000,0.000000,0.000000,0,32244002423140,0,0.000000,0,0.00,0,0.00,0,-119,1.00,-461.37,7,0
10/30/2018 12:11:18 ,0,1,99.99000,1,99.99000,99.99000,0.000000,0.000000,0,32244002423140,0,0.000000,0,0.00,0,0.00,0,-119,1.00,-461.37,7,0
10/30/2018 12:11:20 ,0,1,99.99000,1,99.99000,99.99000,0.000000,0.000000,0,32244002423140,0,0.000000,0,0.00,0,0.00,0,-119,1.00,-461.37,7,0
10/30/2018 12:11:21 ,0,1,99.99000,1,99.99000,99.99000,0.000000,0.000000,0,32244002423140,0,0.000000,0,0.00,0,0.00,0,-119,1.00,-461.37,7,0
10/30/2018 12:11:23 ,0,1,99.99000,1,99.99000,99.99000,0.000000,0.000000,0,32244002423140,0,0.000000,0,0.00,0,0.00,0,-119,1.00,-461.37,7,0
10/30/2018 12:11:23 ,0,1,99.99000,1,99.99000,99.99000,0.000000,0.000000,0,32244002423140,0,0.000000,0,0.00,0,0.00,0,-128,-0.25,2734.42,12,1
10/30/2018 12:11:24 ,0,1,99.99000,1,99.99000,99.99000,0.000000,0.000000,0,32244002423140,0,0.000000,0,0.00,0,0.00,0,-128,-0.25,2734.42,12,0
10/30/2018 12:11:26 ,0,1,99.99000,1,99.99000,99.99000,0.000000,0.000000,0,32244002423140,0,0.000000,0,0.00,0,0.00,0,-128,-0.25,2734.42,12,0
10/30/2018 12:11:28 ,0,1,99.99000,1,99.99000,99.99000,0.000000,0.000000,0,32244002423140,0,0.000000,0,0.00,0,0.00,0,-128,-0.25,2734.42,12,0
10/30/2018 12:11:30 ,0,1,99.99000,1,99.99000,99.99000,0.000000,0.000000,0,32244002423140,0,0.000000,0,0.00,0,0.00,0,-128,-0.25,2734.42,12,0
10/30/2018 12:11:32 ,0,1,99.99000,1,99.99000,99.99000,0.000000,0.000000,0,32244002423140,0,0.000000,0,0.00,0,0.00,0,-128,-0.25,2734.42,12,0
10/30/2018 12:11:32 ,0,1,99.99000,1,99.99000,99.99000,0.000000,0.000000,0,32244002423140,0,0.000000,0,0.00,0,0.00,0,-128,1.25,2665.22,12,1
10/30/2018 12:11:33 ,0,1,99.99000,1,99.99000,99.99000,0.000000,0.000000,0,32244002423140,0,0.000000,0,0.00,0,0.00,0,-128,1.25,2665.22,12,0
10/30/2018 12:11:35 ,0,1,99.99000,1,99.99000,99.99000,0.000000,0.000000,0,32244002423140,0,0.000000,0,0.00,0,0.00,0,-128,1.25,2665.22,12,0
10/30/2018 12:11:37 ,0,1,99.99000,1,99.99000,99.99000,0.000000,0.000000,0,32244002423140,0,0.000000,0,0.00,0,0.00,0,-128,1.25,2665.22,12,0
10/30/2018 12:11:39 ,0,1,99.99000,1,99.99000,99.99000,0.000000,0.000000,0,32244002423140,0,0.000000,0,0.00,0,0.00,0,-128,1.25,2665.22,12,0
10/30/2018 12:11:41 ,0,1,99.99000,1,99.99000,99.99000,0.000000,0.000000,0,32244002423140,0,0.000000,0,0.00,0,0.00,0,-128,1.25,2665.22,12,0
10/30/2018 12:11:41 ,0,1,99.99000,1,99.99000,99.99000,0.000000,0.000000,0,32244002423140,0,0.000000,0,0.00,0,0.00,0,-127,2.75,2609.64,12,1
10/30/2018 12:11:43 ,0,1,99.99000,1,99.99000,99.99000,0.000000,0.000000,0,32244002423140,0,0.000000,0,0.00,0,0.00,0,-127,2.75,2609.64,12,0
10/30/2018 12:11:44 ,0,1,99.99000,1,99.99000,99.99000,0.000000,0.000000,0,32244002423140,0,0.000000,0,0.00,0,0.00,0,-127,2.75,2609.64,12,0
10/30/2018 12:11:45 ,0,1,99.99000,1,99.99000,99.99000,0.000000,0.000000,0,32244002423140,0,0.000000,0,0.00,0,0.00,0,-108,6.75,-696.25,7,1
10/30/2018 12:11:45 ,0,1,99.99000,1,99.99000,99.99000,0.000000,0.000000,0,32244002423140,0,0.000000,0,0.00,0,0.00,0,-108,6.75,-696.25,7,0
10/30/2018 12:11:47 ,0,1,99.99000,1,99.99000,99.99000,0.000000,0.000000,0,32244002423140,0,0.000000,0,0.00,0,0.00,0,-103,5.50,-696.25,7,1
10/30/2018 12:11:47 ,0,1,99.99000,1,99.99000,99.99000,0.000000,0.000000,0,32244002423140,0,0.000000,0,0.00,0,0.00,0,-103,5.50,-696.25,7,0
10/30/2018 12:11:48 ,0,1,99.99000,1,99.99000,99.99000,0.000000,0.000000,0,32244002423140,0,0.000000,0,0.00,0,0.00,0,-103,5.50,-696.25,7,0
10/30/2018 12:11:48 ,0,1,99.99000,1,99.99000,99.99000,0.000000,0.000000,0,32244002423140,0,0.000000,0,0.00,0,0.00,0,-111,6.25,-696.25,7,1
10/30/2018 12:11:50 ,0,1,99.99000,1,99.99000,99.99000,0.000000,0.000000,0,32244002423140,0,0.000000,0,0.00,0,0.00,0,-111,6.25,-696.25,7,0
10/30/2018 12:11:52 ,0,1,99.99000,1,99.99000,99.99000,0.000000,0.000000,0,32244002423140,0,0.000000,0,0.00,0,0.00,0,-111,6.25,-696.25,7,0
10/30/2018 12:11:54 ,0,1,99.99000,1,99.99000,99.99000,0.000000,0.000000,0,32244002423140,0,0.000000,0,0.00,0,0.00,0,-111,6.25,-696.25,7,0
10/30/2018 12:11:56 ,0,1,99.99000,1,99.99000,99.99000,0.000000,0.000000,0,32244002423140,0,0.000000,0,0.00,0,0.00,0,-111,6.25,-696.25,7,0
10/30/2018 12:11:58 ,0,1,99.99000,1,99.99000,99.99000,0.000000,0.000000,0,32244002423140,0,0.000000,0,0.00,0,0.00,0,-111,6.25,-696.25,7,0
10/30/2018 12:12:00 ,0,1,99.99000,1,99.99000,99.99000,0.000000,0.000000,0,32244002423140,0,0.000000,0,0.00,0,0.00,0,-121,4.25,2513.17,12,1
10/30/2018 12:12:00 ,0,1,99.99000,1,99.99000,99.99000,0.000000,0.000000,0,32244002423140,0,0.000000,0,0.00,0,0.00,0,-121,4.25,2513.17,12,0
10/30/2018 12:12:02 ,0,1,99.99000,1,99.99000,99.99000,0.000000,0.000000,0,32244002423140,0,0.000000,0,0.00,0,0.00,0,-121,4.25,2513.17,12,0
10/30/2018 12:12:04 ,0,1,99.99000,1,99.99000,99.99000,0.000000,0.000000,0,32244002423140,0,0.000000,0,0.00,0,0.00,0,-121,4.25,2513.17,12,0
10/30/2018 12:12:06 ,0,1,99.99000,1,99.99000,99.99000,0.000000,0.000000,0,32244002423140,0,0.000000,0,0.00,0,0.00,0,-121,4.25,2513.17,12,0
10/30/2018 12:12:08 ,0,1,99.99000,1,99.99000,99.99000,0.000000,0.000000,0,32244002423140,0,0.000000,0,0.00,0,0.00,0,-121,4.25,2513.17,12,0
10/30/2018 12:12:09 ,0,1,99.99000,1,99.99000,99.99000,0.000000,0.000000,0,32244002423140,0,0.000000,0,0.00,0,0.00,0,-124,5.00,2466.51,12,1
10/30/2018 12:12:09 ,0,1,99.99000,1,99.99000,99.99000,0.000000,0.000000,0,32244002423140,0,0.000000,0,0.00,0,0.00,0,-124,5.00,2466.51,12,0
10/30/2018 12:12:11 ,0,1,99.99000,1,99.99000,99.99000,0.000000,0.000000,0,32244002423140,0,0.000000,0,0.00,0,0.00,0,-124,5.00,2466.51,12,0
10/30/2018 12:12:13 ,0,1,99.99000,1,99.99000,99.99000,0.000000,0.000000,0,32244002423140,0,0.000000,0,0.00,0,0.00,0,-124,5.00,2466.51,12,0
10/30/2018 12:12:15 ,0,1,99.99000,1,99.99000,99.99000,0.000000,0.000000,0,32244002423140,0,0.000000,0,0.00,0,0.00,0,-124,5.00,2466.51,12,0
10/30/2018 12:12:17 ,0,1,99.99000,1,99.99000,99.99000,0.000000,0.000000,0,32244002423140,0,0.000000,0,0.00,0,0.00,0,-124,5.00,2466.51,12,0
10/30/2018 12:12:18 ,0,1,99.99000,1,99.99000,99.99000,0.000000,0.000000,0,32244002423140,0,0.000000,0,0.00,0,0.00,0,-126,4.00,2419.33,12,1
10/30/2018 12:12:18 ,0,1,99.99000,1,99.99000,99.99000,0.000000,0.000000,0,32244002423140,0,0.000000,0,0.00,0,0.00,0,-126,4.00,2419.33,12,0
10/30/2018 12:12:20 ,0,1,99.99000,1,99.99000,99.99000,0.000000,0.000000,0,32244002423140,0,0.000000,0,0.00,0,0.00,0,-115,5.50,-864.03,7,1
10/30/2018 12:12:20 ,0,1,99.99000,1,99.99000,99.99000,0.000000,0.000000,0,32244002423140,0,0.000000,0,0.00,0,0.00,0,-115,5.50,-864.03,7,0
10/30/2018 12:12:21 ,0,1,99.99000,1,99.99000,99.99000,0.000000,0.000000,0,32244002423140,0,0.000000,0,0.00,0,0.00,0,-115,5.50,-864.03,7,0
10/30/2018 12:12:21 ,0,1,99.99000,1,99.99000,99.99000,0.000000,0.000000,0,32244002423140,0,0.000000,0,0.00,0,0.00,0,-107,5.00,-864.03,7,1
10/30/2018 12:12:22 ,0,1,99.99000,1,99.99000,99.99000,0.000000,0.000000,0,32244002423140,0,0.000000,0,0.00,0,0.00,0,-107,5.00,-864.03,7,0
10/30/2018 12:12:23 ,0,1,99.99000,1,99.99000,99.99000,0.000000,0.000000,0,32244002423140,0,0.000000,0,0.00,0,0.00,0,-108,6.75,-880.80,7,1
10/30/2018 12:12:24 ,0,1,99.99000,1,99.99000,99.99000,0.000000,0.000000,0,32244002423140,0,0.000000,0,0.00,0,0.00,0,-108,6.75,-880.80,7,0
10/30/2018 12:12:26 ,0,1,99.99000,1,99.99000,99.99000,0.000000,0.000000,0,32244002423140,0,0.000000,0,0.00,0,0.00,0,-108,6.75,-880.80,7,0
10/30/2018 12:12:27 ,0,1,99.99000,1,99.99000,99.99000,0.000000,0.000000,0,32244002423140,0,0.000000,0,0.00,0,0.00,0,-108,6.75,-880.80,7,0
10/30/2018 12:12:29 ,0,1,99.99000,1,99.99000,99.99000,0.000000,0.000000,0,32244002423140,0,0.000000,0,0.00,0,0.00,0,-108,6.75,-880.80,7,0
10/30/2018 12:12:30 ,0,1,99.99000,1,99.99000,99.99000,0.000000,0.000000,0,32244002423140,0,0.000000,0,0.00,0,0.00,0,-108,6.75,-880.80,7,0
10/30/2018 12:12:32 ,0,1,99.99000,1,99.99000,99.99000,0.000000,0.000000,0,32244002423140,0,0.000000,0,0.00,0,0.00,0,-108,6.75,-880.80,7,0
10/30/2018 12:12:34 ,0,1,99.99000,1,99.99000,99.99000,0.000000,0.000000,0,32244002423140,0,0.000000,0,0.00,0,0.00,0,-108,6.75,-880.80,7,0
10/30/2018 12:12:36 ,0,1,99.99000,1,99.99000,99.99000,0.000000,0.000000,0,32244002423140,0,0.000000,0,0.00,0,0.00,0,-108,6.75,-880.80,7,0
10/30/2018 12:12:37 ,0,1,99.99000,1,99.99000,99.99000,0.000000,0.000000,0,32244002423140,0,0.000000,0,0.00,0,0.00,0,-122,3.75,2320.24,12,1
10/30/2018 12:12:38 ,0,1,99.99000,1,99.99000,99.99000,0.000000,0.000000,0,32244002423140,0,0.000000,0,0.00,0,0.00,0,-122,3.75,2320.24,12,0
10/30/2018 12:12:40 ,0,1,99.99000,1,99.99000,99.99000,0.000000,0.000000,0,32244002423140,0,0.000000,0,0.00,0,0.00,0,-122,3.75,2320.24,12,0
10/30/2018 12:12:42 ,0,1,99.99000,1,99.99000,99.99000,0.000000,0.000000,0,32244002423140,0,0.000000,0,0.00,0,0.00,0,-122,3.75,2320.24,12,0
10/30/2018 12:12:44 ,0,1,99.99000,1,99.99000,99.99000,0.000000,0.000000,0,32244002423140,0,0.000000,0,0.00,0,0.00,0,-122,3.75,2320.24,12,0
10/30/2018 12:12:46 ,0,1,99.99000,1,99.99000,99.99000,0.000000,0.000000,0,32244002423140,0,0.000000,0,0.00,0,0.00,0,-120,4.75,2273.57,12,1
10/30/2018 12:12:46 ,0,1,99.99000,1,99.99000,99.99000,0.000000,0.000000,0,32244002423140,0,0.000000,0,0.00,0,0.00,0,-120,4.75,2273.57,12,0
10/30/2018 12:12:48 ,0,1,99.99000,1,99.99000,99.99000,0.000000,0.000000,0,32244002423140,0,0.000000,0,0.00,0,0.00,0,-120,4.75,2273.57,12,0
10/30/2018 12:12:50 ,0,1,99.99000,1,99.99000,99.99000,0.000000,0.000000,0,32244002423140,0,0.000000,0,0.00,0,0.00,0,-120,4.75,2273.57,12,0
10/30/2018 12:12:52 ,0,1,99.99000,1,99.99000,99.99000,0.000000,0.000000,0,32244002423140,0,0.000000,0,0.00,0,0.00,0,-120,4.75,2273.57,12,0
10/30/2018 12:12:54 ,0,1,99.99000,1,99.99000,99.99000,0.000000,0.000000,0,32244002423140,0,0.000000,0,0.00,0,0.00,0,-120,4.75,2273.57,12,0
10/30/2018 12:12:55 ,0,1,99.99000,1,99.99000,99.99000,0.000000,0.000000,0,32244002423140,0,0.000000,0,0.00,0,0.00,0,-120,4.75,2273.57,12,0
10/30/2018 12:12:55 ,0,1,99.99000,1,99.99000,99.99000,0.000000,0.000000,0,32244002423140,0,0.000000,0,0.00,0,0.00,0,-117,4.50,-1048.58,7,1
10/30/2018 12:12:56 ,0,1,99.99000,1,99.99000,99.99000,0.000000,0.000000,0,32244002423140,0,0.000000,0,0.00,0,0.00,0,-117,4.50,-1048.58,7,0
10/30/2018 12:12:57 ,0,1,99.99000,1,99.99000,99.99000,0.000000,0.000000,0,32244002423140,0,0.000000,0,0.00,0,0.00,0,-112,3.75,-1031.80,7,1
10/30/2018 12:12:58 ,0,1,99.99000,1,99.99000,99.99000,0.000000,0.000000,0,32244002423140,0,0.000000,0,0.00,0,0.00,0,-112,3.75,-1031.80,7,0
10/30/2018 12:12:59 ,0,1,99.99000,1,99.99000,99.99000,0.000000,0.000000,0,32244002423140,0,0.000000,0,0.00,0,0.00,0,-112,3.75,-1031.80,7,0
10/30/2018 12:13:00 ,0,1,99.99000,1,99.99000,99.99000,0.000000,0.000000,0,32244002423140,0,0.000000,0,0.00,0,0.00,0,-112,3.75,-1031.80,7,0
10/30/2018 12:13:02 ,0,1,99.99000,1,99.99000,99.99000,0.000000,0.000000,0,32244002423140,0,0.000000,0,0.00,0,0.00,0,-112,3.75,-1031.80,7,0
10/30/2018 12:13:03 ,0,1,99.99000,1,99.99000,99.99000,0.000000,0.000000,0,32244002423140,0,0.000000,0,0.00,0,0.00,0,-112,3.75,-1031.80,7,0
10/30/2018 12:13:05 ,0,1,99.99000,1,99.99000,99.99000,0.000000,0.000000,0,32244002423140,0,0.000000,0,0.00,0,0.00,0,-112,3.75,-1031.80,7,0
10/30/2018 12:13:07 ,0,1,99.99000,1,99.99000,99.99000,0.000000,0.000000,0,32244002423140,0,0.000000,0,0.00,0,0.00,0,-112,3.75,-1031.80,7,0
10/30/2018 12:13:09 ,0,1,99.99000,1,99.99000,99.99000,0.000000,0.000000,0,32244002423140,0,0.000000,0,0.00,0,0.00,0,-112,3.75,-1031.80,7,0
10/30/2018 12:13:11 ,0,1,99.99000,1,99.99000,99.99000,0.000000,0.000000,0,32244002423140,0,0.000000,0,0.00,0,0.00,0,-112,3.75,-1031.80,7,0
10/30/2018 12:13:13 ,0,1,99.99000,1,99.99000,99.99000,0.000000,0.000000,0,32244002423140,0,0.000000,0,0.00,0,0.00,0,-112,3.75,-1031.80,7,0
10/30/2018 12:13:14 ,0,1,99.99000,1,99.99000,99.99000,0.000000,0.000000,0,32244002423140,0,0.000000,0,0.00,0,0.00,0,-125,3.00,2196.50,12,1
10/30/2018 12:13:15 ,0,1,99.99000,1,99.99000,99.99000,0.000000,0.000000,0,32244002423140,0,0.000000,0,0.00,0,0.00,0,-125,3.00,2196.50,12,0
10/30/2018 12:13:16 ,0,1,99.99000,1,99.99000,99.99000,0.000000,0.000000,0,32244002423140,0,0.000000,0,0.00,0,0.00,0,-125,3.00,2196.50,12,0
10/30/2018 12:13:18 ,0,1,99.99000,1,99.99000,99.99000,0.000000,0.000000,0,32244002423140,0,0.000000,0,0.00,0,0.00,0,-125,3.00,2196.50,12,0
10/30/2018 12:13:20 ,0,1,99.99000,1,99.99000,99.99000,0.000000,0.000000,0,32244002423140,0,0.000000,0,0.00,0,0.00,0,-125,3.00,2196.50,12,0
10/30/2018 12:13:21 ,0,1,99.99000,1,99.99000,99.99000,0.000000,0.000000,0,32244002423140,0,0.000000,0,0.00,0,0.00,0,-125,3.00,2196.50,12,0
10/30/2018 12:13:23 ,0,1,99.99000,1,99.99000,99.99000,0.000000,0.000000,0,32244002423140,0,0.000000,0,0.00,0,0.00,0,-126,3.00,2160.85,12,1
10/30/2018 12:13:23 ,0,1,99.99000,1,99.99000,99.99000,0.000000,0.000000,0,32244002423140,0,0.000000,0,0.00,0,0.00,0,-126,3.00,2160.85,12,0
10/30/2018 12:13:24 ,0,1,99.99000,1,99.99000,99.99000,0.000000,0.000000,0,32244002423140,0,0.000000,0,0.00,0,0.00,0,-126,3.00,2160.85,12,0
10/30/2018 12:13:26 ,0,1,99.99000,1,99.99000,99.99000,0.000000,0.000000,0,32244002423140,0,0.000000,0,0.00,0,0.00,0,-126,3.00,2160.85,12,0
10/30/2018 12:13:28 ,0,1,99.99000,1,99.99000,99.99000,0.000000,0.000000,0,32244002423140,0,0.000000,0,0.00,0,0.00,0,-126,3.00,2160.85,12,0
10/30/2018 12:13:29 ,0,1,99.99000,1,99.99000,99.99000,0.000000,0.000000,0,32244002423140,0,0.000000,0,0.00,0,0.00,0,-110,6.25,-1149.24,7,1
10/30/2018 12:13:29 ,0,1,99.99000,1,99.99000,99.99000,0.000000,0.000000,0,32244002423140,0,0.000000,0,0.00,0,0.00,0,-110,6.25,-1149.24,7,0
10/30/2018 12:13:30 ,0,1,99.99000,1,99.99000,99.99000,0.000000,0.000000,0,32244002423140,0,0.000000,0,0.00,0,0.00,0,-110,6.25,-1149.24,7,0
10/30/2018 12:13:31 ,0,1,99.99000,1,99.99000,99.99000,0.000000,0.000000,0,32244002423140,0,0.000000,0,0.00,0,0.00,0,-111,6.00,-1149.24,7,1
10/30/2018 12:13:32 ,0,1,99.99000,1,99.99000,99.99000,0.000000,0.000000,0,32244002423140,0,0.000000,0,0.00,0,0.00,0,-111,6.00,-1149.24,7,0
10/30/2018 12:13:33 ,0,1,99.99000,1,99.99000,99.99000,0.000000,0.000000,0,32244002423140,0,0.000000,0,0.00,0,0.00,0,-119,2.75,-1132.46,7,1
10/30/2018 12:13:34 ,0,1,99.99000,1,99.99000,99.99000,0.000000,0.000000,0,32244002423140,0,0.000000,0,0.00,0,0.00,0,-119,2.75,-1132.46,7,0
10/30/2018 12:13:36 ,0,1,99.99000,1,99.99000,99.99000,0.000000,0.000000,0,32244002423140,0,0.000000,0,0.00,0,0.00,0,-119,2.75,-1132.46,7,0
10/30/2018 12:13:38 ,0,1,99.99000,1,99.99000,99.99000,0.000000,0.000000,0,32244002423140,0,0.000000,0,0.00,0,0.00,0,-119,2.75,-1132.46,7,0
10/30/2018 12:13:40 ,0,1,99.99000,1,99.99000,99.99000,0.000000,0.000000,0,32244002423140,0,0.000000,0,0.00,0,0.00,0,-119,2.75,-1132.46,7,0
10/30/2018 12:13:41 ,0,1,99.99000,1,99.99000,99.99000,0.000000,0.000000,0,32244002423140,0,0.000000,0,0.00,0,0.00,0,-123,5.00,2134.64,12,1
10/30/2018 12:13:42 ,0,1,99.99000,1,99.99000,99.99000,0.000000,0.000000,0,32244002423140,0,0.000000,0,0.00,0,0.00,0,-123,5.00,2134.64,12,0
10/30/2018 12:13:44 ,0,1,99.99000,1,99.99000,99.99000,0.000000,0.000000,0,32244002423140,0,0.000000,0,0.00,0,0.00,0,-123,5.00,2134.64,12,0
10/30/2018 12:13:46 ,0,1,99.99000,1,99.99000,99.99000,0.000000,0.000000,0,32244002423140,0,0.000000,0,0.00,0,0.00,0,-123,5.00,2134.64,12,0
10/30/2018 12:13:48 ,0,1,99.99000,1,99.99000,99.99000,0.000000,0.000000,0,32244002423140,0,0.000000,0,0.00,0,0.00,0,-123,5.00,2134.64,12,0
10/30/2018 12:13:50 ,0,1,99.99000,1,99.99000,99.99000,0.000000,0.000000,0,32244002423140,0,0.000000,0,0.00,0,0.00,0,-123,5.00,2134.64,12,0
10/30/2018 12:13:50 ,0,1,99.99000,1,99.99000,99.99000,0.000000,0.000000,0,32244002423140,0,0.000000,0,0.00,0,0.00,0,-119,5.00,2117.86,12,1
10/30/2018 12:13:51 ,0,1,99.99000,1,99.99000,99.99000,0.000000,0.000000,0,32244002423140,0,0.000000,0,0.00,0,0.00,0,-119,5.00,2117.86,12,0
10/30/2018 12:13:52 ,11,1,1.84000,1,1.93000,2.66000,0.000000,0.000000,0,32244002423140,0,0.000000,0,0.00,0,0.00,0,-119,5.00,2117.86,12,0
10/30/2018 12:13:53 ,11,1,1.84000,1,1.93000,2.66000,51.060039,3.709301,1,1201,1,167.300003,1,147.97,1,5.91,1,-119,5.00,2117.86,12,0
10/30/2018 12:13:55 ,12,1,1.84000,1,1.93000,2.66000,51.060005,3.709130,1,223,1,166.199996,1,124.08,1,5.48,1,-119,5.00,2117.86,12,0
10/30/2018 12:13:56 ,14,1,1.23000,1,1.33000,1.81000,51.059967,3.708953,1,431,1,168.399993,1,124.08,1,1.63,1,-119,5.00,2117.86,12,0
10/30/2018 12:13:57 ,14,1,1.99000,1,2.73000,3.38000,51.059963,3.708692,1,2100,1,164.300003,1,124.08,1,2.82,1,-119,5.00,2117.86,12,0
10/30/2018 12:13:59 ,14,1,1.92000,1,2.25000,2.95000,51.060009,3.708567,1,3023,1,147.300003,1,124.08,1,1.72,1,-119,5.00,2117.86,12,0
10/30/2018 12:13:59 ,14,1,1.92000,1,2.25000,2.95000,51.060009,3.708567,1,11114,1,147.300003,1,124.08,1,1.72,1,-122,4.25,2121.53,12,1
10/30/2018 12:14:00 ,14,1,1.92000,1,2.25000,2.95000,51.060016,3.708569,1,11132,1,140.500000,1,124.08,1,2.94,1,-122,4.25,2121.53,12,0
10/30/2018 12:14:02 ,20,1,2.28000,1,3.00000,3.77000,51.060043,3.708600,1,11210,1,129.100006,1,124.08,1,1.39,1,-122,4.25,2121.53,12,0
10/30/2018 12:14:03 ,21,1,1.57000,1,2.28000,2.76000,51.060054,3.708603,1,11331,1,123.000000,1,124.08,1,3.54,1,-122,4.25,2121.53,12,0
10/30/2018 12:14:05 ,21,1,1.57000,1,2.27000,2.76000,51.060123,3.708546,1,1013,1,107.699996,1,104.03,1,4.07,1,-122,4.25,2121.53,12,0
10/30/2018 12:14:05 ,21,1,1.57000,1,2.27000,2.76000,51.060123,3.708546,1,4022,1,107.699996,1,104.03,1,4.07,1,-101,6.25,-1182.79,7,1
10/30/2018 12:14:06 ,21,1,1.02000,1,1.65000,1.94000,51.060180,3.708549,1,4122,1,94.300003,1,104.03,1,2.65,1,-101,6.25,-1182.79,7,0
10/30/2018 12:14:07 ,21,1,1.06000,1,1.43000,1.78000,51.060192,3.708555,1,321,1,89.099998,1,104.03,1,1.96,1,-101,6.75,-1182.79,7,1
10/30/2018 12:14:08 ,21,1,1.09000,1,1.65000,1.98000,51.060222,3.708525,1,3002,1,79.900001,1,99.42,1,4.74,1,-101,6.75,-1182.79,7,0
10/30/2018 12:14:10 ,21,1,1.23000,1,1.78000,2.16000,51.060276,3.708485,1,3113,1,62.500000,1,97.17,1,3.35,1,-101,6.75,-1182.79,7,0
10/30/2018 12:14:12 ,21,1,1.23000,1,1.78000,2.16000,51.060321,3.708488,1,3103,1,42.900001,1,130.92,1,7.82,1,-101,6.75,-1182.79,7,0
10/30/2018 12:14:14 ,21,1,1.10000,1,1.73000,2.05000,51.060317,3.708517,1,3430,1,35.200000,1,129.12,1,4.85,1,-101,6.75,-1182.79,7,0
10/30/2018 12:14:16 ,21,1,1.75000,1,1.83000,2.53000,51.060314,3.708539,1,4044,1,27.899999,1,111.72,1,2.17,1,-101,6.75,-1182.79,7,0
10/30/2018 12:14:18 ,14,1,3.39000,1,5.12000,6.14000,51.060298,3.708524,1,1142,1,23.500000,1,111.72,1,2.52,1,-114,4.50,2164.52,12,1
10/30/2018 12:14:18 ,14,1,3.39000,1,5.12000,6.14000,51.060298,3.708524,1,1142,1,23.500000,1,111.72,1,2.52,1,-114,4.50,2164.52,12,0
10/30/2018 12:14:20 ,20,1,1.92000,1,2.24000,2.95000,51.060283,3.708496,1,3004,1,18.600000,1,111.72,1,3.89,1,-114,4.50,2164.52,12,0
10/30/2018 12:14:22 ,20,1,2.22000,1,2.32000,3.21000,51.060260,3.708467,1,3032,1,15.500000,1,111.72,1,3.91,1,-114,4.50,2164.52,12,0
10/30/2018 12:14:24 ,20,1,2.55000,1,3.06000,3.98000,51.060241,3.708444,1,3030,1,10.100001,1,192.28,1,3.94,1,-114,4.50,2164.52,12,0
10/30/2018 12:14:26 ,20,1,2.08000,1,2.58000,3.32000,51.060203,3.708431,1,3112,1,8.500000,1,201.23,1,5.39,1,-114,4.50,2164.52,12,0
10/30/2018 12:14:27 ,20,1,1.94000,1,2.42000,3.10000,51.060203,3.708432,1,2423,1,6.700000,1,201.23,1,1.80,1,-114,3.75,2188.12,12,1
10/30/2018 12:14:28 ,14,1,1.91000,1,2.20000,2.91000,51.060195,3.708428,1,3030,1,5.600000,1,201.23,1,1.50,1,-114,3.75,2188.12,12,0
10/30/2018 12:14:30 ,20,1,1.20000,1,1.50000,1.92000,51.060176,3.708427,1,3011,1,1.500000,1,195.54,1,2.82,1,-114,3.75,2188.12,12,0
10/30/2018 12:14:32 ,20,1,0.98000,1,1.42000,1.72000,51.060146,3.708419,1,3040,1,1.500000,1,188.86,1,4.85,1,-114,3.75,2188.12,12,0
10/30/2018 12:14:34 ,20,1,0.98000,1,1.42000,1.72000,51.060111,3.708400,1,3104,1,2.600000,1,203.29,1,5.41,1,-114,3.75,2188.12,12,0
10/30/2018 12:14:36 ,20,1,1.49000,1,2.21000,2.66000,51.060081,3.708379,1,3140,1,1.800000,1,211.99,1,5.00,1,-114,3.75,2188.12,12,0
10/30/2018 12:14:36 ,20,1,1.49000,1,2.21000,2.66000,51.060081,3.708379,1,4131,1,1.800000,1,211.99,1,5.00,1,-110,4.50,2216.95,12,1
10/30/2018 12:14:37 ,20,1,1.49000,1,2.21000,2.66000,51.060070,3.708371,1,4200,1,1.700000,1,217.87,1,4.70,1,-110,4.50,2216.95,12,0
10/30/2018 12:14:38 ,14,1,1.44000,1,1.77000,2.28000,51.060062,3.708359,1,1102,1,0.500000,1,221.11,1,4.46,1,-87,6.50,-1082.13,7,1
10/30/2018 12:14:39 ,20,1,1.38000,1,1.77000,2.24000,51.060050,3.708349,1,2333,1,-1.200000,1,223.66,1,4.19,1,-87,6.50,-1082.13,7,0
10/30/2018 12:14:39 ,20,1,1.38000,1,1.77000,2.24000,51.060050,3.708349,1,10311,1,-1.200000,1,223.66,1,4.19,1,-89,5.75,-1065.35,7,1
10/30/2018 12:14:40 ,14,1,1.23000,1,1.65000,2.06000,51.060035,3.708341,1,10344,1,-1.000000,1,222.00,1,4.98,1,-89,5.75,-1065.35,7,0
10/30/2018 12:14:41 ,14,1,1.75000,1,1.79000,2.50000,51.060016,3.708344,1,11144,1,-1.900000,1,208.65,1,4.98,1,-89,5.75,-1065.35,7,0
10/30/2018 12:14:43 ,14,1,1.75000,1,2.42000,3.10000,51.059989,3.708341,1,132,1,-1.900000,1,199.53,1,5.54,1,-89,5.75,-1065.35,7,0
10/30/2018 12:14:44 ,14,1,1.19000,1,2.40000,2.68000,51.059982,3.708330,1,314,1,-4.700000,1,203.77,1,5.02,1,-89,5.75,-1065.35,7,0
10/30/2018 12:14:45 ,13,1,1.94000,1,2.42000,3.10000,51.059970,3.708333,1,2121,1,-5.400000,1,203.77,1,4.35,1,-89,5.75,-1065.35,7,0
10/30/2018 12:14:47 ,14,1,1.38000,1,2.10000,2.51000,51.059947,3.708346,1,3003,1,-6.700000,1,203.77,1,3.44,1,-89,5.75,-1065.35,7,0
10/30/2018 12:14:48 ,14,1,1.38000,1,2.10000,2.51000,51.059940,3.708355,1,3242,1,-8.000000,1,203.77,1,3.00,1,-89,5.75,-1065.35,7,0
10/30/2018 12:14:50 ,12,1,2.13000,1,3.58000,4.16000,51.059917,3.708388,1,3244,1,-9.300001,1,177.05,1,4.15,1,-89,5.75,-1065.35,7,0
10/30/2018 12:14:52 ,13,1,1.62000,1,2.30000,2.81000,51.059906,3.708405,1,3240,1,-11.200000,1,152.93,1,3.70,1,-89,5.75,-1065.35,7,0
10/30/2018 12:14:54 ,20,1,1.38000,1,1.76000,2.24000,51.059875,3.708438,1,3321,1,-13.600001,1,150.89,1,5.19,1,-89,5.75,-1065.35,7,0
10/30/2018 12:14:55 ,20,1,1.38000,1,1.76000,2.24000,51.059864,3.708455,1,142,1,-13.600001,1,153.94,1,4.63,1,-103,5.25,2311.32,12,1
10/30/2018 12:14:56 ,13,1,1.93000,1,2.23000,2.95000,51.059852,3.708470,1,344,1,-14.500000,1,153.94,1,3.78,1,-103,5.25,2311.32,12,0
10/30/2018 12:14:57 ,13,1,1.93000,1,2.23000,2.95000,51.059844,3.708485,1,2112,1,-15.000000,1,153.94,1,3.67,1,-103,5.25,2311.32,12,0
10/30/2018 12:14:59 ,13,1,1.93000,1,2.23000,2.95000,51.059822,3.708503,1,3000,1,-15.800001,1,153.94,1,2.70,1,-103,5.25,2311.32,12,0
10/30/2018 12:15:01 ,14,1,1.20000,1,1.50000,1.92000,51.059795,3.708500,1,2443,1,-15.100001,1,178.80,1,4.37,1,-103,5.25,2311.32,12,0
10/30/2018 12:15:03 ,14,1,1.20000,1,1.50000,1.92000,51.059757,3.708502,1,3022,1,-13.800001,1,197.75,1,4.56,1,-103,5.25,2311.32,12,0
10/30/2018 12:15:04 ,14,1,1.25000,1,1.50000,1.95000,51.059738,3.708502,1,430,1,-12.700000,1,200.79,1,4.87,1,-102,4.75,2369.52,12,1
10/30/2018 12:15:05 ,14,1,1.20000,1,1.50000,1.92000,51.059722,3.708508,1,2114,1,-12.400000,1,200.79,1,4.46,1,-102,4.75,2369.52,12,0
10/30/2018 12:15:06 ,14,1,1.20000,1,1.50000,1.92000,51.059707,3.708503,1,2440,1,-12.100001,1,205.42,1,4.96,1,-102,4.75,2369.52,12,0
10/30/2018 12:15:08 ,14,1,1.73000,1,1.69000,2.42000,51.059673,3.708528,1,3034,1,-11.300001,1,195.09,1,4.57,1,-102,4.75,2369.52,12,0
10/30/2018 12:15:10 ,14,1,1.20000,1,1.49000,1.92000,51.059642,3.708545,1,3104,1,-11.000000,1,185.26,1,4.26,1,-102,4.75,2369.52,12,0
10/30/2018 12:15:12 ,14,1,1.20000,1,1.49000,1.92000,51.059616,3.708575,1,3130,1,-10.200000,1,175.48,1,4.15,1,-102,4.75,2369.52,12,0
10/30/2018 12:15:13 ,14,1,1.20000,1,1.49000,1.92000,51.059608,3.708591,1,3442,1,-10.200000,1,175.48,1,3.09,1,-102,4.75,2369.52,12,0
10/30/2018 12:15:14 ,14,1,1.20000,1,1.49000,1.92000,51.059600,3.708612,1,101,1,-10.200000,1,175.48,1,1.80,1,-60,5.75,-897.58,7,1
10/30/2018 12:15:15 ,14,1,1.23000,1,1.64000,2.05000,51.059593,3.708619,1,242,1,-9.800001,1,175.48,1,2.15,1,-60,5.75,-897.58,7,0
10/30/2018 12:15:15 ,14,1,1.23000,1,1.64000,2.05000,51.059593,3.708619,1,3330,1,-9.800001,1,175.48,1,2.15,1,-73,6.50,-880.80,7,1
10/30/2018 12:15:16 ,20,1,1.23000,1,1.64000,2.05000,51.059589,3.708620,1,3344,1,-9.800001,1,175.48,1,1.83,1,-73,6.50,-880.80,7,0
10/30/2018 12:15:17 ,20,1,1.03000,1,1.85000,2.12000,51.059581,3.708638,1,4134,1,-9.200000,1,175.48,1,1.07,1,-73,6.50,-880.80,7,0
10/30/2018 12:15:19 ,20,1,0.99000,1,1.59000,1.88000,51.059585,3.708661,1,4211,1,-8.900000,1,175.48,1,1.30,1,-73,6.50,-880.80,7,0
10/30/2018 12:15:21 ,20,1,1.23000,1,1.64000,2.05000,51.059581,3.708695,1,4241,1,-8.000000,1,175.48,1,0.67,1,-73,6.50,-880.80,7,0
10/30/2018 12:15:23 ,20,1,0.99000,1,1.59000,1.87000,51.059577,3.708721,1,10013,1,-7.900000,1,175.48,1,0.96,1,-73,6.50,-880.80,7,0
10/30/2018 12:15:25 ,14,1,0.99000,1,1.59000,1.87000,51.059577,3.708756,1,10110,1,-7.800000,1,175.48,1,0.61,1,-73,6.50,-880.80,7,0
10/30/2018 12:15:27 ,14,1,0.99000,1,1.59000,1.87000,51.059577,3.708784,1,10123,1,-8.000000,1,175.48,1,0.67,1,-73,6.50,-880.80,7,0
10/30/2018 12:15:29 ,14,1,1.07000,1,1.60000,1.93000,51.059577,3.708786,1,10202,1,-6.000000,1,175.48,1,0.26,1,-73,6.50,-880.80,7,0
10/30/2018 12:15:31 ,13,1,2.71000,1,2.01000,3.37000,51.059574,3.708793,1,10222,1,-3.700000,1,175.48,1,0.33,1,-73,6.50,-880.80,7,0
10/30/2018 12:15:31 ,13,1,2.71000,1,2.01000,3.37000,51.059574,3.708793,1,10222,1,-3.700000,1,175.48,1,0.33,1,-94,4.75,2516.84,12,1
10/30/2018 12:15:32 ,14,1,1.81000,1,1.95000,2.66000,51.059574,3.708797,1,10330,1,-2.900000,1,175.48,1,0.20,1,-94,4.75,2516.84,12,0
10/30/2018 12:15:33 ,14,1,1.25000,1,1.89000,2.27000,51.059570,3.708833,1,10344,1,-1.200000,1,175.48,1,0.20,1,-94,4.75,2516.84,12,0
10/30/2018 12:15:35 ,20,1,1.23000,1,1.71000,2.10000,51.059566,3.708869,1,10404,1,1.900000,1,175.48,1,0.52,1,-94,4.75,2516.84,12,0
10/30/2018 12:15:37 ,20,1,0.98000,1,1.40000,1.71000,51.059570,3.708905,1,10423,1,4.200000,1,175.48,1,0.39,1,-94,4.75,2516.84,12,0
10/30/2018 12:15:39 ,14,1,1.39000,1,1.76000,2.24000,51.059566,3.708946,1,11003,1,5.800000,1,175.48,1,0.46,1,-94,4.75,2516.84,12,0
10/30/2018 12:15:41 ,13,1,1.13000,1,1.42000,1.81000,51.059570,3.708950,1,11,1,5.800000,1,175.48,1,0.85,1,-94,4.50,2549.35,12,1
10/30/2018 12:15:41 ,13,1,1.13000,1,1.42000,1.81000,51.059570,3.708950,1,11,1,5.800000,1,175.48,1,0.85,1,-94,4.50,2549.35,12,0
10/30/2018 12:15:42 ,14,1,1.02000,1,1.41000,1.74000,51.059566,3.708966,1,1344,1,6.300000,1,175.48,1,0.81,1,-94,4.50,2549.35,12,0
10/30/2018 12:15:43 ,13,1,1.13000,1,1.42000,1.81000,51.059570,3.708964,1,3011,1,6.300000,1,175.48,1,0.96,1,-94,4.50,2549.35,12,0
10/30/2018 12:15:45 ,13,1,1.15000,1,1.60000,1.96000,51.059570,3.708967,1,3104,1,6.500000,1,175.48,1,1.02,1,-94,4.50,2549.35,12,0
10/30/2018 12:15:47 ,14,1,1.15000,1,1.60000,1.96000,51.059570,3.708966,1,3123,1,6.400000,1,175.48,1,0.28,1,-94,4.50,2549.35,12,0
10/30/2018 12:15:48 ,14,1,1.07000,1,1.60000,1.92000,51.059566,3.708973,1,341,1,6.600000,1,175.48,1,0.19,1,-82,6.25,-780.14,7,1
10/30/2018 12:15:49 ,20,1,0.99000,1,1.58000,1.87000,51.059566,3.708989,1,2032,1,7.000000,1,175.48,1,0.31,1,-82,6.25,-780.14,7,0
10/30/2018 12:15:51 ,13,1,1.10000,1,1.85000,2.15000,51.059566,3.708989,1,1314,1,7.200000,1,175.48,1,0.19,1,-75,5.75,-746.59,7,1
10/30/2018 12:15:51 ,13,1,1.10000,1,1.85000,2.15000,51.059566,3.708989,1,1314,1,7.200000,1,175.48,1,0.19,1,-75,5.75,-746.59,7,0
10/30/2018 12:15:52 ,11,1,1.81000,1,1.94000,2.66000,51.059566,3.708985,1,3420,1,7.200000,1,175.48,1,0.41,1,-75,5.75,-746.59,7,0
10/30/2018 12:15:54 ,13,1,2.70000,1,2.00000,3.36000,51.059562,3.708988,1,4003,1,7.000000,1,175.48,1,0.54,1,-75,5.75,-746.59,7,0
10/30/2018 12:15:56 ,14,1,2.70000,1,2.00000,3.36000,51.059566,3.708989,1,4014,1,7.400000,1,175.48,1,0.52,1,-75,5.75,-746.59,7,0
10/30/2018 12:15:58 ,13,1,2.70000,1,2.00000,3.36000,51.059570,3.708983,1,4241,1,7.300000,1,175.48,1,0.30,1,-75,5.75,-746.59,7,0
10/30/2018 12:15:59 ,11,1,3.31000,1,2.15000,3.95000,51.059574,3.708984,1,2104,1,7.500000,1,175.48,1,1.09,1,-93,5.25,2596.01,12,1
10/30/2018 12:16:00 ,10,1,4.03000,1,2.00000,4.50000,51.059570,3.708986,1,3013,1,7.300000,1,175.48,1,0.87,1,-93,5.25,2596.01,12,0
10/30/2018 12:16:01 ,12,1,1.31000,1,1.90000,2.31000,51.059570,3.709003,1,3024,1,8.000000,1,175.48,1,1.15,1,-93,5.25,2596.01,12,0
10/30/2018 12:16:03 ,13,1,1.31000,1,1.90000,2.31000,51.059574,3.709023,1,3122,1,8.900000,1,175.48,1,1.46,1,-93,5.25,2596.01,12,0
10/30/2018 12:16:05 ,12,1,1.25000,1,1.88000,2.26000,51.059566,3.709031,1,3210,1,10.000000,1,175.48,1,0.44,1,-93,5.25,2596.01,12,0
10/30/2018 12:16:07 ,13,1,1.25000,1,1.88000,2.26000,51.059566,3.709025,1,3232,1,10.800001,1,175.48,1,0.65,1,-93,5.25,2596.01,12,0
10/30/2018 12:16:08 ,13,1,1.25000,1,1.88000,2.26000,51.059566,3.709028,1,3314,1,11.100001,1,175.48,1,0.61,1,-94,4.25,2615.41,12,1
10/30/2018 12:16:08 ,13,1,1.25000,1,1.88000,2.26000,51.059566,3.709028,1,3314,1,11.100001,1,175.48,1,0.61,1,-94,4.25,2615.41,12,0
10/30/2018 12:16:10 ,14,1,1.25000,1,1.88000,2.26000,51.059562,3.709020,1,3424,1,11.700000,1,175.48,1,0.31,1,-94,4.25,2615.41,12,0
10/30/2018 12:16:12 ,13,1,1.25000,1,1.88000,2.26000,51.059558,3.709039,1,4000,1,12.100001,1,175.48,1,1.37,1,-94,4.25,2615.41,12,0
10/30/2018 12:16:14 ,20,1,1.23000,1,1.63000,2.04000,51.059551,3.709047,1,4012,1,12.100001,1,175.48,1,1.31,1,-94,4.25,2615.41,12,0
10/30/2018 12:16:16 ,20,1,1.07000,1,1.59000,1.92000,51.059524,3.709063,1,4032,1,10.900000,1,175.48,1,4.02,1,-94,4.25,2615.41,12,0
10/30/2018 12:16:17 ,20,1,1.06000,1,1.41000,1.76000,51.059516,3.709062,1,10100,1,10.300001,1,175.48,1,1.09,1,-93,4.75,2633.76,12,1
10/30/2018 12:16:17 ,20,1,1.06000,1,1.41000,1.76000,51.059516,3.709062,1,10100,1,10.300001,1,175.48,1,1.09,1,-93,4.75,2633.76,12,0
10/30/2018 12:16:19 ,20,1,1.20000,1,1.48000,1.90000,51.059513,3.709072,1,10132,1,10.800001,1,175.48,1,0.15,1,-93,4.75,2633.76,12,0
10/30/2018 12:16:21 ,14,1,1.02000,1,1.40000,1.74000,51.059516,3.709064,1,10230,1,10.800001,1,175.48,1,0.61,1,-93,4.75,2633.76,12,0
10/30/2018 12:16:22 ,20,1,0.98000,1,1.40000,1.70000,51.059516,3.709066,1,2111,1,10.300001,1,175.48,1,1.00,1,-73,6.25,-729.81,7,1
10/30/2018 12:16:23 ,20,1,0.98000,1,1.40000,1.70000,51.059513,3.709091,1,2442,1,10.500000,1,124.69,1,3.56,1,-73,6.25,-729.81,7,0
10/30/2018 12:16:23 ,20,1,0.98000,1,1.40000,1.70000,51.059513,3.709091,1,11233,1,10.500000,1,124.69,1,3.56,1,-68,6.50,-713.03,7,1
10/30/2018 12:16:25 ,20,1,1.20000,1,1.40000,1.70000,51.059505,3.709119,1,23,1,11.400000,1,116.26,1,4.39,1,-68,6.50,-713.03,7,0
10/30/2018 12:16:26 ,20,1,1.73000,1,1.67000,2.40000,51.059482,3.709127,1,2230,1,11.500000,1,133.06,1,5.82,1,-68,6.50,-713.03,7,0
10/30/2018 12:16:28 ,14,1,1.23000,1,1.63000,2.04000,51.059444,3.709045,1,3040,1,9.500000,1,166.86,1,6.54,1,-68,6.50,-713.03,7,0
10/30/2018 12:16:30 ,13,1,2.69000,1,1.98000,3.34000,51.059417,3.709010,1,3121,1,9.900000,1,189.78,1,5.74,1,-68,6.50,-713.03,7,0
10/30/2018 12:16:32 ,14,1,1.23000,1,1.62000,2.04000,51.059402,3.708890,1,3344,1,8.600001,1,212.87,1,6.50,1,-68,6.50,-713.03,7,0
10/30/2018 12:16:34 ,14,1,1.23000,1,1.62000,2.04000,51.059402,3.708773,1,3412,1,7.500000,1,231.25,1,5.41,1,-68,6.50,-713.03,7,0
10/30/2018 12:16:36 ,14,1,0.99000,1,1.62000,2.04000,51.059398,3.708679,1,34,1,6.700000,1,246.55,1,5.63,1,-118,5.00,2666.79,12,1
10/30/2018 12:16:36 ,14,1,0.99000,1,1.62000,2.04000,51.059398,3.708679,1,34,1,6.700000,1,246.55,1,5.63,1,-118,5.00,2666.79,12,0
10/30/2018 12:16:37 ,14,1,0.99000,1,1.58000,1.86000,51.059394,3.708653,1,2410,1,6.900000,1,249.19,1,5.46,1,-118,5.00,2666.79,12,0
10/30/2018 12:16:39 ,14,1,1.23000,1,1.62000,2.04000,51.059394,3.708598,1,3124,1,6.700000,1,275.16,1,5.06,1,-118,5.00,2666.79,12,0
10/30/2018 12:16:41 ,13,1,1.23000,1,1.62000,2.04000,51.059402,3.708528,1,3231,1,6.600000,1,290.08,1,5.70,1,-118,5.00,2666.79,12,0
10/30/2018 12:16:43 ,13,1,1.23000,1,1.62000,2.04000,51.059402,3.708493,1,3303,1,6.600000,1,302.61,1,1.50,1,-118,5.00,2666.79,12,0
10/30/2018 12:16:45 ,13,1,1.23000,1,1.62000,2.03000,51.059394,3.708485,1,1411,1,7.200000,1,302.61,1,1.15,1,-120,5.00,2674.66,12,1
10/30/2018 12:16:45 ,13,1,1.23000,1,1.62000,2.03000,51.059394,3.708485,1,1411,1,7.200000,1,302.61,1,1.15,1,-120,5.00,2674.66,12,0
10/30/2018 12:16:47 ,13,1,1.38000,1,2.08000,2.50000,51.059391,3.708479,1,3030,1,8.200000,1,302.61,1,0.91,1,-120,5.00,2674.66,12,0
10/30/2018 12:16:49 ,13,1,1.38000,1,2.40000,2.77000,51.059387,3.708478,1,3110,1,8.500000,1,302.61,1,0.50,1,-120,5.00,2674.66,12,0
10/30/2018 12:16:51 ,13,1,1.38000,1,2.08000,2.50000,51.059383,3.708461,1,3132,1,8.600001,1,302.61,1,1.59,1,-120,5.00,2674.66,12,0
10/30/2018 12:16:53 ,14,1,1.38000,1,2.08000,2.50000,51.059379,3.708459,1,3201,1,8.700000,1,302.61,1,0.78,1,-120,5.00,2674.66,12,0
10/30/2018 12:16:54 ,13,1,1.38000,1,2.08000,2.50000,51.059375,3.708465,1,3143,1,8.800001,1,302.61,1,0.70,1,-117,4.75,2667.32,12,1
10/30/2018 12:16:55 ,14,1,1.38000,1,2.08000,2.50000,51.059368,3.708476,1,3211,1,8.800001,1,302.61,1,1.20,1,-117,4.75,2667.32,12,0
10/30/2018 12:16:57 ,13,1,1.38000,1,2.08000,2.50000,51.059360,3.708469,1,4004,1,9.100001,1,302.61,1,1.83,1,-117,4.75,2667.32,12,0
10/30/2018 12:16:58 ,13,1,1.38000,1,2.08000,2.50000,51.059360,3.708458,1,111,1,9.200000,1,302.61,1,1.57,1,-92,6.25,-696.25,7,1
10/30/2018 12:16:59 ,13,1,1.38000,1,2.08000,2.50000,51.059360,3.708447,1,1223,1,9.300001,1,302.61,1,2.02,1,-92,6.25,-696.25,7,0
10/30/2018 12:16:59 ,13,1,1.38000,1,2.08000,2.50000,51.059360,3.708447,1,4312,1,9.300001,1,302.61,1,2.02,1,-102,6.25,-713.03,7,1
10/30/2018 12:17:00 ,14,1,1.38000,1,2.08000,2.50000,51.059356,3.708451,1,10041,1,9.300001,1,302.61,1,1.33,1,-102,6.25,-713.03,7,0
10/30/2018 12:17:02 ,14,1,1.38000,1,2.08000,2.50000,51.059345,3.708468,1,10110,1,9.700000,1,302.61,1,1.22,1,-102,6.25,-713.03,7,0
10/30/2018 12:17:04 ,13,1,1.38000,1,2.08000,2.50000,51.059368,3.708452,1,10144,1,10.200000,1,302.61,1,1.93,1,-102,6.25,-713.03,7,0
10/30/2018 12:17:05 ,14,1,1.38000,1,2.08000,2.50000,51.059371,3.708451,1,10210,1,10.500000,1,302.61,1,1.81,1,-102,6.25,-713.03,7,0
10/30/2018 12:17:06 ,14,1,1.38000,1,2.08000,2.50000,51.059379,3.708444,1,11101,1,10.700000,1,302.61,1,2.11,1,-102,6.25,-713.03,7,0
10/30/2018 12:17:08 ,20,1,1.38000,1,2.08000,2.49000,51.059387,3.708432,1,11131,1,10.900000,1,302.61,1,2.22,1,-102,6.25,-713.03,7,0
10/30/2018 12:17:10 ,12,1,1.38000,1,2.08000,2.49000,51.059391,3.708429,1,11210,1,10.900000,1,302.61,1,1.72,1,-102,6.25,-713.03,7,0
10/30/2018 12:17:11 ,12,1,1.38000,1,2.08000,2.49000,51.059391,3.708430,1,11232,1,11.100001,1,302.61,1,1.33,1,-102,6.25,-713.03,7,0
10/30/2018 12:17:11 ,12,1,1.38000,1,2.08000,2.49000,51.059391,3.708430,1,24210,1,11.100001,1,302.61,1,1.33,1,-113,5.50,2661.02,12,1
10/30/2018 12:17:13 ,13,1,2.01000,1,3.46000,4.00000,51.059398,3.708441,1,11421,1,11.200000,1,302.61,1,2.07,1,-113,5.50,2661.02,12,0
10/30/2018 12:17:15 ,13,1,1.37000,1,3.46000,4.00000,51.059379,3.708455,1,33,1,11.000000,1,302.61,1,0.81,1,-113,5.50,2661.02,12,0
10/30/2018 12:17:16 ,12,1,1.37000,1,2.08000,2.49000,51.059387,3.708447,1,1144,1,11.000000,1,302.61,1,1.87,1,-113,5.50,2661.02,12,0
10/30/2018 12:17:17 ,12,1,1.37000,1,2.08000,2.49000,51.059371,3.708463,1,2420,1,10.900000,1,302.61,1,0.57,1,-113,5.50,2661.02,12,0
10/30/2018 12:17:19 ,12,1,1.37000,1,2.08000,2.49000,51.059371,3.708467,1,3002,1,10.900000,1,302.61,1,0.91,1,-113,5.50,2661.02,12,0
10/30/2018 12:17:21 ,13,1,1.37000,1,2.08000,2.49000,51.059364,3.708466,1,3021,1,10.800001,1,302.61,1,0.56,1,-113,5.50,2661.02,12,0
10/30/2018 12:17:22 ,13,1,1.37000,1,2.08000,2.49000,51.059345,3.708477,1,421,1,10.800001,1,302.61,1,1.70,1,-111,5.25,2640.58,12,1
10/30/2018 12:17:23 ,13,1,1.37000,1,2.08000,2.49000,51.059333,3.708494,1,1114,1,11.400000,1,302.61,1,2.63,1,-111,5.25,2640.58,12,0
10/30/2018 12:17:24 ,13,1,1.37000,1,2.08000,2.49000,51.059326,3.708498,1,2232,1,11.800001,1,302.61,1,2.30,1,-111,5.25,2640.58,12,0
10/30/2018 12:17:26 ,13,1,1.37000,1,2.08000,2.49000,51.059322,3.708489,1,3010,1,12.000000,1,302.61,1,2.02,1,-111,5.25,2640.58,12,0
10/30/2018 12:17:28 ,14,1,1.37000,1,2.08000,2.49000,51.059333,3.708502,1,3032,1,13.200000,1,302.61,1,1.61,1,-111,5.25,2640.58,12,0
10/30/2018 12:17:30 ,13,1,2.01000,1,3.45000,3.99000,51.059318,3.708541,1,3120,1,13.600001,1,302.61,1,3.43,1,-111,5.25,2640.58,12,0
10/30/2018 12:17:30 ,13,1,2.01000,1,3.45000,3.99000,51.059318,3.708541,1,10122,1,13.600001,1,302.61,1,3.43,1,-88,-0.25,-729.81,7,1
10/30/2018 12:17:31 ,13,1,2.01000,1,3.45000,3.99000,51.059318,3.708537,1,10202,1,13.800001,1,302.61,1,2.43,1,-88,-0.25,-729.81,7,0
10/30/2018 12:17:32 ,13,1,2.01000,1,3.44000,3.99000,51.059318,3.708526,1,1332,1,14.100001,1,302.61,1,1.78,1,-96,6.50,-763.36,7,1
10/30/2018 12:17:33 ,12,1,2.01000,1,3.44000,3.99000,51.059329,3.708513,1,2442,1,14.400000,1,302.61,1,0.41,1,-96,6.50,-763.36,7,0
10/30/2018 12:17:33 ,12,1,2.01000,1,3.44000,3.99000,51.059329,3.708513,1,11040,1,14.400000,1,302.61,1,0.41,1,-95,5.75,-780.14,7,1
10/30/2018 12:17:35 ,12,1,2.01000,1,3.44000,3.99000,51.059356,3.708508,1,123,1,14.700000,1,302.61,1,1.50,1,-95,5.75,-780.14,7,0
10/30/2018 12:17:36 ,12,1,2.01000,1,3.44000,3.99000,51.059360,3.708500,1,1020,1,15.100001,1,302.61,1,1.56,1,-95,5.75,-780.14,7,0
10/30/2018 12:17:37 ,11,1,2.01000,1,3.44000,3.99000,51.059333,3.708456,1,2133,1,15.700000,1,302.61,1,3.44,1,-95,5.75,-780.14,7,0
10/30/2018 12:17:39 ,12,1,2.46000,1,3.97000,4.67000,51.059318,3.708448,1,2441,1,16.200000,1,302.61,1,3.09,1,-95,5.75,-780.14,7,0
10/30/2018 12:17:41 ,12,1,2.43000,1,3.48000,4.24000,51.059322,3.708402,1,3232,1,16.299999,1,302.61,1,3.93,1,-95,5.75,-780.14,7,0
10/30/2018 12:17:43 ,11,1,1.78000,1,3.28000,3.73000,51.059379,3.708427,1,3314,1,17.000000,1,302.61,1,1.69,1,-95,5.75,-780.14,7,0
10/30/2018 12:17:45 ,11,1,1.78000,1,3.28000,3.73000,51.059387,3.708503,1,3340,1,18.200000,1,302.61,1,4.35,1,-95,5.75,-780.14,7,0
10/30/2018 12:17:47 ,11,1,2.46000,1,3.96000,4.66000,51.059394,3.708516,1,3403,1,19.100000,1,302.61,1,2.32,1,-95,5.75,-780.14,7,0
10/30/2018 12:17:49 ,12,1,2.01000,1,3.43000,3.98000,51.059410,3.708523,1,3422,1,19.799999,1,302.61,1,1.22,1,-95,5.75,-780.14,7,0
10/30/2018 12:17:49 ,12,1,2.01000,1,3.43000,3.98000,51.059410,3.708523,1,4241,1,19.799999,1,302.61,1,1.22,1,-111,5.50,2571.37,12,1
10/30/2018 12:17:50 ,11,1,2.01000,1,3.43000,3.98000,51.059421,3.708514,1,4320,1,20.100000,1,302.61,1,1.56,1,-111,5.50,2571.37,12,0
10/30/2018 12:17:52 ,12,1,2.01000,1,3.43000,3.98000,51.059444,3.708490,1,4324,1,20.399999,1,302.61,1,3.32,1,-111,5.50,2571.37,12,0
10/30/2018 12:17:54 ,12,1,2.01000,1,3.43000,3.98000,51.059463,3.708472,1,4410,1,20.899999,1,302.61,1,4.17,1,-111,5.50,2571.37,12,0
10/30/2018 12:17:56 ,13,1,2.01000,1,3.43000,3.97000,51.059486,3.708477,1,4430,1,21.299999,1,302.61,1,4.61,1,-111,5.50,2571.37,12,0
10/30/2018 12:17:58 ,11,1,2.01000,1,3.42000,3.97000,51.059505,3.708481,1,10014,1,21.399999,1,302.61,1,4.57,1,-111,5.50,2571.37,12,0
10/30/2018 12:17:58 ,11,1,2.01000,1,3.42000,3.97000,51.059505,3.708481,1,11032,1,21.399999,1,302.61,1,4.57,1,-111,5.00,2543.06,12,1
10/30/2018 12:17:59 ,13,1,2.01000,1,3.42000,3.97000,51.059513,3.708478,1,11100,1,21.700000,1,302.61,1,4.26,1,-111,5.00,2543.06,12,0
10/30/2018 12:18:01 ,13,1,2.01000,1,3.42000,3.97000,51.059535,3.708444,1,11114,1,21.899999,1,302.61,1,4.63,1,-111,5.00,2543.06,12,0
10/30/2018 12:18:03 ,14,1,2.01000,1,3.42000,3.97000,51.059558,3.708440,1,11140,1,22.299999,1,302.61,1,4.98,1,-111,5.00,2543.06,12,0
10/30/2018 12:18:06 ,14,1,3.56000,1,3.01000,3.34000,51.059593,3.708427,1,244,1,22.399999,1,302.61,1,4.50,1,-111,5.00,2543.06,12,0
10/30/2018 12:18:06 ,13,1,1.46000,1,3.01000,3.34000,51.059593,3.708427,1,1420,1,22.500000,1,302.61,1,4.50,1,-93,3.00,-1283.46,7,1
10/30/2018 12:18:07 ,12,1,1.46000,1,3.01000,3.34000,51.059597,3.708417,1,3123,1,22.500000,1,302.61,1,3.67,1,-93,3.00,-1283.46,7,0
10/30/2018 12:18:08 ,12,1,1.46000,1,3.01000,3.34000,51.059608,3.708397,1,233,1,22.500000,1,302.61,1,3.72,1,-96,6.25,-880.80,7,1
10/30/2018 12:18:09 ,13,1,1.46000,1,3.00000,3.34000,51.059600,3.708416,1,2012,1,22.799999,1,302.61,1,2.28,1,-96,6.25,-880.80,7,0
10/30/2018 12:18:11 ,12,1,2.02000,1,3.41000,3.96000,51.059612,3.708398,1,3003,1,23.000000,1,302.61,1,2.46,1,-96,6.25,-880.80,7,0
10/30/2018 12:18:13 ,13,1,1.37000,1,2.07000,2.48000,51.059631,3.708384,1,3031,1,22.799999,1,302.61,1,3.00,1,-96,6.25,-880.80,7,0
10/30/2018 12:18:15 ,13,1,1.87000,1,2.20000,2.89000,51.059635,3.708371,1,3322,1,22.700000,1,302.61,1,1.83,1,-96,6.25,-880.80,7,0
10/30/2018 12:18:17 ,13,1,1.17000,1,2.11000,2.42000,51.059627,3.708370,1,1041,1,24.100000,1,302.61,1,1.72,1,-114,4.50,2483.29,12,1
10/30/2018 12:18:17 ,13,1,1.17000,1,2.11000,2.42000,51.059627,3.708370,1,1041,1,24.100000,1,302.61,1,1.72,1,-114,4.50,2483.29,12,0
10/30/2018 12:18:19 ,14,1,1.11000,1,2.07000,2.34000,51.059600,3.708396,1,2440,1,24.700000,1,302.61,1,0.07,1,-114,4.50,2483.29,12,0
10/30/2018 12:18:21 ,13,1,1.11000,1,2.07000,2.34000,51.059589,3.708426,1,3024,1,24.200000,1,302.61,1,0.98,1,-114,4.50,2483.29,12,0
10/30/2018 12:18:22 ,14,1,1.11000,1,2.07000,2.34000,51.059566,3.708452,1,3034,1,25.899999,1,302.61,1,2.57,1,-114,4.50,2483.29,12,0
10/30/2018 12:18:24 ,14,1,1.11000,1,2.07000,2.34000,51.059501,3.708482,1,3043,1,26.600000,1,199.08,1,3.82,1,-114,4.50,2483.29,12,0
10/30/2018 12:18:26 ,14,1,1.37000,1,2.07000,2.48000,51.059402,3.708470,1,2314,1,24.799999,1,170.99,1,2.06,1,-116,5.25,2434.01,12,1
10/30/2018 12:18:26 ,14,1,1.37000,1,2.07000,2.48000,51.059402,3.708470,1,2314,1,24.799999,1,170.99,1,2.06,1,-116,5.25,2434.01,12,0
10/30/2018 12:18:28 ,14,1,1.37000,1,2.07000,2.48000,51.059352,3.708486,1,3012,1,25.000000,1,133.82,1,3.59,1,-116,5.25,2434.01,12,0
10/30/2018 12:18:30 ,14,1,1.11000,1,2.06000,2.34000,51.059322,3.708538,1,3031,1,27.700000,1,125.23,1,7.20,1,-116,5.25,2434.01,12,0
10/30/2018 12:18:31 ,14,1,1.11000,1,2.06000,2.34000,51.059303,3.708556,1,3111,1,28.200000,1,125.29,1,7.95,1,-116,5.25,2434.01,12,0
10/30/2018 12:18:33 ,13,1,1.11000,1,2.06000,2.34000,51.059280,3.708585,1,3133,1,29.500000,1,122.02,1,5.80,1,-116,5.25,2434.01,12,0
10/30/2018 12:18:35 ,14,1,0.99000,1,1.55000,1.84000,51.059265,3.708618,1,3140,1,31.399999,1,117.62,1,5.52,1,-116,5.25,2434.01,12,0
10/30/2018 12:18:35 ,14,1,0.99000,1,1.55000,1.84000,51.059265,3.708618,1,4002,1,31.399999,1,117.62,1,5.52,1,-108,4.75,2417.23,12,1
10/30/2018 12:18:36 ,13,1,1.23000,1,1.60000,2.01000,51.059272,3.708636,1,4031,1,31.399999,1,110.60,1,4.43,1,-108,4.75,2417.23,12,0
10/30/2018 12:18:38 ,13,1,1.23000,1,1.60000,2.01000,51.059276,3.708664,1,4142,1,30.600000,1,99.84,1,3.15,1,-108,4.75,2417.23,12,0
10/30/2018 12:18:39 ,14,1,1.23000,1,1.60000,2.01000,51.059284,3.708677,1,111,1,30.600000,1,99.84,1,2.69,1,-82,6.50,-981.47,7,1
10/30/2018 12:18:40 ,14,1,0.99000,1,1.55000,1.84000,51.059280,3.708698,1,1434,1,30.299999,1,99.84,1,3.04,1,-82,6.50,-981.47,7,0
10/30/2018 12:18:40 ,14,1,0.99000,1,1.55000,1.84000,51.059280,3.708698,1,4311,1,30.299999,1,99.84,1,3.04,1,-87,6.50,-981.47,7,1
10/30/2018 12:18:41 ,14,1,1.23000,1,1.60000,2.01000,51.059280,3.708715,1,4311,1,29.799999,1,91.78,1,3.13,1,-87,6.50,-981.47,7,0
10/30/2018 12:18:42 ,14,1,1.23000,1,1.60000,2.01000,51.059276,3.708733,1,442,1,28.700000,1,91.85,1,3.20,1,-86,6.00,-981.47,7,1
10/30/2018 12:18:43 ,14,1,1.23000,1,1.60000,2.01000,51.059280,3.708748,1,3042,1,27.799999,1,91.85,1,2.80,1,-86,6.00,-981.47,7,0
10/30/2018 12:18:45 ,14,1,0.99000,1,1.55000,1.84000,51.059303,3.708751,1,3112,1,26.000000,1,91.85,1,1.89,1,-86,6.00,-981.47,7,0
10/30/2018 12:18:47 ,14,1,1.07000,1,1.56000,1.90000,51.059333,3.708751,1,3142,1,25.100000,1,91.85,1,1.33,1,-86,6.00,-981.47,7,0
10/30/2018 12:18:49 ,14,1,0.99000,1,1.55000,1.84000,51.059360,3.708754,1,3423,1,22.200000,1,91.85,1,1.74,1,-86,6.00,-981.47,7,0
10/30/2018 12:18:51 ,14,1,0.99000,1,1.55000,1.84000,51.059375,3.708765,1,4001,1,20.600000,1,91.85,1,0.19,1,-86,6.00,-981.47,7,0
10/30/2018 12:18:53 ,14,1,1.77000,1,1.74000,2.48000,51.059383,3.708767,1,4020,1,20.200000,1,169.42,1,1.33,1,-86,6.00,-981.47,7,0
10/30/2018 12:18:54 ,14,1,1.77000,1,1.74000,2.48000,51.059387,3.708769,1,23,1,20.200000,1,169.42,1,1.41,1,-97,5.00,2383.68,12,1
10/30/2018 12:18:55 ,14,1,1.07000,1,1.74000,2.48000,51.059391,3.708770,1,212,1,18.700000,1,169.42,1,0.76,1,-97,5.00,2383.68,12,0
10/30/2018 12:18:56 ,13,1,1.11000,1,2.06000,2.34000,51.059398,3.708765,1,1434,1,17.799999,1,169.42,1,1.15,1,-97,5.00,2383.68,12,0
10/30/2018 12:18:58 ,13,1,1.11000,1,2.06000,2.34000,51.059410,3.708756,1,3004,1,16.500000,1,169.42,1,0.91,1,-97,5.00,2383.68,12,0
10/30/2018 12:19:00 ,14,1,1.11000,1,2.06000,2.34000,51.059417,3.708757,1,3021,1,15.600001,1,169.42,1,0.02,1,-97,5.00,2383.68,12,0
10/30/2018 12:19:02 ,14,1,0.99000,1,1.55000,1.84000,51.059413,3.708766,1,3032,1,15.300001,1,152.46,1,1.50,1,-97,5.00,2383.68,12,0
10/30/2018 12:19:03 ,14,1,0.99000,1,1.55000,1.84000,51.059413,3.708767,1,324,1,15.100001,1,152.46,1,0.80,1,-92,4.75,2370.57,12,1
10/30/2018 12:19:04 ,14,1,1.17000,1,2.71000,2.96000,51.059413,3.708773,1,2004,1,14.800001,1,152.46,1,0.70,1,-92,4.75,2370.57,12,0
10/30/2018 12:19:06 ,13,1,1.11000,1,2.06000,2.34000,51.059421,3.708766,1,3021,1,13.400000,1,152.46,1,0.24,1,-92,4.75,2370.57,12,0
10/30/2018 12:19:08 ,13,1,1.11000,1,2.06000,2.34000,51.059429,3.708772,1,3040,1,11.600001,1,152.46,1,0.22,1,-92,4.75,2370.57,12,0
10/30/2018 12:19:10 ,13,1,1.12000,1,2.41000,2.65000,51.059432,3.708785,1,3114,1,10.700000,1,152.46,1,0.46,1,-92,4.75,2370.57,12,0
10/30/2018 12:19:12 ,13,1,1.11000,1,2.06000,2.34000,51.059436,3.708790,1,2120,1,9.600001,1,152.46,1,0.07,1,-96,5.00,2391.54,12,1
10/30/2018 12:19:12 ,13,1,1.11000,1,2.06000,2.34000,51.059436,3.708790,1,2120,1,9.600001,1,152.46,1,0.07,1,-96,5.00,2391.54,12,0
10/30/2018 12:19:14 ,13,1,1.11000,1,2.06000,2.34000,51.059444,3.708790,1,3311,1,8.200000,1,152.46,1,0.17,1,-96,5.00,2391.54,12,0
10/30/2018 12:19:14 ,13,1,1.11000,1,2.06000,2.34000,51.059444,3.708790,1,11031,1,8.200000,1,152.46,1,0.17,1,-72,6.25,-1015.02,7,1
10/30/2018 12:19:15 ,13,1,1.11000,1,2.06000,2.34000,51.059444,3.708785,1,11103,1,7.400000,1,152.46,1,0.50,1,-72,6.25,-1015.02,7,0
10/30/2018 12:19:16 ,13,1,1.11000,1,2.06000,2.34000,51.059448,3.708791,1,2301,1,6.700000,1,152.46,1,0.81,1,-69,6.00,-1015.02,7,1
10/30/2018 12:19:17 ,13,1,1.11000,1,2.06000,2.34000,51.059448,3.708791,1,3031,1,5.900000,1,152.46,1,0.28,1,-69,6.00,-1015.02,7,0
10/30/2018 12:19:18 ,13,1,1.11000,1,2.06000,2.34000,51.059452,3.708787,1,3324,1,5.100000,1,152.46,1,0.37,1,-69,6.00,-1015.02,7,0
10/30/2018 12:19:20 ,13,1,1.20000,1,2.09000,2.41000,51.059452,3.708785,1,3402,1,3.300000,1,152.46,1,0.41,1,-69,6.00,-1015.02,7,0
10/30/2018 12:19:22 ,13,1,1.11000,1,2.06000,2.33000,51.059455,3.708784,1,3421,1,2.000000,1,152.46,1,0.46,1,-69,6.00,-1015.02,7,0
10/30/2018 12:19:24 ,13,1,1.12000,1,2.41000,2.65000,51.059455,3.708796,1,4221,1,0.500000,1,152.46,1,0.50,1,-69,6.00,-1015.02,7,0
10/30/2018 12:19:26 ,13,1,1.11000,1,2.05000,2.33000,51.059455,3.708819,1,4241,1,-0.300000,1,152.46,1,0.76,1,-69,6.00,-1015.02,7,0
10/30/2018 12:19:28 ,13,1,1.11000,1,2.05000,2.33000,51.059455,3.708836,1,4320,1,-1.300000,1,152.46,1,0.61,1,-69,6.00,-1015.02,7,0
10/30/2018 12:19:30 ,13,1,1.12000,1,2.41000,2.65000,51.059455,3.708848,1,4344,1,-2.400000,1,152.46,1,0.65,1,-69,6.00,-1015.02,7,0
10/30/2018 12:19:30 ,13,1,1.12000,1,2.41000,2.65000,51.059455,3.708848,1,10141,1,-2.400000,1,152.46,1,0.65,1,-97,5.00,2399.40,12,1
10/30/2018 12:19:31 ,13,1,1.12000,1,2.41000,2.65000,51.059455,3.708853,1,10220,1,-2.800000,1,152.46,1,0.20,1,-97,5.00,2399.40,12,0
10/30/2018 12:19:33 ,13,1,1.12000,1,2.41000,2.65000,51.059459,3.708854,1,10224,1,-3.800000,1,152.46,1,0.30,1,-97,5.00,2399.40,12,0
10/30/2018 12:19:35 ,13,1,1.11000,1,2.05000,2.33000,51.059459,3.708865,1,10301,1,-5.200000,1,152.46,1,0.28,1,-97,5.00,2399.40,12,0
10/30/2018 12:19:37 ,13,1,1.11000,1,2.05000,2.33000,51.059463,3.708885,1,10324,1,-5.600000,1,152.46,1,0.26,1,-97,5.00,2399.40,12,0
10/30/2018 12:19:39 ,13,1,1.37000,1,2.06000,2.47000,51.059467,3.708895,1,10400,1,-6.400000,1,152.46,1,0.17,1,-97,5.00,2399.40,12,0
10/30/2018 12:19:39 ,13,1,1.37000,1,2.06000,2.47000,51.059467,3.708895,1,11411,1,-6.400000,1,152.46,1,0.17,1,-95,5.00,2404.65,12,1
10/30/2018 12:19:41 ,13,1,1.17000,1,2.06000,2.47000,51.059467,3.708910,1,42,1,-7.100000,1,152.46,1,0.35,1,-95,5.00,2404.65,12,0
10/30/2018 12:19:42 ,13,1,1.37000,1,2.06000,2.47000,51.059467,3.708913,1,1312,1,-7.600000,1,152.46,1,0.35,1,-95,5.00,2404.65,12,0
10/30/2018 12:19:43 ,13,1,1.37000,1,2.05000,2.47000,51.059467,3.708916,1,2422,1,-8.000000,1,152.46,1,0.28,1,-95,5.00,2404.65,12,0
10/30/2018 12:19:45 ,13,1,1.37000,1,2.05000,2.47000,51.059467,3.708922,1,3013,1,-8.700000,1,152.46,1,0.46,1,-95,5.00,2404.65,12,0
10/30/2018 12:19:47 ,13,1,1.85000,1,2.19000,2.87000,51.059467,3.708925,1,3043,1,-8.800001,1,152.46,1,0.28,1,-95,5.00,2404.65,12,0
10/30/2018 12:19:49 ,13,1,1.37000,1,2.05000,2.47000,51.059463,3.708927,1,301,1,-9.100001,1,152.46,1,0.81,1,-59,-6.00,-1015.02,7,1
10/30/2018 12:19:49 ,13,1,1.37000,1,2.05000,2.47000,51.059463,3.708927,1,301,1,-9.100001,1,152.46,1,0.81,1,-59,-6.00,-1015.02,7,0
10/30/2018 12:19:50 ,14,1,1.37000,1,2.05000,2.47000,51.059463,3.708922,1,2200,1,-9.400000,1,152.46,1,0.41,1,-59,-6.00,-1015.02,7,0
10/30/2018 12:19:50 ,14,1,1.37000,1,2.05000,2.47000,51.059463,3.708922,1,4012,1,-9.400000,1,152.46,1,0.41,1,-73,6.50,-1015.02,7,1
10/30/2018 12:19:51 ,14,1,0.99000,1,1.54000,1.83000,51.059467,3.708908,1,4033,1,-8.400000,1,152.46,1,0.35,1,-73,6.50,-1015.02,7,0
10/30/2018 12:19:52 ,13,1,1.20000,1,2.08000,2.40000,51.059471,3.708898,1,4340,1,-8.500000,1,152.46,1,0.59,1,-73,6.50,-1015.02,7,0
10/30/2018 12:19:54 ,14,1,1.37000,1,2.05000,2.47000,51.059474,3.708893,1,4421,1,-8.100001,1,152.46,1,0.57,1,-73,6.50,-1015.02,7,0
10/30/2018 12:19:56 ,14,1,1.20000,1,2.08000,2.40000,51.059478,3.708879,1,4434,1,-7.700000,1,152.46,1,0.28,1,-73,6.50,-1015.02,7,0
10/30/2018 12:19:58 ,14,1,1.22000,1,1.58000,2.00000,51.059482,3.708865,1,1432,1,-7.200000,1,152.46,1,0.30,1,-93,4.75,2407.27,12,1
10/30/2018 12:19:58 ,14,1,1.22000,1,1.58000,2.00000,51.059482,3.708865,1,1432,1,-7.200000,1,152.46,1,0.30,1,-93,4.75,2407.27,12,0
10/30/2018 12:20:00 ,14,1,0.99000,1,1.54000,1.83000,51.059486,3.708856,1,3021,1,-6.100000,1,152.46,1,0.11,1,-93,4.75,2407.27,12,0
10/30/2018 12:20:02 ,14,1,0.99000,1,1.53000,1.83000,51.059490,3.708851,1,3042,1,-6.800000,1,152.46,1,0.39,1,-93,4.75,2407.27,12,0
10/30/2018 12:20:03 ,14,1,0.99000,1,1.53000,1.83000,51.059486,3.708849,1,3224,1,-7.300000,1,152.46,1,0.28,1,-93,4.75,2407.27,12,0
10/30/2018 12:20:05 ,14,1,0.99000,1,1.53000,1.83000,51.059490,3.708842,1,3241,1,-7.800000,1,152.46,1,0.13,1,-93,4.75,2407.27,12,0
10/30/2018 12:20:07 ,14,1,0.99000,1,1.53000,1.83000,51.059490,3.708837,1,3201,1,-8.100001,1,152.46,1,0.15,1,-93,5.00,2406.22,12,1
10/30/2018 12:20:07 ,14,1,0.99000,1,1.53000,1.83000,51.059490,3.708837,1,3201,1,-8.100001,1,152.46,1,0.15,1,-93,5.00,2406.22,12,0
10/30/2018 12:20:09 ,14,1,1.03000,1,1.54000,1.85000,51.059490,3.708840,1,3304,1,-8.100001,1,152.46,1,0.06,1,-93,5.00,2406.22,12,0
10/30/2018 12:20:11 ,14,1,1.03000,1,1.54000,1.85000,51.059494,3.708843,1,3332,1,-7.700000,1,152.46,1,0.46,1,-93,5.00,2406.22,12,0
10/30/2018 12:20:13 ,14,1,0.99000,1,1.53000,1.83000,51.059494,3.708853,1,3333,1,-7.700000,1,152.46,1,0.85,1,-93,5.00,2406.22,12,0
10/30/2018 12:20:15 ,14,1,1.11000,1,2.04000,2.33000,51.059497,3.708857,1,3423,1,-8.000000,1,152.46,1,0.35,1,-93,5.00,2406.22,12,0
10/30/2018 12:20:16 ,14,1,1.03000,1,1.54000,1.85000,51.059501,3.708856,1,4434,1,-8.000000,1,152.46,1,0.13,1,-93,4.25,2402.55,12,1
10/30/2018 12:20:16 ,14,1,1.03000,1,1.54000,1.85000,51.059501,3.708856,1,4434,1,-8.000000,1,152.46,1,0.13,1,-93,4.25,2402.55,12,0
10/30/2018 12:20:18 ,14,1,1.03000,1,1.54000,1.85000,51.059505,3.708853,1,10034,1,-7.800000,1,152.46,1,0.15,1,-93,4.25,2402.55,12,0
10/30/2018 12:20:19 ,14,1,1.08000,1,1.86000,2.15000,51.059509,3.708851,1,10041,1,-7.400000,1,152.46,1,0.28,1,-93,4.25,2402.55,12,0
10/30/2018 12:20:21 ,14,1,1.03000,1,1.54000,1.85000,51.059513,3.708848,1,10140,1,-7.200000,1,152.46,1,0.13,1,-93,4.25,2402.55,12,0
10/30/2018 12:20:22 ,14,1,1.03000,1,1.54000,1.85000,51.059516,3.708847,1,10201,1,-7.200000,1,152.46,1,0.13,1,-93,4.25,2402.55,12,0
10/30/2018 12:20:23 ,14,1,1.03000,1,1.54000,1.85000,51.059516,3.708845,1,1024,1,-7.100000,1,152.46,1,0.20,1,-74,6.25,-1031.80,7,1
10/30/2018 12:20:24 ,14,1,1.03000,1,1.54000,1.85000,51.059520,3.708841,1,2310,1,-7.000000,1,152.46,1,0.26,1,-74,6.25,-1031.80,7,0
10/30/2018 12:20:24 ,14,1,1.03000,1,1.54000,1.85000,51.059520,3.708841,1,10233,1,-7.000000,1,152.46,1,0.26,1,-74,6.00,-1015.02,7,1
10/30/2018 12:20:25 ,14,1,1.03000,1,1.54000,1.85000,51.059520,3.708837,1,10244,1,-6.700000,1,152.46,1,0.26,1,-74,6.00,-1015.02,7,0
10/30/2018 12:20:26 ,14,1,1.03000,1,1.54000,1.85000,51.059520,3.708833,1,1443,1,-6.400000,1,152.46,1,0.19,1,-72,6.25,-1015.02,7,1
10/30/2018 12:20:27 ,14,1,1.03000,1,1.54000,1.85000,51.059524,3.708830,1,3224,1,-6.100000,1,152.46,1,0.19,1,-72,6.25,-1015.02,7,0
10/30/2018 12:20:29 ,14,1,1.22000,1,1.57000,1.99000,51.059532,3.708820,1,3320,1,-6.300000,1,152.46,1,1.19,1,-72,6.25,-1015.02,7,0
10/30/2018 12:20:31 ,14,1,1.22000,1,1.57000,1.99000,51.059535,3.708816,1,3330,1,-3.800000,1,152.46,1,0.31,1,-72,6.25,-1015.02,7,0
10/30/2018 12:20:33 ,14,1,1.03000,1,1.54000,1.85000,51.059543,3.708810,1,4132,1,-3.400000,1,152.46,1,0.61,1,-72,6.25,-1015.02,7,0
10/30/2018 12:20:35 ,13,1,1.03000,1,1.54000,1.85000,51.059547,3.708803,1,3,1,-2.900000,1,152.46,1,0.61,1,-99,5.25,2395.21,12,1
10/30/2018 12:20:35 ,13,1,1.03000,1,1.54000,1.85000,51.059547,3.708803,1,3,1,-2.900000,1,152.46,1,0.61,1,-99,5.25,2395.21,12,0
10/30/2018 12:20:36 ,14,1,0.99000,1,1.53000,1.82000,51.059551,3.708797,1,2220,1,-2.500000,1,152.46,1,0.67,1,-99,5.25,2395.21,12,0
10/30/2018 12:20:38 ,14,1,0.99000,1,1.53000,1.82000,51.059547,3.708798,1,3010,1,-1.900000,1,152.46,1,0.24,1,-99,5.25,2395.21,12,0
10/30/2018 12:20:40 ,13,1,1.03000,1,1.53000,1.85000,51.059543,3.708812,1,3104,1,-2.400000,1,152.46,1,2.80,1,-99,5.25,2395.21,12,0
10/30/2018 12:20:42 ,14,1,1.03000,1,1.53000,1.85000,51.059551,3.708831,1,3102,1,-2.000000,1,50.64,1,4.74,1,-99,5.25,2395.21,12,0
10/30/2018 12:20:44 ,14,1,1.26000,1,1.57000,2.02000,51.059562,3.708828,1,1211,1,-0.500000,1,47.27,1,3.67,1,-96,5.00,2390.49,12,1
10/30/2018 12:20:44 ,14,1,1.26000,1,1.57000,2.02000,51.059562,3.708828,1,1211,1,-0.500000,1,47.27,1,3.67,1,-96,5.00,2390.49,12,0
10/30/2018 12:20:46 ,14,1,1.26000,1,1.57000,2.02000,51.059574,3.708835,1,3040,1,-0.600000,1,42.07,1,4.33,1,-96,5.00,2390.49,12,0
10/30/2018 12:20:48 ,14,1,1.22000,1,1.57000,1.99000,51.059593,3.708847,1,3111,1,-0.700000,1,40.91,1,5.28,1,-96,5.00,2390.49,12,0
10/30/2018 12:20:50 ,14,1,0.99000,1,1.53000,1.82000,51.059616,3.708859,1,3123,1,0.300000,1,38.40,1,5.39,1,-96,5.00,2390.49,12,0
10/30/2018 12:20:52 ,14,1,0.99000,1,1.52000,1.82000,51.059635,3.708875,1,3201,1,2.100000,1,38.46,1,4.63,1,-96,5.00,2390.49,12,0
10/30/2018 12:20:53 ,14,1,1.22000,1,1.57000,1.99000,51.059638,3.708882,1,3002,1,2.700000,1,38.22,1,4.76,1,-106,5.00,2399.93,12,1
10/30/2018 12:20:54 ,14,1,1.22000,1,1.57000,1.99000,51.059642,3.708891,1,3032,1,3.800000,1,39.51,1,2.94,1,-106,5.00,2399.93,12,0
10/30/2018 12:20:56 ,14,1,0.99000,1,1.52000,1.82000,51.059654,3.708914,1,3100,1,4.800000,1,62.46,1,5.56,1,-106,5.00,2399.93,12,0
10/30/2018 12:20:58 ,14,1,0.99000,1,1.52000,1.82000,51.059661,3.708948,1,3340,1,6.100000,1,73.11,1,5.30,1,-106,5.00,2399.93,12,0
10/30/2018 12:20:58 ,14,1,0.99000,1,1.52000,1.82000,51.059661,3.708948,1,11442,1,6.100000,1,73.11,1,5.30,1,-79,5.75,-1031.80,7,1
10/30/2018 12:21:00 ,14,1,0.99000,1,1.52000,1.82000,51.059680,3.708982,1,111,1,6.300000,1,63.64,1,5.19,1,-79,5.75,-1031.80,7,0
10/30/2018 12:21:00 ,14,1,0.99000,1,1.52000,1.82000,51.059680,3.708982,1,3143,1,6.300000,1,63.64,1,5.19,1,-90,5.75,-1015.02,7,1
10/30/2018 12:21:01 ,14,1,0.99000,1,1.52000,1.82000,51.059692,3.708995,1,3214,1,6.500000,1,53.46,1,5.85,1,-90,5.75,-1015.02,7,0
10/30/2018 12:21:02 ,14,1,0.99000,1,1.52000,1.82000,51.059696,3.709012,1,4004,1,7.500000,1,55.49,1,4.94,1,-90,5.75,-1015.02,7,0
10/30/2018 12:21:04 ,14,1,0.99000,1,1.52000,1.82000,51.059707,3.709036,1,4043,1,9.200000,1,54.00,1,3.85,1,-90,5.75,-1015.02,7,0
10/30/2018 12:21:06 ,14,1,0.99000,1,1.52000,1.82000,51.059715,3.709049,1,4111,1,10.300001,1,43.67,1,2.15,1,-90,5.75,-1015.02,7,0
10/30/2018 12:21:08 ,14,1,0.99000,1,1.52000,1.82000,51.059730,3.709056,1,4412,1,11.400000,1,9.91,1,4.11,1,-90,5.75,-1015.02,7,0
10/30/2018 12:21:10 ,14,1,0.99000,1,1.52000,1.82000,51.059741,3.709051,1,4433,1,12.800001,1,355.83,1,3.63,1,-90,5.75,-1015.02,7,0
10/30/2018 12:21:11 ,14,1,0.99000,1,1.52000,1.82000,51.059745,3.709048,1,11002,1,13.200000,1,350.84,1,2.72,1,-108,5.00,2417.75,12,1
10/30/2018 12:21:11 ,14,1,0.99000,1,1.52000,1.82000,51.059745,3.709048,1,11002,1,13.200000,1,350.84,1,2.72,1,-108,5.00,2417.75,12,0
10/30/2018 12:21:13 ,14,1,1.46000,1,2.08000,2.54000,51.059745,3.709052,1,11100,1,14.000000,1,38.97,1,2.15,1,-108,5.00,2417.75,12,0
10/30/2018 12:21:15 ,14,1,1.46000,1,2.08000,2.54000,51.059730,3.709063,1,11133,1,15.100001,1,148.30,1,4.46,1,-108,5.00,2417.75,12,0
10/30/2018 12:21:17 ,14,1,0.99000,1,1.52000,1.82000,51.059715,3.709063,1,11144,1,14.300001,1,172.66,1,3.44,1,-108,5.00,2417.75,12,0
10/30/2018 12:21:19 ,14,1,1.11000,1,2.03000,2.31000,51.059692,3.709051,1,3,1,14.500000,1,197.91,1,5.70,1,-108,5.00,2417.75,12,0
10/30/2018 12:21:20 ,14,1,0.99000,1,2.03000,2.31000,51.059684,3.709038,1,143,1,14.800001,1,206.13,1,5.83,1,-108,5.00,2417.75,12,0
10/30/2018 12:21:21 ,14,1,0.99000,1,1.52000,1.82000,51.059669,3.709023,1,230,1,14.800001,1,212.78,1,6.43,1,-104,4.25,2457.08,12,1
10/30/2018 12:21:22 ,13,1,1.47000,1,2.88000,3.23000,51.059661,3.709012,1,423,1,15.900000,1,214.63,1,5.56,1,-104,4.25,2457.08,12,0
10/30/2018 12:21:23 ,14,1,1.46000,1,2.08000,2.54000,51.059654,3.708993,1,2024,1,16.399999,1,228.07,1,6.65,1,-104,4.25,2457.08,12,0
10/30/2018 12:21:24 ,14,1,1.11000,1,2.03000,2.31000,51.059646,3.708973,1,3001,1,16.500000,1,232.64,1,5.93,1,-104,4.25,2457.08,12,0
10/30/2018 12:21:25 ,14,1,1.46000,1,2.08000,2.54000,51.059642,3.708950,1,3034,1,16.700000,1,239.95,1,6.22,1,-104,4.25,2457.08,12,0
10/30/2018 12:21:27 ,14,1,0.99000,1,1.52000,1.81000,51.059642,3.708915,1,3103,1,15.400000,1,236.00,1,5.67,1,-104,4.25,2457.08,12,0
10/30/2018 12:21:29 ,14,1,0.99000,1,1.52000,1.81000,51.059642,3.708871,1,3130,1,14.200000,1,240.41,1,6.61,1,-104,4.25,2457.08,12,0
10/30/2018 12:21:30 ,14,1,0.99000,1,1.52000,1.81000,51.059638,3.708854,1,1012,1,13.700000,1,238.84,1,5.24,1,-102,5.00,2537.29,12,1
10/30/2018 12:21:31 ,14,1,0.99000,1,1.52000,1.81000,51.059631,3.708844,1,2310,1,13.000000,1,226.30,1,5.69,1,-102,5.00,2537.29,12,0
10/30/2018 12:21:33 ,14,1,0.99000,1,1.52000,1.81000,51.059627,3.708815,1,202,1,11.900000,1,225.13,1,5.41,1,-76,6.00,-847.25,7,1
10/30/2018 12:21:33 ,14,1,0.99000,1,1.52000,1.81000,51.059627,3.708815,1,202,1,11.900000,1,225.13,1,5.41,1,-76,6.00,-847.25,7,0
10/30/2018 12:21:34 ,14,1,0.99000,1,1.52000,1.81000,51.059619,3.708800,1,4404,1,11.100001,1,225.58,1,5.28,1,-78,6.25,-847.25,7,1
10/30/2018 12:21:34 ,14,1,0.99000,1,1.52000,1.81000,51.059619,3.708800,1,4404,1,11.100001,1,225.58,1,5.28,1,-78,6.25,-847.25,7,0
10/30/2018 12:21:36 ,14,1,0.99000,1,1.52000,1.81000,51.059612,3.708773,1,10231,1,10.000000,1,228.35,1,5.15,1,-78,6.25,-847.25,7,0
10/30/2018 12:21:38 ,13,1,1.11000,1,2.03000,2.31000,51.059600,3.708753,1,10311,1,8.800001,1,220.44,1,4.52,1,-78,6.25,-847.25,7,0
10/30/2018 12:21:40 ,14,1,1.08000,1,1.51000,1.86000,51.059589,3.708737,1,10333,1,8.200000,1,215.67,1,4.28,1,-78,6.25,-847.25,7,0
10/30/2018 12:21:42 ,13,1,2.11000,1,1.94000,2.86000,51.059577,3.708720,1,11133,1,7.600000,1,214.90,1,4.20,1,-78,6.25,-847.25,7,0
10/30/2018 12:21:43 ,13,1,2.09000,1,1.74000,2.72000,51.059570,3.708711,1,11201,1,7.600000,1,216.80,1,4.43,1,-78,6.25,-847.25,7,0
10/30/2018 12:21:45 ,13,1,2.09000,1,1.94000,2.86000,51.059555,3.708695,1,312,1,7.600000,1,217.43,1,4.76,1,-78,6.25,-847.25,7,0
10/30/2018 12:21:46 ,14,1,1.22000,1,1.56000,1.98000,51.059543,3.708694,1,1032,1,6.500000,1,218.81,1,4.44,1,-78,6.25,-847.25,7,0
10/30/2018 12:21:47 ,14,1,1.22000,1,1.56000,1.98000,51.059532,3.708694,1,2144,1,5.900000,1,219.99,1,3.39,1,-78,6.25,-847.25,7,0
10/30/2018 12:21:48 ,14,1,1.07000,1,1.53000,1.87000,51.059524,3.708701,1,4102,1,5.600000,1,219.99,1,3.11,1,-96,4.75,2642.15,12,1
10/30/2018 12:21:48 ,14,1,1.07000,1,1.53000,1.87000,51.059524,3.708701,1,4102,1,5.600000,1,219.99,1,3.11,1,-96,4.75,2642.15,12,0
10/30/2018 12:21:50 ,14,1,1.07000,1,1.53000,1.87000,51.059520,3.708699,1,4211,1,4.500000,1,219.99,1,1.94,1,-96,4.75,2642.15,12,0
10/30/2018 12:21:51 ,13,1,1.10000,1,1.79000,2.10000,51.059516,3.708703,1,4234,1,4.600000,1,219.99,1,2.28,1,-96,4.75,2642.15,12,0
10/30/2018 12:21:53 ,14,1,1.02000,1,1.79000,2.06000,51.059520,3.708669,1,4214,1,4.600000,1,257.29,1,2.85,1,-96,4.75,2642.15,12,0
10/30/2018 12:21:55 ,14,1,1.10000,1,1.79000,2.10000,51.059520,3.708683,1,4312,1,5.300000,1,257.29,1,0.22,1,-96,4.75,2642.15,12,0
10/30/2018 12:21:57 ,14,1,0.99000,1,1.51000,1.81000,51.059532,3.708696,1,4403,1,5.400000,1,257.29,1,1.02,1,-96,4.75,2642.15,12,0
10/30/2018 12:21:57 ,14,1,0.99000,1,1.51000,1.81000,51.059532,3.708696,1,10332,1,5.400000,1,257.29,1,1.02,1,-98,5.00,2672.03,12,1
10/30/2018 12:21:58 ,14,1,1.07000,1,1.53000,1.87000,51.059532,3.708698,1,10412,1,5.600000,1,257.29,1,0.70,1,-98,5.00,2672.03,12,0
10/30/2018 12:22:00 ,14,1,1.22000,1,1.55000,1.97000,51.059535,3.708687,1,10442,1,5.600000,1,257.29,1,1.44,1,-98,5.00,2672.03,12,0
10/30/2018 12:22:02 ,14,1,1.76000,1,1.70000,2.44000,51.059539,3.708703,1,11012,1,5.900000,1,257.29,1,0.72,1,-98,5.00,2672.03,12,0
10/30/2018 12:22:04 ,14,1,1.11000,1,2.02000,2.31000,51.059539,3.708731,1,11042,1,6.000000,1,257.29,1,0.24,1,-98,5.00,2672.03,12,0
10/30/2018 12:22:06 ,14,1,1.07000,1,1.53000,1.87000,51.059535,3.708749,1,11101,1,6.300000,1,257.29,1,0.04,1,-98,5.00,2672.03,12,0
10/30/2018 12:22:06 ,14,1,1.07000,1,1.53000,1.91000,51.059535,3.708749,1,20002,1,6.300000,1,257.29,1,0.04,1,-65,6.25,-763.36,7,1
10/30/2018 12:22:08 ,14,1,1.14000,1,1.53000,1.91000,51.059543,3.708760,1,3031,1,6.400000,1,257.29,1,0.19,1,-65,6.25,-763.36,7,0
10/30/2018 12:22:08 ,14,1,1.14000,1,1.53000,1.91000,51.059543,3.708760,1,11221,1,6.400000,1,257.29,1,0.19,1,-78,6.00,-763.36,7,1
10/30/2018 12:22:09 ,14,1,1.14000,1,1.53000,1.91000,51.059547,3.708761,1,11412,1,6.500000,1,257.29,1,0.09,1,-78,6.00,-763.36,7,0
10/30/2018 12:22:11 ,14,1,1.07000,1,1.52000,1.86000,51.059555,3.708773,1,1122,1,7.200000,1,257.29,1,0.98,1,-78,6.00,-763.36,7,0
10/30/2018 12:22:13 ,14,1,1.11000,1,2.02000,2.30000,51.059555,3.708803,1,3000,1,7.400000,1,257.29,1,1.19,1,-78,6.00,-763.36,7,0
10/30/2018 12:22:15 ,14,1,1.11000,1,2.02000,2.30000,51.059551,3.708813,1,3023,1,6.900000,1,257.29,1,0.57,1,-78,6.00,-763.36,7,0
10/30/2018 12:22:17 ,14,1,0.99000,1,1.51000,1.81000,51.059543,3.708813,1,3311,1,6.400000,1,257.29,1,0.09,1,-78,6.00,-763.36,7,0
10/30/2018 12:22:19 ,14,1,1.10000,1,1.76000,2.08000,51.059532,3.708820,1,3324,1,5.900000,1,257.29,1,0.07,1,-78,6.00,-763.36,7,0
10/30/2018 12:22:21 ,14,1,0.99000,1,1.51000,1.80000,51.059524,3.708843,1,3411,1,5.400000,1,257.29,1,0.07,1,-78,6.00,-763.36,7,0
10/30/2018 12:22:23 ,14,1,0.99000,1,1.51000,1.80000,51.059520,3.708868,1,3434,1,5.300000,1,257.29,1,0.04,1,-78,6.00,-763.36,7,0
10/30/2018 12:22:25 ,14,1,1.14000,1,1.53000,1.90000,51.059516,3.708880,1,2141,1,4.200000,1,257.29,1,0.17,1,-89,5.75,2666.79,12,1
10/30/2018 12:22:25 ,14,1,1.14000,1,1.53000,1.90000,51.059516,3.708880,1,2141,1,4.200000,1,257.29,1,0.17,1,-89,5.75,2666.79,12,0
10/30/2018 12:22:27 ,14,1,1.07000,1,1.52000,1.86000,51.059516,3.708888,1,3042,1,3.600000,1,257.29,1,0.20,1,-89,5.75,2666.79,12,0
10/30/2018 12:22:29 ,14,1,0.99000,1,1.50000,1.80000,51.059516,3.708893,1,3113,1,3.300000,1,257.29,1,1.07,1,-89,5.75,2666.79,12,0
10/30/2018 12:22:31 ,14,1,1.07000,1,1.52000,1.86000,51.059513,3.708894,1,3142,1,2.800000,1,257.29,1,0.67,1,-89,5.75,2666.79,12,0
10/30/2018 12:22:33 ,14,1,1.08000,1,1.85000,2.14000,51.059513,3.708920,1,3213,1,2.900000,1,257.29,1,0.87,1,-89,5.75,2666.79,12,0
10/30/2018 12:22:34 ,14,1,0.99000,1,1.50000,1.80000,51.059509,3.708926,1,3421,1,3.100000,1,257.29,1,1.22,1,-93,4.25,2652.11,12,1
10/30/2018 12:22:34 ,14,1,0.99000,1,1.50000,1.80000,51.059509,3.708926,1,3421,1,3.100000,1,257.29,1,1.22,1,-93,4.25,2652.11,12,0
10/30/2018 12:22:36 ,14,1,0.99000,1,1.50000,1.80000,51.059513,3.708937,1,4012,1,4.200000,1,257.29,1,1.24,1,-93,4.25,2652.11,12,0
10/30/2018 12:22:38 ,14,1,0.99000,1,1.50000,1.80000,51.059513,3.708937,1,4034,1,4.000000,1,257.29,1,0.11,1,-93,4.25,2652.11,12,0
10/30/2018 12:22:40 ,14,1,1.02000,1,1.78000,2.05000,51.059513,3.708931,1,4103,1,3.900000,1,257.29,1,0.06,1,-93,4.25,2652.11,12,0
10/30/2018 12:22:41 ,14,1,0.99000,1,1.50000,1.80000,51.059513,3.708926,1,3211,1,3.800000,1,257.29,1,0.07,1,-69,6.00,-813.69,7,1
10/30/2018 12:22:42 ,14,1,0.99000,1,1.50000,1.80000,51.059513,3.708932,1,3242,1,3.700000,1,257.29,1,0.28,1,-69,6.00,-813.69,7,0
10/30/2018 12:22:43 ,14,1,0.99000,1,1.50000,1.80000,51.059509,3.708940,1,343,1,3.700000,1,257.29,1,0.57,1,-61,1.25,-813.69,7,1
10/30/2018 12:22:44 ,14,1,1.02000,1,1.78000,2.05000,51.059509,3.708946,1,1204,1,3.700000,1,257.29,1,0.44,1,-61,1.25,-813.69,7,0
10/30/2018 12:22:45 ,14,1,0.99000,1,1.50000,1.80000,51.059509,3.708957,1,3103,1,3.500000,1,257.29,1,0.35,1,-61,1.25,-813.69,7,0
10/30/2018 12:22:47 ,14,1,1.22000,1,1.54000,1.96000,51.059509,3.708969,1,3141,1,3.600000,1,257.29,1,0.59,1,-61,1.25,-813.69,7,0
10/30/2018 12:22:49 ,14,1,1.08000,1,1.50000,1.85000,51.059513,3.709002,1,3133,1,3.300000,1,153.02,1,2.67,1,-61,1.25,-813.69,7,0
10/30/2018 12:22:51 ,14,1,1.07000,1,1.52000,1.86000,51.059516,3.709028,1,3433,1,3.100000,1,102.00,1,2.48,1,-61,1.25,-813.69,7,0
10/30/2018 12:22:52 ,14,1,1.07000,1,1.52000,1.86000,51.059516,3.709032,1,11441,1,3.100000,1,102.00,1,2.06,1,-98,3.75,2616.98,12,1
10/30/2018 12:22:52 ,14,1,1.07000,1,1.52000,1.86000,51.059516,3.709032,1,11441,1,3.100000,1,102.00,1,2.06,1,-98,3.75,2616.98,12,0
10/30/2018 12:22:54 ,14,1,1.03000,1,1.51000,1.83000,51.059520,3.709033,1,1213,1,3.600000,1,102.00,1,0.94,1,-98,3.75,2616.98,12,0
10/30/2018 12:22:55 ,14,1,0.99000,1,1.50000,1.80000,51.059524,3.709045,1,3004,1,4.000000,1,102.00,1,1.44,1,-98,3.75,2616.98,12,0
10/30/2018 12:22:57 ,14,1,1.18000,1,2.07000,2.38000,51.059528,3.709053,1,3040,1,4.700000,1,102.00,1,0.72,1,-98,3.75,2616.98,12,0
10/30/2018 12:22:59 ,14,1,1.03000,1,1.51000,1.83000,51.059539,3.709089,1,3103,1,6.900000,1,102.00,1,0.24,1,-98,3.75,2616.98,12,0
10/30/2018 12:23:01 ,14,1,1.07000,1,1.51000,1.86000,51.059539,3.709094,1,3113,1,7.100000,1,102.00,1,0.07,1,-98,3.75,2616.98,12,0
10/30/2018 12:23:02 ,14,1,1.14000,1,1.51000,1.86000,51.059539,3.709102,1,213,1,7.200000,1,102.00,1,0.15,1,-97,4.25,2606.50,12,1
10/30/2018 12:23:03 ,14,1,1.26000,1,1.54000,1.99000,51.059543,3.709112,1,1333,1,7.800000,1,102.00,1,0.43,1,-97,4.25,2606.50,12,0
10/30/2018 12:23:04 ,14,1,1.03000,1,1.51000,1.83000,51.059543,3.709130,1,2442,1,8.800001,1,102.00,1,0.46,1,-97,4.25,2606.50,12,0
10/30/2018 12:23:06 ,14,1,1.11000,1,2.01000,2.29000,51.059547,3.709167,1,3034,1,9.800001,1,102.00,1,0.67,1,-97,4.25,2606.50,12,0
10/30/2018 12:23:08 ,14,1,1.07000,1,1.51000,1.86000,51.059555,3.709186,1,3112,1,10.500000,1,102.00,1,0.61,1,-97,4.25,2606.50,12,0
10/30/2018 12:23:10 ,14,1,1.07000,1,1.51000,1.86000,51.059562,3.709234,1,3134,1,13.000000,1,102.00,1,0.81,1,-97,4.25,2606.50,12,0
10/30/2018 12:23:11 ,14,1,0.99000,1,1.50000,1.80000,51.059566,3.709255,1,1444,1,14.600001,1,102.00,1,0.63,1,-94,4.75,2580.81,12,1
10/30/2018 12:23:12 ,13,1,1.14000,1,1.56000,1.93000,51.059570,3.709271,1,3022,1,15.500000,1,102.00,1,1.22,1,-94,4.75,2580.81,12,0
10/30/2018 12:23:14 ,13,1,1.20000,1,1.56000,1.97000,51.059566,3.709339,1,3030,1,17.500000,1,104.58,1,3.17,1,-94,4.75,2580.81,12,0
10/30/2018 12:23:15 ,14,1,1.75000,1,1.68000,2.42000,51.059566,3.709357,1,4424,1,18.200000,1,105.97,1,3.43,1,-77,6.75,-847.25,7,1
10/30/2018 12:23:15 ,14,1,1.75000,1,1.68000,2.42000,51.059566,3.709357,1,4424,1,18.200000,1,105.97,1,3.43,1,-77,6.75,-847.25,7,0
10/30/2018 12:23:16 ,14,1,1.75000,1,1.68000,2.42000,51.059570,3.709373,1,10033,1,18.899999,1,103.83,1,3.26,1,-77,6.75,-847.25,7,0
10/30/2018 12:23:17 ,14,1,1.26000,1,1.54000,1.99000,51.059570,3.709388,1,1133,1,19.600000,1,101.61,1,2.44,1,-73,6.75,-864.03,7,1
10/30/2018 12:23:18 ,14,1,0.99000,1,1.49000,1.80000,51.059570,3.709426,1,2302,1,20.899999,1,101.04,1,3.24,1,-73,6.75,-864.03,7,0
10/30/2018 12:23:18 ,14,1,0.99000,1,1.49000,1.80000,51.059570,3.709426,1,10334,1,20.899999,1,101.04,1,3.24,1,-77,6.50,-864.03,7,1
10/30/2018 12:23:19 ,13,1,1.22000,1,1.53000,1.96000,51.059574,3.709443,1,11130,1,21.500000,1,100.88,1,2.44,1,-77,6.50,-864.03,7,0
10/30/2018 12:23:20 ,14,1,1.22000,1,1.53000,1.96000,51.059574,3.709439,1,12002,1,21.600000,1,100.88,1,1.65,1,-77,6.50,-864.03,7,0
10/30/2018 12:23:22 ,14,1,1.35000,1,1.53000,1.96000,51.059577,3.709438,1,114,1,22.100000,1,100.88,1,1.63,1,-77,6.50,-864.03,7,0
10/30/2018 12:23:23 ,14,1,0.99000,1,1.49000,1.79000,51.059577,3.709449,1,1221,1,22.700000,1,100.88,1,1.70,1,-77,6.50,-864.03,7,0
10/30/2018 12:23:24 ,14,1,0.99000,1,1.49000,1.79000,51.059574,3.709450,1,2430,1,23.200000,1,100.88,1,1.26,1,-77,6.50,-864.03,7,0
10/30/2018 12:23:26 ,14,1,0.99000,1,1.49000,1.79000,51.059577,3.709456,1,3304,1,24.299999,1,100.88,1,0.59,1,-77,6.50,-864.03,7,0
10/30/2018 12:23:28 ,14,1,1.02000,1,1.77000,2.04000,51.059566,3.709456,1,3341,1,24.200000,1,100.88,1,1.46,1,-77,6.50,-864.03,7,0
10/30/2018 12:23:29 ,14,1,1.04000,1,1.53000,1.85000,51.059562,3.709460,1,10004,1,24.500000,1,100.88,1,1.07,1,-86,3.50,2547.78,12,1
10/30/2018 12:23:29 ,14,1,1.04000,1,1.53000,1.85000,51.059562,3.709460,1,10004,1,24.500000,1,100.88,1,1.07,1,-86,3.50,2547.78,12,0
10/30/2018 12:23:31 ,14,1,0.99000,1,1.49000,1.79000,51.059558,3.709413,1,10112,1,23.399999,1,100.88,1,0.31,1,-86,3.50,2547.78,12,0
10/30/2018 12:23:33 ,14,1,1.11000,1,2.00000,2.29000,51.059558,3.709344,1,10124,1,22.299999,1,100.88,1,0.46,1,-86,3.50,2547.78,12,0
10/30/2018 12:23:35 ,14,1,0.99000,1,1.49000,1.79000,51.059555,3.709290,1,10201,1,21.100000,1,100.88,1,0.17,1,-86,3.50,2547.78,12,0
10/30/2018 12:23:37 ,14,1,1.22000,1,1.53000,1.95000,51.059551,3.709287,1,10223,1,20.600000,1,100.88,1,0.30,1,-86,3.50,2547.78,12,0
10/30/2018 12:23:38 ,14,1,1.03000,1,1.50000,1.82000,51.059547,3.709304,1,11240,1,20.700000,1,100.88,1,0.96,1,-92,5.00,2527.33,12,1
10/30/2018 12:23:38 ,14,1,1.03000,1,1.50000,1.82000,51.059547,3.709304,1,11240,1,20.700000,1,100.88,1,0.96,1,-92,5.00,2527.33,12,0
10/30/2018 12:23:40 ,14,1,1.22000,1,1.53000,1.95000,51.059551,3.709305,1,1020,1,20.500000,1,100.88,1,0.48,1,-92,5.00,2527.33,12,0
10/30/2018 12:23:41 ,14,1,0.99000,1,1.49000,1.79000,51.059551,3.709310,1,2232,1,20.600000,1,100.88,1,0.46,1,-92,5.00,2527.33,12,0
10/30/2018 12:23:43 ,14,1,1.22000,1,1.53000,1.95000,51.059551,3.709302,1,3012,1,20.299999,1,100.88,1,0.43,1,-92,5.00,2527.33,12,0
10/30/2018 12:23:45 ,14,1,1.22000,1,1.53000,1.95000,51.059547,3.709298,1,3040,1,19.799999,1,100.88,1,0.33,1,-92,5.00,2527.33,12,0
10/30/2018 12:23:47 ,14,1,1.21000,1,1.53000,1.95000,51.059547,3.709297,1,3113,1,19.299999,1,100.88,1,0.43,1,-92,5.00,2527.33,12,0
10/30/2018 12:23:48 ,14,1,1.21000,1,1.53000,1.95000,51.059543,3.709297,1,33,1,19.100000,1,100.88,1,0.33,1,-94,4.75,2516.84,12,1
10/30/2018 12:23:49 ,14,1,1.28000,1,1.57000,2.03000,51.059543,3.709306,1,1144,1,19.200000,1,100.88,1,0.74,1,-94,4.75,2516.84,12,0
10/30/2018 12:23:50 ,14,1,1.07000,1,1.51000,1.85000,51.059539,3.709304,1,2311,1,18.500000,1,100.88,1,1.24,1,-94,4.75,2516.84,12,0
10/30/2018 12:23:51 ,14,1,1.07000,1,1.51000,1.85000,51.059532,3.709308,1,2312,1,17.899999,1,100.88,1,2.57,1,-71,5.75,-947.91,7,1
10/30/2018 12:23:51 ,14,1,1.07000,1,1.51000,1.85000,51.059532,3.709308,1,2312,1,17.899999,1,100.88,1,2.57,1,-71,5.75,-947.91,7,0
10/30/2018 12:23:53 ,14,1,1.07000,1,1.50000,1.85000,51.059528,3.709311,1,3044,1,17.799999,1,100.88,1,0.50,1,-71,5.75,-947.91,7,0
10/30/2018 12:23:55 ,14,1,1.07000,1,1.50000,1.85000,51.059535,3.709287,1,3330,1,18.100000,1,100.88,1,0.83,1,-71,5.75,-947.91,7,0
10/30/2018 12:23:57 ,14,1,1.07000,1,1.50000,1.85000,51.059551,3.709266,1,3411,1,18.399999,1,100.88,1,1.78,1,-71,5.75,-947.91,7,0
10/30/2018 12:23:59 ,14,1,1.03000,1,1.50000,1.82000,51.059574,3.709227,1,3423,1,18.500000,1,19.12,1,4.37,1,-71,5.75,-947.91,7,0
10/30/2018 12:24:01 ,14,1,0.99000,1,1.49000,1.79000,51.059589,3.709193,1,4200,1,18.299999,1,340.63,1,4.70,1,-71,5.75,-947.91,7,0
10/30/2018 12:24:03 ,14,1,1.14000,1,1.51000,1.89000,51.059612,3.709155,1,4232,1,18.799999,1,330.78,1,5.69,1,-71,5.75,-947.91,7,0
10/30/2018 12:24:05 ,14,1,0.99000,1,1.48000,1.79000,51.059635,3.709114,1,4243,1,19.200000,1,330.67,1,5.87,1,-71,5.75,-947.91,7,0
10/30/2018 12:24:06 ,14,1,1.14000,1,1.51000,1.89000,51.059646,3.709091,1,3013,1,19.399999,1,329.72,1,5.76,1,-107,5.25,2528.38,12,1
10/30/2018 12:24:07 ,14,1,0.99000,1,1.48000,1.79000,51.059654,3.709080,1,3040,1,19.799999,1,328.70,1,5.19,1,-107,5.25,2528.38,12,0
10/30/2018 12:24:08 ,14,1,0.99000,1,1.48000,1.79000,51.059665,3.709070,1,3111,1,20.200000,1,330.12,1,4.57,1,-107,5.25,2528.38,12,0
10/30/2018 12:24:10 ,14,1,0.99000,1,1.48000,1.79000,51.059692,3.709031,1,3124,1,20.700000,1,330.76,1,5.46,1,-107,5.25,2528.38,12,0
10/30/2018 12:24:12 ,14,1,0.99000,1,1.48000,1.79000,51.059715,3.708988,1,3202,1,21.000000,1,325.50,1,6.07,1,-107,5.25,2528.38,12,0
10/30/2018 12:24:14 ,14,1,0.99000,1,1.48000,1.79000,51.059738,3.708952,1,3222,1,21.200000,1,328.23,1,5.85,1,-107,5.25,2528.38,12,0
10/30/2018 12:24:15 ,14,1,0.99000,1,1.48000,1.79000,51.059753,3.708932,1,3244,1,21.200000,1,327.50,1,6.13,1,-107,5.25,2528.38,12,0
10/30/2018 12:24:15 ,14,1,0.99000,1,1.48000,1.79000,51.059753,3.708932,1,4243,1,21.200000,1,327.50,1,6.13,1,-116,5.00,2517.37,12,1
10/30/2018 12:24:16 ,14,1,0.99000,1,1.48000,1.78000,51.059761,3.708909,1,4313,1,21.000000,1,320.67,1,4.44,1,-116,5.00,2517.37,12,0
10/30/2018 12:24:18 ,14,1,1.07000,1,1.50000,1.84000,51.059791,3.708818,1,4340,1,19.100000,1,322.34,1,4.54,1,-116,5.00,2517.37,12,0
10/30/2018 12:24:20 ,14,1,1.11000,1,1.99000,2.28000,51.059825,3.708701,1,4411,1,16.299999,1,331.16,1,4.98,1,-116,5.00,2517.37,12,0
10/30/2018 12:24:22 ,14,1,1.11000,1,1.99000,2.27000,51.059856,3.708611,1,4443,1,13.800001,1,331.64,1,5.78,1,-116,5.00,2517.37,12,0
10/30/2018 12:24:23 ,14,1,1.11000,1,1.99000,2.27000,51.059867,3.708587,1,10014,1,13.100001,1,332.30,1,4.89,1,-116,5.00,2517.37,12,0
10/30/2018 12:24:25 ,14,1,0.99000,1,1.48000,1.78000,51.059875,3.708569,1,4031,1,12.400000,1,330.20,1,2.89,1,-107,6.25,-3095.40,7,1
10/30/2018 12:24:25 ,14,1,0.99000,1,1.48000,1.78000,51.059875,3.708569,1,4031,1,12.400000,1,330.20,1,2.89,1,-107,6.25,-947.91,7,0
10/30/2018 12:24:25 ,14,1,0.99000,1,1.48000,1.78000,51.059875,3.708569,1,4141,1,12.400000,1,330.20,1,2.89,1,-97,5.75,-947.91,7,1
10/30/2018 12:24:26 ,14,1,1.11000,1,1.99000,2.27000,51.059886,3.708551,1,4143,1,11.700000,1,346.48,1,4.61,1,-97,5.75,-947.91,7,0
10/30/2018 12:24:27 ,14,1,0.99000,1,1.99000,2.27000,51.059902,3.708525,1,220,1,10.500000,1,347.74,1,6.24,1,-99,5.75,-947.91,7,1
10/30/2018 12:24:28 ,14,1,1.11000,1,1.99000,2.27000,51.059909,3.708507,1,1344,1,10.100001,1,343.29,1,4.93,1,-99,5.75,-947.91,7,0
10/30/2018 12:24:29 ,14,1,1.11000,1,1.98000,2.27000,51.059917,3.708499,1,3221,1,9.800001,1,346.00,1,4.37,1,-99,5.75,-947.91,7,0
10/30/2018 12:24:31 ,14,1,0.99000,1,1.48000,1.78000,51.059944,3.708466,1,3300,1,8.800001,1,346.62,1,3.54,1,-99,5.75,-947.91,7,0
10/30/2018 12:24:33 ,14,1,1.64000,1,2.55000,3.03000,51.059963,3.708431,1,3330,1,7.900000,1,327.33,1,4.80,1,-99,5.75,-947.91,7,0
10/30/2018 12:24:35 ,13,1,1.08000,1,1.48000,1.83000,51.059982,3.708399,1,4114,1,7.100000,1,331.06,1,4.78,1,-99,5.75,-947.91,7,0
10/30/2018 12:24:37 ,14,1,1.11000,1,1.98000,2.27000,51.060009,3.708362,1,4141,1,6.400000,1,327.77,1,6.28,1,-99,5.75,-947.91,7,0
10/30/2018 12:24:39 ,13,1,1.11000,1,1.98000,2.27000,51.060031,3.708319,1,4214,1,5.600000,1,321.19,1,6.39,1,-99,5.75,-947.91,7,0
10/30/2018 12:24:41 ,14,1,1.11000,1,1.98000,2.27000,51.060050,3.708279,1,4241,1,4.800000,1,317.27,1,6.00,1,-99,5.75,-947.91,7,0
10/30/2018 12:24:43 ,14,1,1.11000,1,1.98000,2.27000,51.060066,3.708233,1,1102,1,4.200000,1,312.83,1,6.43,1,-121,4.75,2513.70,12,1
10/30/2018 12:24:43 ,14,1,1.11000,1,1.98000,2.27000,51.060066,3.708233,1,1102,1,4.200000,1,312.83,1,6.43,1,-121,4.75,2513.70,12,0
10/30/2018 12:24:45 ,14,1,0.99000,1,1.48000,1.78000,51.060081,3.708190,1,3003,1,3.700000,1,303.25,1,5.94,1,-121,4.75,2513.70,12,0
10/30/2018 12:24:47 ,13,1,1.11000,1,1.98000,2.27000,51.060085,3.708143,1,3042,1,3.500000,1,290.88,1,5.04,1,-121,4.75,2513.70,12,0
10/30/2018 12:24:49 ,14,1,1.11000,1,1.98000,2.27000,51.060073,3.708108,1,3104,1,3.500000,1,266.51,1,3.13,1,-121,4.75,2513.70,12,0
10/30/2018 12:24:51 ,13,1,1.11000,1,1.98000,2.27000,51.060070,3.708076,1,3214,1,2.900000,1,266.51,1,2.33,1,-121,4.75,2513.70,12,0
10/30/2018 12:24:52 ,13,1,1.11000,1,1.98000,2.27000,51.060070,3.708056,1,2334,1,2.800000,1,268.28,1,3.69,1,-124,4.50,2513.17,12,1
10/30/2018 12:24:53 ,13,1,1.11000,1,1.98000,2.27000,51.060066,3.708034,1,3003,1,2.600000,1,264.40,1,4.15,1,-124,4.50,2513.17,12,0
10/30/2018 12:24:55 ,13,1,1.11000,1,1.98000,2.27000,51.060066,3.707995,1,3023,1,2.300000,1,278.35,1,3.17,1,-124,4.50,2513.17,12,0
10/30/2018 12:24:57 ,14,1,1.11000,1,1.98000,2.27000,51.060077,3.707946,1,3102,1,1.800000,1,298.94,1,5.02,1,-124,4.50,2513.17,12,0
10/30/2018 12:24:58 ,13,1,1.11000,1,1.98000,2.27000,51.060089,3.707918,1,3130,1,1.600000,1,300.39,1,5.39,1,-124,4.50,2513.17,12,0
10/30/2018 12:24:59 ,14,1,1.11000,1,1.98000,2.27000,51.060089,3.707893,1,10311,1,1.600000,1,297.71,1,5.28,1,-113,3.75,-3162.51,7,1
10/30/2018 12:24:59 ,14,1,1.11000,1,1.98000,2.27000,51.060089,3.707893,1,10311,1,1.600000,1,297.71,1,5.28,1,-113,3.75,-3162.51,7,0
10/30/2018 12:25:01 ,14,1,1.11000,1,1.98000,2.27000,51.060111,3.707844,1,2014,1,1.500000,1,304.36,1,5.87,1,-110,-1.50,-3145.73,82,1
10/30/2018 12:25:01 ,14,1,1.11000,1,1.98000,2.27000,51.060111,3.707844,1,2014,1,1.500000,1,304.36,1,5.87,1,-110,-1.50,-3145.73,82,0
10/30/2018 12:25:02 ,14,1,0.99000,1,1.47000,1.78000,51.060119,3.707820,1,11214,1,1.500000,1,303.77,1,5.63,1,-110,3.25,-3162.51,7,1
10/30/2018 12:25:02 ,14,1,0.99000,1,1.47000,1.78000,51.060119,3.707820,1,11214,1,1.500000,1,303.77,1,5.63,1,-110,3.25,-3162.51,7,0
10/30/2018 12:25:04 ,13,1,1.11000,1,1.98000,2.26000,51.060138,3.707775,1,2210,1,1.200000,1,310.27,1,6.32,1,-110,3.25,-3162.51,7,0
10/30/2018 12:25:06 ,13,1,1.11000,1,1.97000,2.26000,51.060146,3.707732,1,3004,1,0.800000,1,305.44,1,4.19,1,-110,3.25,-3162.51,7,0
10/30/2018 12:25:08 ,13,1,1.11000,1,1.97000,2.26000,51.060161,3.707690,1,3031,1,0.500000,1,303.78,1,3.89,1,-110,3.25,-3162.51,7,0
10/30/2018 12:25:10 ,13,1,1.11000,1,1.97000,2.26000,51.060176,3.707654,1,3314,1,0.600000,1,310.50,1,4.04,1,-110,3.25,-3162.51,7,0
10/30/2018 12:25:10 ,13,1,1.11000,1,1.97000,2.26000,51.060176,3.707654,1,10344,1,0.600000,1,310.50,1,4.04,1,127,1.00,2536.24,12,1
10/30/2018 12:25:11 ,14,1,1.11000,1,1.97000,2.26000,51.060184,3.707646,1,10412,1,-0.100000,1,321.96,1,3.19,1,127,1.00,2536.24,12,0
10/30/2018 12:25:13 ,13,1,1.11000,1,1.97000,2.26000,51.060207,3.707618,1,10431,1,-0.300000,1,331.88,1,4.50,1,127,1.00,2536.24,12,0
10/30/2018 12:25:15 ,14,1,1.11000,1,1.97000,2.26000,51.060226,3.707588,1,11010,1,-0.700000,1,335.99,1,4.93,1,127,1.00,2536.24,12,0
10/30/2018 12:25:16 ,14,1,1.48000,1,2.01000,2.50000,51.060241,3.707572,1,11023,1,-0.600000,1,337.56,1,5.28,1,127,1.00,2536.24,12,0
10/30/2018 12:25:18 ,14,1,1.11000,1,1.97000,2.26000,51.060279,3.707552,1,11040,1,-0.900000,1,350.52,1,7.43,1,127,1.00,2536.24,12,0
10/30/2018 12:25:20 ,13,1,1.11000,1,1.97000,2.26000,51.060306,3.707519,1,113,1,-0.500000,1,347.09,1,6.72,1,-128,3.00,2520.51,12,1
10/30/2018 12:25:20 ,13,1,1.11000,1,1.97000,2.26000,51.060306,3.707519,1,113,1,-0.500000,1,347.09,1,6.72,1,-128,3.00,2520.51,12,0
10/30/2018 12:25:21 ,14,1,1.11000,1,1.97000,2.26000,51.060321,3.707504,1,2001,1,0.200000,1,348.65,1,6.52,1,-128,3.00,2520.51,12,0
10/30/2018 12:25:23 ,14,1,0.99000,1,1.47000,1.77000,51.060348,3.707475,1,3002,1,0.800000,1,341.84,1,6.04,1,-128,3.00,2520.51,12,0
10/30/2018 12:25:25 ,14,1,0.99000,1,1.47000,1.77000,51.060371,3.707438,1,3010,1,1.300000,1,329.79,1,5.78,1,-128,3.00,2520.51,12,0
10/30/2018 12:25:27 ,14,1,1.11000,1,1.97000,2.26000,51.060390,3.707401,1,3103,1,1.600000,1,323.26,1,5.50,1,-128,3.00,2520.51,12,0
10/30/2018 12:25:29 ,14,1,0.99000,1,1.47000,1.77000,51.060394,3.707392,1,421,1,1.400000,1,323.26,1,0.80,1,123,-7.75,2530.48,12,1
10/30/2018 12:25:29 ,14,1,0.99000,1,1.47000,1.77000,51.060394,3.707392,1,421,1,1.400000,1,323.26,1,0.80,1,123,-7.75,2530.48,12,0
10/30/2018 12:25:31 ,12,1,1.16000,1,2.49000,2.75000,51.060394,3.707377,1,3030,1,1.700000,1,323.26,1,0.94,1,123,-7.75,2530.48,12,0
10/30/2018 12:25:33 ,14,1,1.02000,1,1.68000,1.96000,51.060398,3.707369,1,3042,1,1.700000,1,323.26,1,0.72,1,123,-7.75,2530.48,12,0
10/30/2018 12:25:35 ,13,1,1.11000,1,1.97000,2.26000,51.060394,3.707362,1,3323,1,2.000000,1,323.26,1,0.65,1,-120,-0.75,-3212.84,7,1
10/30/2018 12:25:35 ,13,1,1.11000,1,1.97000,2.26000,51.060394,3.707362,1,3323,1,2.000000,1,323.26,1,0.65,1,-120,-0.75,-3212.84,7,0
10/30/2018 12:25:37 ,14,1,0.99000,1,1.47000,1.77000,51.060390,3.707354,1,23,1,2.300000,1,323.26,1,0.72,1,-122,-0.25,-3212.84,7,1
10/30/2018 12:25:37 ,14,1,0.99000,1,1.47000,1.77000,51.060390,3.707354,1,23,1,2.300000,1,323.26,1,0.72,1,-122,-0.25,-3212.84,7,0
10/30/2018 12:25:38 ,14,1,0.99000,1,1.47000,1.77000,51.060386,3.707344,1,2404,1,2.800000,1,323.26,1,1.13,1,-122,-0.25,-3212.84,7,0
10/30/2018 12:25:39 ,14,1,0.99000,1,1.47000,1.77000,51.060386,3.707340,1,3231,1,4.000000,1,323.26,1,0.37,1,-122,-0.25,-3212.84,7,0
10/30/2018 12:25:41 ,13,1,1.48000,1,2.01000,2.50000,51.060386,3.707334,1,3313,1,5.300000,1,323.26,1,0.07,1,-122,-0.25,-3212.84,7,0
10/30/2018 12:25:43 ,13,1,1.48000,1,2.01000,2.50000,51.060386,3.707329,1,3341,1,6.300000,1,323.26,1,0.06,1,-122,-0.25,-3212.84,7,0
10/30/2018 12:25:45 ,14,1,0.99000,1,1.46000,1.77000,51.060382,3.707317,1,4122,1,7.900000,1,323.26,1,0.46,1,-122,-0.25,-3212.84,7,0
10/30/2018 12:25:47 ,14,1,1.49000,1,2.01000,2.50000,51.060382,3.707311,1,3434,1,8.500000,1,323.26,1,0.17,1,-124,-2.75,2516.84,12,1
10/30/2018 12:25:47 ,14,1,1.49000,1,2.01000,2.50000,51.060382,3.707311,1,3434,1,8.500000,1,323.26,1,0.17,1,-124,-2.75,2516.84,12,0
10/30/2018 12:25:49 ,14,1,1.77000,1,2.10000,2.75000,51.060382,3.707306,1,4024,1,9.300001,1,323.26,1,0.74,1,-124,-2.75,2516.84,12,0
10/30/2018 12:25:50 ,14,1,1.49000,1,2.01000,2.50000,51.060382,3.707305,1,4112,1,9.500000,1,323.26,1,0.15,1,-124,-2.75,2516.84,12,0
10/30/2018 12:25:52 ,13,1,1.49000,1,2.01000,2.50000,51.060379,3.707304,1,4140,1,9.900000,1,323.26,1,0.20,1,-124,-2.75,2516.84,12,0
10/30/2018 12:25:53 ,13,1,1.49000,1,2.00000,2.50000,51.060379,3.707303,1,4203,1,10.100001,1,323.26,1,0.04,1,-124,-2.75,2516.84,12,0
10/30/2018 12:25:55 ,13,1,1.49000,1,2.00000,2.50000,51.060382,3.707302,1,4313,1,10.300001,1,323.26,1,0.17,1,-124,-2.75,2516.84,12,0
10/30/2018 12:25:56 ,13,1,1.49000,1,2.00000,2.50000,51.060379,3.707299,1,10231,1,10.400000,1,323.26,1,0.50,1,126,2.00,2507.41,12,1
10/30/2018 12:25:56 ,13,1,1.49000,1,2.00000,2.50000,51.060379,3.707299,1,10231,1,10.400000,1,323.26,1,0.50,1,126,2.00,2507.41,12,0
10/30/2018 12:25:58 ,14,1,1.56000,1,2.05000,2.58000,51.060379,3.707297,1,10322,1,10.600001,1,323.26,1,0.98,1,126,2.00,2507.41,12,0
10/30/2018 12:26:00 ,14,1,1.49000,1,2.00000,2.49000,51.060379,3.707295,1,10341,1,10.700000,1,323.26,1,0.22,1,126,2.00,2507.41,12,0
10/30/2018 12:26:02 ,14,1,1.02000,1,1.67000,1.96000,51.060375,3.707283,1,10402,1,11.400000,1,323.26,1,0.39,1,126,2.00,2507.41,12,0
10/30/2018 12:26:04 ,14,1,1.02000,1,1.67000,1.95000,51.060367,3.707276,1,10433,1,12.000000,1,323.26,1,0.43,1,126,2.00,2507.41,12,0
10/30/2018 12:26:05 ,14,1,1.02000,1,1.67000,1.95000,51.060367,3.707273,1,12003,1,12.100001,1,323.26,1,0.26,1,-127,4.00,2495.35,12,1
10/30/2018 12:26:05 ,14,1,1.02000,1,1.67000,1.95000,51.060367,3.707273,1,12003,1,12.100001,1,323.26,1,0.26,1,-127,4.00,2495.35,12,0
10/30/2018 12:26:07 ,14,1,1.02000,1,1.67000,1.95000,51.060359,3.707265,1,1234,1,12.400000,1,323.26,1,1.11,1,-127,4.00,2495.35,12,0
10/30/2018 12:26:08 ,14,1,1.02000,1,1.67000,1.95000,51.060363,3.707273,1,2404,1,12.500000,1,323.26,1,1.69,1,-127,4.00,2495.35,12,0
10/30/2018 12:26:09 ,14,1,1.02000,1,1.67000,1.95000,51.060363,3.707283,1,3022,1,12.700000,1,323.26,1,2.65,1,-127,4.00,2495.35,12,0
10/30/2018 12:26:10 ,14,1,0.99000,1,1.46000,1.77000,51.060356,3.707280,1,3304,1,13.100001,1,323.26,1,1.54,1,-127,4.00,2495.35,12,0
10/30/2018 12:26:12 ,14,1,0.99000,1,1.46000,1.76000,51.060348,3.707276,1,3334,1,13.500000,1,323.26,1,0.91,1,-127,4.00,2495.35,12,0
10/30/2018 12:26:13 ,14,1,1.49000,1,2.00000,2.49000,51.060344,3.707273,1,4130,1,13.600001,1,323.26,1,0.72,1,-127,4.00,2495.35,12,0
10/30/2018 12:26:15 ,13,1,1.49000,1,2.00000,2.49000,51.060321,3.707218,1,4202,1,13.900000,1,323.26,1,4.85,1,-127,4.00,2495.35,12,0
10/30/2018 12:26:17 ,12,1,1.81000,1,2.95000,3.46000,51.060295,3.707145,1,4203,1,14.100001,1,267.37,1,7.76,1,-127,4.00,2495.35,12,0
10/30/2018 12:26:19 ,13,1,1.78000,1,2.09000,2.74000,51.060264,3.707117,1,4432,1,14.000000,1,232.17,1,6.46,1,-127,4.00,2495.35,12,0
10/30/2018 12:26:21 ,14,1,0.99000,1,1.46000,1.76000,51.060245,3.707090,1,10012,1,14.100001,1,220.60,1,5.56,1,-127,4.00,2495.35,12,0
10/30/2018 12:26:23 ,14,1,1.49000,1,2.00000,2.49000,51.060237,3.707096,1,10111,1,14.100001,1,212.10,1,3.33,1,-127,4.00,2495.35,12,0
10/30/2018 12:26:24 ,13,1,1.49000,1,2.00000,2.49000,51.060234,3.707088,1,2023,1,14.100001,1,212.10,1,3.09,1,-121,-6.75,2485.91,12,1
10/30/2018 12:26:25 ,13,1,1.49000,1,2.00000,2.49000,51.060218,3.707077,1,3011,1,14.100001,1,212.10,1,3.80,1,-121,-6.75,2485.91,12,0
10/30/2018 12:26:27 ,13,1,1.57000,1,2.04000,2.57000,51.060192,3.707059,1,3012,1,14.300001,1,211.17,1,4.98,1,-121,-6.75,2485.91,12,0
10/30/2018 12:26:29 ,12,1,2.66000,1,2.09000,3.38000,51.060169,3.707036,1,3100,1,14.500000,1,211.46,1,5.48,1,-121,-6.75,2485.91,12,0
10/30/2018 12:26:31 ,12,1,2.66000,1,2.09000,3.38000,51.060142,3.707028,1,3122,1,14.300001,1,204.81,1,5.87,1,-121,-6.75,2485.91,12,0
10/30/2018 12:26:33 ,12,1,1.12000,1,1.81000,2.12000,51.060043,3.706946,1,3131,1,14.900000,1,204.89,1,10.20,1,-121,-6.75,2485.91,12,0
10/30/2018 12:26:33 ,12,1,1.12000,1,1.81000,2.12000,51.060043,3.706946,1,3230,1,14.900000,1,204.89,1,10.20,1,122,-6.25,2457.60,12,1
10/30/2018 12:26:34 ,12,1,2.66000,1,2.09000,3.38000,51.060016,3.706918,1,3313,1,14.500000,1,207.79,1,11.22,1,122,-6.25,2457.60,12,0
10/30/2018 12:26:36 ,11,1,2.83000,1,3.10000,4.20000,51.059989,3.706886,1,3343,1,14.300001,1,211.93,1,10.35,1,122,-6.25,2457.60,12,0
10/30/2018 12:26:38 ,12,1,2.66000,1,2.09000,3.38000,51.059974,3.706887,1,3413,1,14.000000,1,209.45,1,8.46,1,122,-6.25,2457.60,12,0
10/30/2018 12:26:40 ,12,1,2.66000,1,2.09000,3.39000,51.059932,3.706851,1,3432,1,13.100001,1,205.33,1,9.37,1,122,-6.25,2457.60,12,0
10/30/2018 12:26:42 ,11,1,2.67000,1,2.09000,3.39000,51.059814,3.706817,1,4020,1,11.800001,1,194.16,1,13.80,1,122,-6.25,2457.60,12,0
10/30/2018 12:26:42 ,11,1,2.67000,1,2.09000,3.39000,51.059814,3.706817,1,10030,1,11.800001,1,194.16,1,13.80,1,122,-9.25,2436.10,12,1
10/30/2018 12:26:43 ,12,1,5.41000,1,3.46000,6.42000,51.059768,3.706801,1,10321,1,11.200000,1,191.88,1,14.67,1,122,-9.25,2436.10,12,0
10/30/2018 12:26:43 ,12,1,5.41000,1,3.46000,6.42000,51.059768,3.706801,1,11342,1,11.200000,1,191.88,1,14.67,1,-124,-5.00,-3363.83,7,1
10/30/2018 12:26:45 ,11,1,5.41000,1,3.46000,6.42000,51.059669,3.706769,1,10,1,10.000000,1,190.77,1,16.26,1,-124,-5.00,-3363.83,7,0
10/30/2018 12:26:45 ,11,1,5.41000,1,3.46000,6.42000,51.059669,3.706769,1,3043,1,10.000000,1,190.77,1,16.26,1,-122,1.25,-1015.02,7,1
10/30/2018 12:26:46 ,12,1,6.04000,1,3.69000,7.08000,51.059635,3.706753,1,3133,1,9.900000,1,192.35,1,16.37,1,-122,1.25,-1015.02,7,0
10/30/2018 12:26:47 ,12,1,2.46000,1,3.51000,4.29000,51.059608,3.706746,1,3424,1,9.800001,1,193.21,1,15.56,1,-122,1.25,-1015.02,7,0
10/30/2018 12:26:49 ,11,1,6.05000,1,3.69000,7.09000,51.059581,3.706781,1,3443,1,9.800001,1,189.55,1,13.09,1,-122,1.25,-1015.02,7,0
10/30/2018 12:26:50 ,13,1,2.83000,1,3.09000,4.19000,51.059616,3.706794,1,4014,1,9.300001,1,188.90,1,10.57,1,-122,1.25,-1015.02,7,0
10/30/2018 12:26:52 ,11,1,2.67000,1,2.09000,3.39000,51.059604,3.706840,1,4101,1,9.700000,1,182.90,1,10.74,1,-122,1.25,-1015.02,7,0
10/30/2018 12:26:53 ,11,1,5.42000,1,3.46000,6.43000,51.059627,3.706867,1,4341,1,10.500000,1,181.01,1,9.07,1,-122,1.25,-1015.02,7,0
10/30/2018 12:26:55 ,12,1,5.42000,1,3.46000,6.43000,51.059669,3.706915,1,4410,1,11.900000,1,181.35,1,6.30,1,-122,1.25,-1015.02,7,0
10/30/2018 12:26:57 ,11,1,6.08000,1,3.69000,7.11000,51.059684,3.706945,1,10004,1,12.200000,1,181.35,1,5.26,1,-122,1.25,-1015.02,7,0
10/30/2018 12:26:59 ,12,1,2.84000,1,3.08000,4.19000,51.059799,3.706972,1,10033,1,11.000000,1,181.35,1,2.06,1,-122,1.25,-1015.02,7,0
10/30/2018 12:27:01 ,11,1,2.84000,1,3.08000,4.19000,51.059856,3.707009,1,123,1,10.400000,1,181.35,1,1.31,1,124,-0.75,2388.92,12,1
10/30/2018 12:27:01 ,11,1,2.84000,1,3.08000,4.19000,51.059856,3.707009,1,123,1,10.400000,1,181.35,1,1.31,1,124,-0.75,2388.92,12,0
10/30/2018 12:27:02 ,12,1,2.67000,1,2.08000,3.39000,51.059848,3.706992,1,2334,1,10.200000,1,181.35,1,2.33,1,124,-0.75,2388.92,12,0
10/30/2018 12:27:04 ,12,1,2.68000,1,2.08000,3.39000,51.059864,3.706987,1,3001,1,10.100001,1,181.35,1,2.44,1,124,-0.75,2388.92,12,0
10/30/2018 12:27:06 ,11,1,2.68000,1,2.08000,3.39000,51.059894,3.707015,1,3022,1,9.600001,1,181.35,1,1.78,1,124,-0.75,2388.92,12,0
10/30/2018 12:27:08 ,12,1,2.68000,1,2.08000,3.39000,51.059928,3.707069,1,3101,1,9.900000,1,181.35,1,1.80,1,124,-0.75,2388.92,12,0
10/30/2018 12:27:10 ,11,1,5.44000,1,3.47000,6.45000,51.059925,3.707100,1,1402,1,10.500000,1,181.35,1,2.33,1,124,-1.25,2360.08,12,1
10/30/2018 12:27:10 ,11,1,5.44000,1,3.47000,6.45000,51.059925,3.707100,1,1402,1,10.500000,1,181.35,1,2.33,1,124,-1.25,2360.08,12,0
10/30/2018 12:27:12 ,12,1,5.44000,1,3.47000,6.46000,51.059944,3.707140,1,2431,1,11.600001,1,181.35,1,2.07,1,124,-1.25,2360.08,12,0
10/30/2018 12:27:14 ,10,1,5.45000,1,3.47000,6.46000,51.059955,3.707136,1,3013,1,12.000000,1,181.35,1,0.87,1,124,-1.25,2360.08,12,0
10/30/2018 12:27:15 ,10,1,5.45000,1,3.47000,6.46000,51.059951,3.707122,1,3034,1,12.000000,1,181.35,1,1.33,1,124,-1.25,2360.08,12,0
10/30/2018 12:27:16 ,12,1,5.45000,1,3.48000,6.46000,51.059955,3.707111,1,3103,1,12.100001,1,181.35,1,1.80,1,124,-1.25,2360.08,12,0
10/30/2018 12:27:18 ,12,1,2.21000,1,2.43000,3.28000,51.059452,3.706740,1,111,1,16.399999,1,212.14,1,17.22,1,-120,-2.25,-1082.13,7,1
10/30/2018 12:27:18 ,12,1,2.21000,1,2.43000,3.28000,51.059452,3.706740,1,111,1,16.399999,1,212.14,1,17.22,1,-120,-2.25,-1082.13,7,0
10/30/2018 12:27:19 ,11,1,5.69000,1,3.51000,6.68000,51.059436,3.706701,1,4323,1,16.899999,1,214.44,1,16.91,1,-122,-3.75,-1082.13,7,1
10/30/2018 12:27:19 ,11,1,5.69000,1,3.51000,6.68000,51.059436,3.706701,1,4323,1,16.899999,1,214.44,1,16.91,1,-122,-3.75,-1082.13,7,0
10/30/2018 12:27:21 ,0,1,99.99000,1,99.99000,99.99000,51.059436,3.706701,1,41141,1,16.899999,1,214.44,1,16.91,1,-122,-3.75,-1082.13,7,0
10/30/2018 12:27:23 ,0,1,99.99000,1,99.99000,99.99000,51.059436,3.706701,1,122214,1,16.899999,1,214.44,1,16.91,1,-122,-3.75,-1082.13,7,0
10/30/2018 12:27:24 ,11,1,3.43000,1,8.81000,9.45000,51.059333,3.706648,1,10230,1,15.700000,1,203.30,1,15.26,1,-122,-3.75,-1082.13,7,0
10/30/2018 12:27:26 ,11,1,2.94000,1,1.00000,3.10000,51.059417,3.706589,1,10310,1,14.300001,1,204.32,1,11.91,1,-122,-3.75,-1082.13,7,0
