10/29/2018 15:22:25 ,10,1,1.62000,1,5.38000,5.62000,51.060146,3.708483,1,1100,1,2.200000,1,8.63,1,6.41,1,-103,5.25,-1394.87,12,0
10/29/2018 15:22:26 ,10,1,1.62000,1,5.38000,5.62000,51.060131,3.708498,1,2203,1,3.700000,1,8.63,1,2.04,1,-103,5.25,-1394.87,12,0
10/29/2018 15:22:28 ,10,1,1.62000,1,5.39000,5.63000,51.060115,3.708528,1,2211,1,-0.400000,1,49.92,1,3.91,1,-103,5.25,-1394.87,12,0
10/29/2018 15:22:28 ,10,1,1.62000,1,5.39000,5.63000,51.060115,3.708528,1,4043,1,-0.400000,1,49.92,1,3.91,1,-72,-5.00,3917.48,7,1
10/29/2018 15:22:29 ,10,1,1.62000,1,5.39000,5.63000,51.060127,3.708539,1,4122,1,-4.800000,1,103.86,1,4.41,1,-72,-5.00,3917.48,7,0
10/29/2018 15:22:30 ,10,1,1.62000,1,5.39000,5.63000,51.060119,3.708552,1,310,1,-5.200000,1,124.08,1,4.52,1,-86,5.75,3951.03,7,1
10/29/2018 15:22:31 ,10,1,1.62000,1,5.40000,5.63000,51.060111,3.708571,1,1421,1,-7.600000,1,142.95,1,5.46,1,-86,5.75,3951.03,7,0
10/29/2018 15:22:31 ,10,1,1.62000,1,5.40000,5.63000,51.060111,3.708571,1,10004,1,-7.600000,1,142.95,1,5.46,1,-92,6.00,3917.48,7,1
10/29/2018 15:22:32 ,10,1,1.62000,1,5.40000,5.64000,51.060104,3.708588,1,10300,1,-9.300001,1,139.42,1,5.02,1,-92,6.00,3917.48,7,0
10/29/2018 15:22:33 ,10,1,1.62000,1,5.40000,5.64000,51.060100,3.708599,1,11132,1,-8.800001,1,137.46,1,4.39,1,-103,6.75,2162.16,9,1
10/29/2018 15:22:33 ,10,1,1.62000,1,5.40000,5.64000,51.060100,3.708599,1,11132,1,-8.800001,1,137.46,1,4.39,1,-103,6.75,2162.16,9,0
10/29/2018 15:22:35 ,10,1,1.62000,1,5.41000,5.64000,51.060085,3.708622,1,402,1,-8.800001,1,129.13,1,4.96,1,-103,6.75,2162.16,9,0
10/29/2018 15:22:36 ,10,1,1.62000,1,5.41000,5.65000,51.060077,3.708622,1,1030,1,-3.900000,1,146.94,1,4.20,1,-103,6.75,2162.16,9,0
10/29/2018 15:22:36 ,10,1,1.62000,1,5.41000,5.65000,51.060077,3.708622,1,3104,1,-3.900000,1,146.94,1,4.20,1,-114,5.75,2149.58,9,1
10/29/2018 15:22:37 ,10,1,1.62000,1,5.41000,5.65000,51.060070,3.708624,1,3203,1,-2.900000,1,146.94,1,3.33,1,-114,5.75,2149.58,9,0
10/29/2018 15:22:39 ,10,1,1.62000,1,5.42000,5.65000,51.060050,3.708639,1,3420,1,-0.300000,1,148.49,1,3.87,1,-114,5.75,2149.58,9,0
10/29/2018 15:22:40 ,10,1,1.62000,1,5.42000,5.66000,51.060047,3.708648,1,1302,1,2.400000,1,148.49,1,3.06,1,-109,5.25,-1435.76,12,1
10/29/2018 15:22:41 ,0,1,99.99000,1,99.99000,99.99000,51.060047,3.708648,1,20111,1,2.400000,1,148.49,1,3.06,1,-109,5.25,-1435.76,12,0
10/29/2018 15:22:43 ,10,1,1.62000,1,5.43000,5.66000,51.060028,3.708666,1,2044,1,15.500000,1,161.56,1,4.57,1,-109,5.25,-1435.76,12,0
10/29/2018 15:22:45 ,0,1,99.99000,1,99.99000,99.99000,51.060009,3.708672,1,20114,1,19.799999,1,157.56,1,7.37,1,-109,5.25,-1435.76,12,0
10/29/2018 15:22:47 ,10,1,1.79000,1,1.00000,2.05000,51.059955,3.708750,1,2232,1,8.100001,1,158.64,1,4.98,1,-109,5.25,-1435.76,12,0
10/29/2018 15:22:49 ,10,1,1.62000,1,5.44000,5.68000,51.059906,3.708771,1,2301,1,9.200000,1,158.64,1,2.37,1,-109,5.25,-1435.76,12,0
10/29/2018 15:22:49 ,10,1,1.62000,1,5.44000,5.68000,51.059906,3.708771,1,3022,1,9.200000,1,158.64,1,2.37,1,-104,5.00,-1452.02,12,1
10/29/2018 15:22:50 ,4,1,1.79000,1,1.00000,2.05000,51.059894,3.708803,1,3112,1,9.300001,1,158.64,1,4.50,1,-104,5.00,-1452.02,12,0
10/29/2018 15:22:52 ,4,1,1.79000,1,1.00000,2.05000,51.059860,3.708806,1,3123,1,8.500000,1,158.64,1,4.02,1,-104,5.00,-1452.02,12,0
10/29/2018 15:22:54 ,10,1,1.62000,1,5.46000,5.69000,51.059833,3.708802,1,3113,1,8.400000,1,179.08,1,4.98,1,-104,5.00,-1452.02,12,0
10/29/2018 15:22:56 ,10,1,1.62000,1,5.46000,5.70000,51.059822,3.708766,1,3141,1,8.600001,1,181.86,1,5.67,1,-104,5.00,-1452.02,12,0
10/29/2018 15:22:58 ,10,1,1.62000,1,5.47000,5.70000,51.059795,3.708768,1,3221,1,8.200000,1,171.86,1,6.13,1,-104,5.00,-1452.02,12,0
10/29/2018 15:22:58 ,10,1,1.62000,1,5.47000,5.70000,51.059795,3.708768,1,4233,1,8.200000,1,171.86,1,6.13,1,-112,5.00,-1459.36,12,1
10/29/2018 15:22:59 ,4,1,1.79000,1,1.00000,2.05000,51.059780,3.708778,1,4312,1,8.000000,1,164.77,1,6.22,1,-112,5.00,-1459.36,12,0
10/29/2018 15:23:01 ,10,1,1.62000,1,5.48000,5.71000,51.059757,3.708798,1,4311,1,7.900000,1,154.95,1,5.50,1,-112,5.00,-1459.36,12,0
10/29/2018 15:23:02 ,10,1,1.62000,1,5.48000,5.71000,51.059745,3.708807,1,4340,1,7.700000,1,155.41,1,4.87,1,-112,5.00,-1459.36,12,0
10/29/2018 15:23:02 ,10,1,1.62000,1,5.48000,5.71000,51.059745,3.708807,1,10310,1,7.700000,1,155.41,1,4.87,1,-92,6.25,3883.93,7,1
10/29/2018 15:23:03 ,10,1,1.62000,1,5.48000,5.71000,51.059734,3.708820,1,10343,1,7.600000,1,156.45,1,5.37,1,-92,6.25,3883.93,7,0
10/29/2018 15:23:04 ,10,1,1.62000,1,5.48000,5.72000,51.059722,3.708830,1,2020,1,7.500000,1,154.41,1,5.24,1,-93,6.00,3850.37,7,1
10/29/2018 15:23:05 ,10,1,1.62000,1,5.49000,5.72000,51.059711,3.708846,1,2124,1,7.400000,1,148.83,1,5.17,1,-93,6.00,3850.37,7,0
10/29/2018 15:23:05 ,10,1,1.62000,1,5.49000,5.72000,51.059711,3.708846,1,11232,1,7.400000,1,148.83,1,5.17,1,-96,6.50,3867.15,7,1
10/29/2018 15:23:07 ,10,1,1.62000,1,5.49000,5.72000,51.059696,3.708869,1,442,1,7.100000,1,145.81,1,4.32,1,-96,6.50,3867.15,7,0
10/29/2018 15:23:07 ,10,1,1.62000,1,5.49000,5.72000,51.059696,3.708869,1,10321,1,7.100000,1,145.81,1,4.32,1,-109,4.75,2111.83,9,1
10/29/2018 15:23:08 ,10,1,1.62000,1,5.49000,5.73000,51.059688,3.708884,1,10404,1,7.000000,1,142.56,1,4.09,1,-109,4.75,2111.83,9,0
10/29/2018 15:23:10 ,10,1,1.62000,1,5.50000,5.73000,51.059677,3.708924,1,2301,1,6.800000,1,112.83,1,4.48,1,-109,5.75,2120.22,9,1
10/29/2018 15:23:10 ,10,1,1.62000,1,5.50000,5.73000,51.059677,3.708924,1,2301,1,6.800000,1,112.83,1,4.48,1,-109,5.75,2120.22,9,0
10/29/2018 15:23:12 ,10,1,1.62000,1,5.50000,5.74000,51.059677,3.708962,1,2400,1,6.600000,1,94.39,1,4.52,1,-109,5.75,2120.22,9,0
10/29/2018 15:23:13 ,10,1,1.62000,1,5.51000,5.74000,51.059677,3.708988,1,3133,1,6.100000,1,82.86,1,4.98,1,-109,5.75,2120.22,9,0
10/29/2018 15:23:15 ,0,1,99.99000,1,99.99000,99.99000,51.059680,3.709012,1,21223,1,5.700000,1,78.32,1,4.44,1,-109,5.75,2120.22,9,0
10/29/2018 15:23:17 ,0,1,99.99000,1,99.99000,99.99000,51.059696,3.709056,1,233,1,5.700000,1,57.76,1,3.85,1,-110,4.50,-1480.33,12,1
10/29/2018 15:23:17 ,0,1,99.99000,1,99.99000,99.99000,51.059696,3.709056,1,233,1,5.700000,1,57.76,1,3.85,1,-110,4.50,-1480.33,12,0
10/29/2018 15:23:19 ,10,1,1.62000,1,5.52000,5.75000,51.059711,3.709080,1,2000,1,5.300000,1,58.12,1,3.85,1,-110,4.50,-1480.33,12,0
10/29/2018 15:23:21 ,10,1,1.72000,1,5.61000,5.87000,51.059722,3.709113,1,2114,1,5.100000,1,62.83,1,4.07,1,-110,4.50,-1480.33,12,0
10/29/2018 15:23:23 ,10,1,1.72000,1,5.61000,5.87000,51.059734,3.709143,1,2132,1,5.000000,1,58.61,1,3.52,1,-110,4.50,-1480.33,12,0
10/29/2018 15:23:25 ,11,1,1.25000,1,3.40000,3.63000,51.059753,3.709177,1,2133,1,4.800000,1,55.83,1,5.04,1,-110,4.50,-1480.33,12,0
10/29/2018 15:23:26 ,11,1,1.25000,1,3.40000,3.63000,51.059761,3.709192,1,1031,1,4.800000,1,54.15,1,4.98,1,-106,2.25,-1469.32,12,1
10/29/2018 15:23:27 ,11,1,1.25000,1,3.40000,3.63000,51.059768,3.709203,1,2122,1,4.900000,1,55.98,1,3.78,1,-106,2.25,-1469.32,12,0
10/29/2018 15:23:29 ,11,1,1.25000,1,3.40000,3.63000,51.059787,3.709228,1,2204,1,4.900000,1,51.70,1,3.89,1,-106,2.25,-1469.32,12,0
10/29/2018 15:23:31 ,11,1,1.25000,1,3.41000,3.63000,51.059803,3.709252,1,2241,1,4.900000,1,46.20,1,3.17,1,-106,2.25,-1469.32,12,0
10/29/2018 15:23:33 ,11,1,1.25000,1,3.41000,3.63000,51.059822,3.709278,1,2243,1,5.400000,1,54.38,1,3.28,1,-106,2.25,-1469.32,12,0
10/29/2018 15:23:35 ,11,1,1.25000,1,3.41000,3.63000,51.059833,3.709302,1,2312,1,5.800000,1,84.89,1,3.26,1,-107,4.25,-1468.79,12,1
10/29/2018 15:23:35 ,11,1,1.25000,1,3.41000,3.63000,51.059833,3.709302,1,2312,1,5.800000,1,84.89,1,3.26,1,-107,4.25,-1468.79,12,0
10/29/2018 15:23:37 ,11,1,1.26000,1,3.41000,3.63000,51.059841,3.709325,1,2340,1,6.200000,1,107.83,1,3.33,1,-107,4.25,-1468.79,12,0
10/29/2018 15:23:38 ,11,1,1.26000,1,3.41000,3.64000,51.059841,3.709336,1,3141,1,6.200000,1,113.11,1,3.22,1,-107,4.25,-1468.79,12,0
10/29/2018 15:23:38 ,11,1,1.26000,1,3.41000,3.64000,51.059841,3.709336,1,3243,1,6.200000,1,113.11,1,3.22,1,-89,5.50,3867.15,7,1
10/29/2018 15:23:39 ,11,1,1.26000,1,3.41000,3.64000,51.059841,3.709347,1,3344,1,6.200000,1,113.11,1,2.94,1,-89,5.50,3867.15,7,0
10/29/2018 15:23:40 ,11,1,1.26000,1,3.41000,3.64000,51.059841,3.709362,1,24,1,6.200000,1,113.11,1,3.54,1,-91,6.50,3850.37,7,1
10/29/2018 15:23:41 ,11,1,1.26000,1,3.41000,3.64000,51.059852,3.709380,1,1131,1,6.700000,1,85.30,1,4.89,1,-91,6.50,3850.37,7,0
10/29/2018 15:23:41 ,11,1,1.26000,1,3.41000,3.64000,51.059852,3.709380,1,10030,1,6.700000,1,85.30,1,4.89,1,-115,6.50,2111.83,9,1
10/29/2018 15:23:42 ,11,1,1.26000,1,3.41000,3.64000,51.059860,3.709397,1,10132,1,6.800000,1,85.30,1,4.57,1,-115,6.50,2111.83,9,0
10/29/2018 15:23:44 ,11,1,1.26000,1,3.42000,3.64000,51.059879,3.709414,1,2000,1,6.800000,1,85.30,1,3.19,1,-109,0.75,2090.86,9,1
10/29/2018 15:23:44 ,11,1,1.26000,1,3.42000,3.64000,51.059879,3.709414,1,2000,1,6.800000,1,85.30,1,3.19,1,-109,0.75,2090.86,9,0
10/29/2018 15:23:46 ,11,1,1.26000,1,3.42000,3.64000,51.059906,3.709422,1,2221,1,6.900000,1,21.43,1,4.83,1,-109,0.75,2090.86,9,0
10/29/2018 15:23:46 ,11,1,1.26000,1,3.42000,3.64000,51.059906,3.709422,1,11420,1,6.900000,1,21.43,1,4.83,1,-116,7.00,2095.05,9,1
10/29/2018 15:23:48 ,11,1,1.26000,1,3.42000,3.64000,51.059932,3.709454,1,44,1,6.800000,1,21.26,1,5.52,1,-116,7.00,2095.05,9,0
10/29/2018 15:23:49 ,11,1,1.26000,1,3.42000,3.64000,51.059944,3.709465,1,2133,1,6.600000,1,20.03,1,5.20,1,-116,7.00,2095.05,9,0
10/29/2018 15:23:51 ,11,1,1.26000,1,3.42000,3.65000,51.059947,3.709500,1,2211,1,7.600000,1,33.29,1,4.30,1,-116,7.00,2095.05,9,0
10/29/2018 15:23:53 ,11,1,1.26000,1,3.42000,3.65000,51.059951,3.709542,1,2310,1,8.300001,1,33.29,1,2.91,1,-116,7.00,2095.05,9,0
10/29/2018 15:23:53 ,11,1,1.26000,1,3.42000,3.65000,51.059951,3.709542,1,10400,1,8.300001,1,33.29,1,2.91,1,-119,4.50,-1502.87,12,1
10/29/2018 15:23:54 ,11,1,1.26000,1,3.42000,3.65000,51.059959,3.709572,1,10401,1,8.400000,1,37.30,1,4.61,1,-119,4.50,-1502.87,12,0
10/29/2018 15:23:56 ,11,1,1.26000,1,3.43000,3.65000,51.059955,3.709622,1,10431,1,8.400000,1,39.31,1,3.46,1,-119,4.50,-1502.87,12,0
10/29/2018 15:23:58 ,11,1,3.76000,1,4.24000,5.67000,51.059955,3.709662,1,11021,1,8.600001,1,39.31,1,3.33,1,-119,4.50,-1502.87,12,0
10/29/2018 15:24:00 ,11,1,1.26000,1,3.43000,3.65000,51.059963,3.709706,1,11041,1,8.500000,1,39.31,1,3.04,1,-119,4.50,-1502.87,12,0
10/29/2018 15:24:01 ,12,1,1.20000,1,2.75000,3.00000,51.060001,3.709721,1,11030,1,8.100001,1,30.33,1,7.17,1,-119,4.50,-1502.87,12,0
10/29/2018 15:24:03 ,12,1,3.24000,1,4.18000,5.29000,51.060031,3.709758,1,40,1,7.900000,1,34.79,1,6.43,1,-120,5.00,-1514.41,12,1
10/29/2018 15:24:03 ,12,1,3.24000,1,4.18000,5.29000,51.060031,3.709758,1,40,1,7.900000,1,34.79,1,6.43,1,-120,5.00,-1514.41,12,0
10/29/2018 15:24:04 ,11,1,1.20000,1,2.75000,3.00000,51.060039,3.709776,1,1321,1,7.900000,1,40.01,1,5.39,1,-120,5.00,-1514.41,12,0
10/29/2018 15:24:06 ,11,1,3.23000,1,4.18000,5.28000,51.060054,3.709808,1,2143,1,7.100000,1,54.23,1,4.22,1,-120,5.00,-1514.41,12,0
10/29/2018 15:24:08 ,12,1,1.21000,1,2.75000,3.00000,51.060077,3.709837,1,2240,1,7.400000,1,56.65,1,3.96,1,-120,5.00,-1514.41,12,0
10/29/2018 15:24:10 ,12,1,1.21000,1,2.75000,3.01000,51.060104,3.709866,1,2311,1,9.000000,1,56.65,1,3.69,1,-120,5.00,-1514.41,12,0
10/29/2018 15:24:12 ,12,1,1.21000,1,2.76000,3.01000,51.060115,3.709897,1,331,1,10.100001,1,52.75,1,4.15,1,-119,5.00,-1541.14,12,1
10/29/2018 15:24:12 ,12,1,1.21000,1,2.76000,3.01000,51.060115,3.709897,1,331,1,10.100001,1,52.75,1,4.15,1,-119,5.00,-1541.14,12,0
10/29/2018 15:24:12 ,12,1,1.21000,1,2.76000,3.01000,51.060115,3.709897,1,10003,1,10.100001,1,52.75,1,4.15,1,-108,6.25,3766.48,7,1
10/29/2018 15:24:13 ,12,1,1.21000,1,2.76000,3.01000,51.060115,3.709916,1,10110,1,11.000000,1,52.75,1,3.80,1,-108,6.25,3766.48,7,0
10/29/2018 15:24:14 ,12,1,1.21000,1,2.76000,3.01000,51.060127,3.709929,1,1244,1,12.500000,1,52.75,1,2.89,1,-102,5.75,3766.48,7,1
10/29/2018 15:24:15 ,12,1,1.21000,1,2.76000,3.01000,51.060127,3.709945,1,2141,1,13.100001,1,52.75,1,2.94,1,-102,5.75,3766.48,7,0
10/29/2018 15:24:15 ,12,1,1.21000,1,2.76000,3.01000,51.060127,3.709945,1,10441,1,13.100001,1,52.75,1,2.94,1,-114,5.00,3766.48,7,1
10/29/2018 15:24:17 ,12,1,3.21000,1,4.17000,5.27000,51.060134,3.709973,1,4,1,13.500000,1,52.75,1,2.83,1,-114,5.00,3766.48,7,0
10/29/2018 15:24:18 ,12,1,1.21000,1,2.76000,3.01000,51.060146,3.709987,1,242,1,15.400000,1,52.75,1,2.83,1,-114,5.00,2027.95,7,0
10/29/2018 15:24:18 ,12,1,1.21000,1,2.76000,3.01000,51.060146,3.709987,1,242,1,15.400000,1,52.75,1,2.83,1,-118,7.25,2027.95,9,1
10/29/2018 15:24:19 ,11,1,1.21000,1,2.76000,3.01000,51.060157,3.710005,1,2131,1,16.000000,1,59.98,1,4.33,1,-118,7.25,2027.95,9,0
10/29/2018 15:24:20 ,11,1,1.21000,1,2.76000,3.02000,51.060173,3.710020,1,11130,1,16.600000,1,59.98,1,4.22,1,-114,-6.00,2032.14,9,1
10/29/2018 15:24:20 ,11,1,1.21000,1,2.76000,3.02000,51.060173,3.710020,1,11130,1,16.600000,1,59.98,1,4.22,1,-114,-6.00,2032.14,9,0
10/29/2018 15:24:22 ,12,1,1.21000,1,2.76000,3.02000,51.060214,3.710065,1,11204,1,20.100000,1,63.89,1,6.32,1,-114,-6.00,2032.14,9,0
10/29/2018 15:24:24 ,11,1,1.21000,1,2.76000,3.02000,51.060249,3.710102,1,200,1,21.299999,1,60.18,1,5.61,1,-114,-6.00,2032.14,9,0
10/29/2018 15:24:25 ,12,1,1.21000,1,2.77000,3.02000,51.060256,3.710116,1,1420,1,21.200000,1,57.81,1,4.19,1,-114,-6.00,2032.14,9,0
10/29/2018 15:24:27 ,12,1,1.21000,1,2.77000,3.02000,51.060287,3.710140,1,2222,1,20.399999,1,44.82,1,4.04,1,-114,-6.00,2032.14,9,0
10/29/2018 15:24:29 ,12,1,1.21000,1,2.77000,3.02000,51.060306,3.710174,1,2304,1,18.899999,1,52.20,1,4.98,1,-114,-6.00,2032.14,9,0
10/29/2018 15:24:30 ,11,1,1.21000,1,2.77000,3.02000,51.060317,3.710190,1,3401,1,19.000000,1,57.19,1,4.91,1,-122,4.25,-1564.21,12,1
10/29/2018 15:24:30 ,11,1,1.21000,1,2.77000,3.02000,51.060317,3.710190,1,3401,1,19.000000,1,57.19,1,4.91,1,-122,4.25,-1564.21,12,0
10/29/2018 15:24:32 ,12,1,1.21000,1,2.77000,3.03000,51.060340,3.710223,1,3431,1,19.700000,1,63.61,1,4.94,1,-122,4.25,-1564.21,12,0
10/29/2018 15:24:34 ,12,1,1.21000,1,2.77000,3.03000,51.060359,3.710253,1,4010,1,19.600000,1,58.64,1,4.83,1,-122,4.25,-1564.21,12,0
10/29/2018 15:24:36 ,12,1,1.21000,1,2.78000,3.03000,51.060371,3.710287,1,4041,1,19.600000,1,59.49,1,5.06,1,-122,4.25,-1564.21,12,0
10/29/2018 15:24:38 ,12,1,1.21000,1,2.78000,3.03000,51.060390,3.710315,1,4103,1,19.399999,1,47.82,1,4.65,1,-122,4.25,-1564.21,12,0
10/29/2018 15:24:39 ,12,1,1.21000,1,2.78000,3.03000,51.060405,3.710327,1,10124,1,19.399999,1,40.69,1,4.89,1,-128,3.50,-1576.27,12,1
10/29/2018 15:24:39 ,12,1,1.21000,1,2.78000,3.03000,51.060405,3.710327,1,10124,1,19.399999,1,40.69,1,4.89,1,-128,3.50,-1576.27,12,0
10/29/2018 15:24:41 ,12,1,1.21000,1,2.78000,3.03000,51.060424,3.710357,1,10220,1,19.200000,1,49.36,1,5.44,1,-128,3.50,-1576.27,12,0
10/29/2018 15:24:43 ,12,1,1.21000,1,2.78000,3.03000,51.060459,3.710363,1,10302,1,19.700000,1,32.04,1,4.24,1,-128,3.50,-1576.27,12,0
10/29/2018 15:24:45 ,12,1,1.21000,1,2.78000,3.04000,51.060485,3.710372,1,10324,1,19.399999,1,21.51,1,5.72,1,-128,3.50,-1576.27,12,0
10/29/2018 15:24:47 ,12,1,1.48000,1,2.84000,3.21000,51.060520,3.710371,1,10404,1,19.799999,1,8.23,1,5.39,1,-128,3.50,-1576.27,12,0
10/29/2018 15:24:48 ,12,1,1.21000,1,2.79000,3.04000,51.060531,3.710386,1,2433,1,20.200000,1,13.25,1,4.67,1,-117,-2.75,3732.93,7,1
10/29/2018 15:24:49 ,12,1,1.21000,1,2.79000,3.04000,51.060539,3.710391,1,3000,1,19.600000,1,16.34,1,4.00,1,-117,-2.75,3732.93,7,0
10/29/2018 15:24:50 ,12,1,1.21000,1,2.79000,3.04000,51.060543,3.710400,1,203,1,19.600000,1,16.34,1,2.30,1,-124,-5.75,3783.26,7,1
10/29/2018 15:24:51 ,12,1,1.21000,1,2.79000,3.04000,51.060539,3.710395,1,1003,1,18.700000,1,16.34,1,1.63,1,-124,-5.75,3783.26,7,0
10/29/2018 15:24:52 ,12,1,3.15000,1,4.15000,5.21000,51.060543,3.710399,1,404,1,18.299999,1,16.34,1,1.87,1,127,3.25,2011.17,9,1
10/29/2018 15:24:52 ,12,1,3.15000,1,4.15000,5.21000,51.060543,3.710399,1,404,1,18.299999,1,16.34,1,1.87,1,127,3.25,2011.17,9,0
10/29/2018 15:24:54 ,12,1,1.21000,1,2.79000,3.04000,51.060543,3.710393,1,2200,1,17.899999,1,16.34,1,1.59,1,127,3.25,2011.17,9,0
10/29/2018 15:24:54 ,12,1,1.21000,1,2.79000,3.04000,51.060543,3.710393,1,10314,1,17.899999,1,16.34,1,1.59,1,-128,1.50,1986.00,9,1
10/29/2018 15:24:55 ,12,1,1.21000,1,2.79000,3.04000,51.060543,3.710400,1,2321,1,18.399999,1,16.34,1,1.02,1,-128,1.50,-5526.00,9,1
10/29/2018 15:24:55 ,12,1,1.21000,1,2.79000,3.04000,51.060543,3.710400,1,2321,1,18.399999,1,16.34,1,1.02,1,-128,1.50,-5526.00,9,0
10/29/2018 15:24:57 ,12,1,1.48000,1,2.85000,3.21000,51.060543,3.710437,1,2434,1,17.500000,1,16.34,1,2.63,1,-128,1.50,1851.79,9,0
10/29/2018 15:24:58 ,12,1,1.21000,1,2.79000,3.05000,51.060550,3.710448,1,220,1,17.100000,1,16.34,1,2.06,1,125,-5.25,-1595.67,12,1
10/29/2018 15:24:59 ,12,1,1.21000,1,2.80000,3.05000,51.060531,3.710475,1,1441,1,16.000000,1,16.34,1,2.91,1,125,-5.25,-1595.67,12,0
10/29/2018 15:25:01 ,12,1,1.22000,1,2.80000,3.05000,51.060546,3.710491,1,2202,1,15.500000,1,16.34,1,1.39,1,125,-5.25,-1595.67,12,0
10/29/2018 15:25:03 ,12,1,1.27000,1,3.48000,3.70000,51.060565,3.710528,1,2231,1,15.800001,1,16.34,1,3.11,1,125,-5.25,-1595.67,12,0
10/29/2018 15:25:05 ,12,1,1.22000,1,2.80000,3.05000,51.060565,3.710559,1,2241,1,15.600001,1,16.34,1,1.78,1,125,-5.25,-1595.67,12,0
10/29/2018 15:25:07 ,12,1,1.22000,1,2.80000,3.05000,51.060588,3.710528,1,1423,1,15.100001,1,316.55,1,5.63,1,125,-1.75,-1578.37,12,1
10/29/2018 15:25:07 ,12,1,1.22000,1,2.80000,3.05000,51.060588,3.710528,1,1423,1,15.100001,1,316.55,1,5.63,1,125,-1.75,-1578.37,12,0
10/29/2018 15:25:09 ,12,1,1.39000,1,3.04000,3.34000,51.060588,3.710514,1,2233,1,15.000000,1,305.19,1,5.39,1,125,-1.75,-1578.37,12,0
10/29/2018 15:25:11 ,12,1,1.22000,1,2.81000,3.06000,51.060588,3.710512,1,2330,1,14.800001,1,297.27,1,2.72,1,125,-1.75,-1578.37,12,0
10/29/2018 15:25:13 ,12,1,1.22000,1,2.81000,3.06000,51.060615,3.710526,1,2343,1,15.000000,1,297.27,1,1.17,1,125,-1.75,-1578.37,12,0
10/29/2018 15:25:15 ,12,1,1.22000,1,2.81000,3.06000,51.060649,3.710511,1,2400,1,15.300001,1,308.21,1,3.67,1,125,-1.75,-1578.37,12,0
10/29/2018 15:25:16 ,12,1,1.22000,1,2.81000,3.06000,51.060665,3.710496,1,3201,1,15.100001,1,309.34,1,4.83,1,126,-2.00,-1572.60,12,1
10/29/2018 15:25:16 ,12,1,1.22000,1,2.81000,3.06000,51.060665,3.710496,1,3201,1,15.100001,1,309.34,1,4.83,1,126,-2.00,-1572.60,12,0
10/29/2018 15:25:18 ,12,1,1.29000,1,2.87000,3.14000,51.060695,3.710506,1,3242,1,15.700000,1,336.16,1,3.69,1,126,-2.00,-1572.60,12,0
10/29/2018 15:25:20 ,11,1,1.29000,1,2.87000,3.14000,51.060707,3.710499,1,3341,1,16.000000,1,336.16,1,1.56,1,126,-2.00,-1572.60,12,0
10/29/2018 15:25:22 ,12,1,1.22000,1,2.81000,3.07000,51.060714,3.710496,1,4132,1,15.900000,1,336.16,1,0.35,1,126,-2.00,-1572.60,12,0
10/29/2018 15:25:22 ,12,1,1.22000,1,2.81000,3.07000,51.060714,3.710496,1,4231,1,15.900000,1,336.16,1,0.35,1,-123,-4.75,3749.71,7,1
10/29/2018 15:25:23 ,12,1,5.52000,1,6.88000,8.82000,51.060722,3.710513,1,4311,1,16.000000,1,336.16,1,2.50,1,-123,-4.75,3749.71,7,0
10/29/2018 15:25:24 ,12,1,1.22000,1,2.82000,3.07000,51.060737,3.710527,1,1000,1,16.500000,1,336.16,1,3.26,1,-119,1.50,3783.26,7,1
10/29/2018 15:25:25 ,12,1,1.22000,1,2.82000,3.07000,51.060749,3.710511,1,2131,1,17.000000,1,336.16,1,1.13,1,-119,1.50,3783.26,7,0
10/29/2018 15:25:26 ,12,1,1.22000,1,2.82000,3.07000,51.060760,3.710516,1,103,1,17.600000,1,336.16,1,1.00,1,126,0.50,2015.36,9,1
10/29/2018 15:25:27 ,12,1,1.22000,1,2.82000,3.07000,51.060783,3.710517,1,1323,1,18.100000,1,336.16,1,1.09,1,126,0.50,2015.36,9,0
10/29/2018 15:25:28 ,12,1,1.29000,1,2.88000,3.15000,51.060798,3.710514,1,10024,1,18.500000,1,336.16,1,0.41,1,125,0.00,2006.97,9,1
10/29/2018 15:25:28 ,12,1,1.29000,1,2.88000,3.15000,51.060798,3.710514,1,10024,1,18.500000,1,336.16,1,0.41,1,125,0.00,2006.97,9,0
10/29/2018 15:25:30 ,12,1,1.22000,1,2.82000,3.07000,51.060813,3.710525,1,10122,1,18.299999,1,336.16,1,1.09,1,125,0.00,2006.97,9,0
10/29/2018 15:25:31 ,12,1,1.22000,1,2.82000,3.08000,51.060836,3.710538,1,1440,1,18.299999,1,336.16,1,2.04,1,-127,4.50,2019.56,9,1
10/29/2018 15:25:32 ,12,1,1.22000,1,2.82000,3.08000,51.060825,3.710535,1,2133,1,19.100000,1,231.91,1,4.20,1,-127,4.50,2019.56,9,0
10/29/2018 15:25:33 ,12,1,1.22000,1,2.82000,3.08000,51.060848,3.710531,1,3000,1,19.600000,1,231.91,1,2.65,1,-127,4.50,2019.56,9,0
10/29/2018 15:25:34 ,12,1,1.22000,1,2.82000,3.08000,51.060859,3.710528,1,11241,1,19.899999,1,231.91,1,1.87,1,125,-5.50,-1556.35,12,1
10/29/2018 15:25:34 ,12,1,1.22000,1,2.82000,3.08000,51.060859,3.710528,1,11241,1,19.899999,1,231.91,1,1.87,1,125,-5.50,-1556.35,12,0
10/29/2018 15:25:36 ,12,1,1.22000,1,2.83000,3.08000,51.060886,3.710533,1,1110,1,20.100000,1,231.91,1,0.20,1,125,-5.50,-1556.35,12,0
10/29/2018 15:25:38 ,12,1,1.22000,1,2.83000,3.08000,51.060913,3.710533,1,2134,1,21.200000,1,231.91,1,2.20,1,125,-5.50,-1556.35,12,0
10/29/2018 15:25:40 ,12,1,1.22000,1,2.83000,3.08000,51.060928,3.710536,1,2202,1,21.200000,1,231.91,1,0.74,1,125,-5.50,-1556.35,12,0
10/29/2018 15:25:42 ,12,1,1.22000,1,2.83000,3.08000,51.060962,3.710524,1,2214,1,21.100000,1,231.91,1,1.35,1,125,-5.50,-1556.35,12,0
10/29/2018 15:25:44 ,11,1,1.29000,1,2.83000,3.09000,51.060981,3.710500,1,22,1,20.600000,1,231.91,1,2.96,1,126,-3.50,-1554.78,12,1
10/29/2018 15:25:44 ,11,1,1.29000,1,2.83000,3.09000,51.060981,3.710500,1,22,1,20.600000,1,231.91,1,2.96,1,126,-3.50,-1554.78,12,0
10/29/2018 15:25:46 ,11,1,1.39000,1,3.07000,3.38000,51.061012,3.710478,1,2123,1,21.299999,1,231.91,1,1.76,1,126,-3.50,-1554.78,12,0
10/29/2018 15:25:48 ,12,1,1.29000,1,2.90000,3.17000,51.061031,3.710504,1,2140,1,20.700000,1,231.91,1,3.57,1,126,-3.50,-1554.78,12,0
10/29/2018 15:25:50 ,12,1,1.29000,1,2.90000,3.17000,51.061023,3.710502,1,2212,1,19.899999,1,193.36,1,3.91,1,126,-3.50,-1554.78,12,0
10/29/2018 15:25:52 ,12,1,1.22000,1,2.84000,3.09000,51.061084,3.710477,1,2212,1,20.700000,1,276.24,1,4.15,1,126,-3.50,-1554.78,12,0
10/29/2018 15:25:53 ,12,1,1.22000,1,2.84000,3.09000,51.061103,3.710479,1,1230,1,20.799999,1,307.11,1,3.19,1,126,-2.75,-1542.72,12,1
10/29/2018 15:25:54 ,12,1,1.22000,1,2.84000,3.09000,51.061103,3.710463,1,2204,1,20.899999,1,307.11,1,2.98,1,126,-2.75,-1542.72,12,0
10/29/2018 15:25:56 ,12,1,1.23000,1,2.84000,3.10000,51.061145,3.710444,1,2214,1,20.000000,1,304.22,1,3.50,1,126,-2.75,-1542.72,12,0
10/29/2018 15:25:58 ,12,1,1.23000,1,2.85000,3.10000,51.061183,3.710445,1,2214,1,19.899999,1,304.22,1,1.96,1,-122,-3.00,3833.59,7,1
10/29/2018 15:25:58 ,12,1,1.23000,1,2.85000,3.10000,51.061183,3.710445,1,2214,1,19.899999,1,304.22,1,1.96,1,-122,-3.00,3833.59,7,0
10/29/2018 15:25:59 ,12,1,1.23000,1,2.85000,3.10000,51.061210,3.710464,1,11421,1,17.700000,1,304.22,1,2.87,1,-123,-3.00,3800.04,7,1
10/29/2018 15:25:59 ,12,1,1.23000,1,2.85000,3.10000,51.061210,3.710464,1,11421,1,17.700000,1,304.22,1,2.87,1,-123,-3.00,3800.04,7,0
10/29/2018 15:26:01 ,12,1,1.23000,1,2.85000,3.10000,51.061279,3.710472,1,1301,1,13.800001,1,304.22,1,1.94,1,-123,-3.00,3800.04,7,0
10/29/2018 15:26:02 ,12,1,1.23000,1,2.85000,3.10000,51.061290,3.710468,1,2410,1,12.200000,1,304.22,1,1.67,1,-123,-3.00,3800.04,7,0
10/29/2018 15:26:02 ,12,1,1.23000,1,2.85000,3.10000,51.061290,3.710468,1,4221,1,12.200000,1,304.22,1,1.67,1,126,0.00,2040.53,9,1
10/29/2018 15:26:03 ,12,1,1.23000,1,2.85000,3.10000,51.061290,3.710486,1,4243,1,12.700000,1,304.22,1,2.13,1,126,0.00,2040.53,9,0
10/29/2018 15:26:05 ,12,1,1.23000,1,2.85000,3.10000,51.061340,3.710473,1,1140,1,15.000000,1,304.22,1,1.96,1,127,2.75,2036.33,9,1
10/29/2018 15:26:05 ,12,1,1.23000,1,2.85000,3.10000,51.061340,3.710473,1,1140,1,15.000000,1,304.22,1,1.96,1,127,2.75,2036.33,9,0
10/29/2018 15:26:07 ,12,1,1.23000,1,2.85000,3.10000,51.061363,3.710481,1,300,1,14.700000,1,304.22,1,0.35,1,127,2.75,-3047.16,9,1
10/29/2018 15:26:07 ,12,1,1.23000,1,2.85000,3.10000,51.061363,3.710481,1,300,1,14.700000,1,304.22,1,0.35,1,127,2.75,-3047.16,9,0
10/29/2018 15:26:09 ,12,1,1.23000,1,2.85000,3.11000,51.061389,3.710471,1,2342,1,12.800001,1,304.22,1,2.32,1,127,2.75,1897.92,9,0
10/29/2018 15:26:11 ,12,1,1.23000,1,2.86000,3.11000,51.061408,3.710480,1,2414,1,12.800001,1,304.22,1,1.63,1,127,2.75,1897.92,9,0
10/29/2018 15:26:11 ,12,1,1.23000,1,2.86000,3.11000,51.061408,3.710480,1,4320,1,12.800001,1,304.22,1,1.63,1,124,-6.25,-1537.47,12,1
10/29/2018 15:26:12 ,12,1,1.23000,1,2.86000,3.11000,51.061439,3.710453,1,4333,1,12.800001,1,323.52,1,6.39,1,124,-6.25,-1537.47,12,0
10/29/2018 15:26:14 ,12,1,1.23000,1,2.86000,3.11000,51.061477,3.710431,1,4400,1,13.300001,1,339.49,1,5.54,1,124,-6.25,-1537.47,12,0
10/29/2018 15:26:16 ,12,1,1.23000,1,2.86000,3.11000,51.061511,3.710410,1,4421,1,13.000000,1,345.31,1,4.85,1,124,-6.25,-1537.47,12,0
10/29/2018 15:26:18 ,12,1,1.23000,1,2.86000,3.12000,51.061550,3.710388,1,4442,1,13.600001,1,350.66,1,5.70,1,124,-6.25,-1537.47,12,0
10/29/2018 15:26:20 ,12,1,1.23000,1,2.86000,3.12000,51.061573,3.710374,1,10023,1,14.200000,1,353.26,1,2.74,1,124,-6.25,-1537.47,12,0
10/29/2018 15:26:20 ,12,1,1.23000,1,2.86000,3.12000,51.061573,3.710374,1,11022,1,14.200000,1,353.26,1,2.74,1,126,-3.25,-1564.21,12,1
10/29/2018 15:26:21 ,12,1,1.23000,1,2.86000,3.12000,51.061588,3.710381,1,11044,1,13.800001,1,14.21,1,4.02,1,126,-3.25,-1564.21,12,0
10/29/2018 15:26:23 ,12,1,1.23000,1,2.87000,3.12000,51.061603,3.710364,1,11201,1,14.500000,1,14.21,1,1.31,1,126,-3.25,-1564.21,12,0
10/29/2018 15:26:25 ,12,1,1.23000,1,2.87000,3.12000,51.061603,3.710348,1,11210,1,15.100001,1,14.21,1,1.54,1,126,-3.25,-1564.21,12,0
10/29/2018 15:26:27 ,12,1,1.23000,1,2.94000,3.21000,51.061607,3.710356,1,244,1,15.100001,1,14.21,1,2.07,1,126,-3.25,-1564.21,12,0
10/29/2018 15:26:28 ,11,1,1.30000,1,2.94000,3.21000,51.061599,3.710358,1,421,1,15.000000,1,61.69,1,3.83,1,126,-3.25,-1564.21,12,0
10/29/2018 15:26:29 ,12,1,1.23000,1,2.87000,3.12000,51.061592,3.710363,1,2131,1,15.100001,1,134.72,1,4.06,1,126,-3.25,-1564.21,12,0
10/29/2018 15:26:30 ,12,1,1.23000,1,2.87000,3.12000,51.061595,3.710383,1,311,1,15.100001,1,127.57,1,4.76,1,126,0.00,-1568.93,12,1
10/29/2018 15:26:31 ,12,1,1.23000,1,2.87000,3.13000,51.061592,3.710401,1,443,1,14.600001,1,124.95,1,4.72,1,126,0.00,-1568.93,12,0
10/29/2018 15:26:32 ,12,1,1.23000,1,2.87000,3.13000,51.061603,3.710421,1,2110,1,16.000000,1,111.65,1,4.20,1,126,0.00,-1568.93,12,0
10/29/2018 15:26:34 ,12,1,1.23000,1,2.88000,3.13000,51.061645,3.710480,1,132,1,14.500000,1,59.04,1,10.43,1,-120,2.75,3783.26,7,1
10/29/2018 15:26:34 ,12,1,1.23000,1,2.88000,3.13000,51.061645,3.710480,1,132,1,14.500000,1,59.04,1,10.43,1,-120,2.75,3783.26,7,0
10/29/2018 15:26:35 ,12,1,1.23000,1,2.88000,3.13000,51.061656,3.710507,1,4330,1,14.100001,1,56.33,1,8.37,1,-123,-6.00,3867.15,7,1
10/29/2018 15:26:35 ,12,1,1.23000,1,2.88000,3.13000,51.061656,3.710507,1,4330,1,14.100001,1,56.33,1,8.37,1,-123,-6.00,3867.15,7,0
10/29/2018 15:26:37 ,12,1,1.23000,1,2.88000,3.13000,51.061679,3.710532,1,10202,1,12.800001,1,49.15,1,5.24,1,-123,-6.00,3867.15,7,0
10/29/2018 15:26:39 ,12,1,1.23000,1,2.88000,3.13000,51.061695,3.710545,1,333,1,12.800001,1,43.96,1,3.43,1,124,-7.25,2011.17,9,1
10/29/2018 15:26:39 ,12,1,1.23000,1,2.88000,3.13000,51.061695,3.710545,1,333,1,12.800001,1,43.96,1,3.43,1,124,-7.25,2011.17,9,0
10/29/2018 15:26:40 ,12,1,1.23000,1,2.88000,3.13000,51.061706,3.710553,1,2120,1,12.200000,1,40.03,1,3.87,1,124,-7.25,2011.17,9,0
10/29/2018 15:26:41 ,12,1,1.23000,1,2.88000,3.13000,51.061717,3.710565,1,10231,1,12.000000,1,39.28,1,3.82,1,125,-1.00,2006.97,9,1
10/29/2018 15:26:41 ,12,1,1.23000,1,2.88000,3.13000,51.061717,3.710565,1,10231,1,12.000000,1,39.28,1,3.82,1,125,-1.00,2006.97,9,0
10/29/2018 15:26:43 ,12,1,1.23000,1,2.88000,3.14000,51.061733,3.710587,1,11113,1,11.500000,1,36.33,1,2.87,1,125,-1.00,2006.97,9,0
10/29/2018 15:26:45 ,12,1,1.23000,1,2.89000,3.14000,51.061752,3.710612,1,11133,1,11.000000,1,36.33,1,3.56,1,125,-1.00,2006.97,9,0
10/29/2018 15:26:47 ,12,1,1.24000,1,2.89000,3.14000,51.061748,3.710632,1,11220,1,8.900000,1,36.33,1,1.31,1,125,-1.00,2006.97,9,0
10/29/2018 15:26:48 ,12,1,1.24000,1,2.89000,3.14000,51.061756,3.710645,1,2344,1,8.600001,1,36.33,1,1.83,1,124,-3.75,-1573.65,12,1
10/29/2018 15:26:49 ,12,1,1.24000,1,2.89000,3.14000,51.061767,3.710656,1,2400,1,8.500000,1,38.26,1,3.43,1,124,-3.75,-1573.65,12,0
10/29/2018 15:26:51 ,12,1,1.24000,1,2.89000,3.14000,51.061775,3.710682,1,2440,1,7.300000,1,38.26,1,2.56,1,124,-3.75,-1573.65,12,0
10/29/2018 15:26:53 ,12,1,1.24000,1,2.89000,3.15000,51.061794,3.710701,1,3003,1,7.200000,1,36.06,1,3.11,1,124,-3.75,-1573.65,12,0
10/29/2018 15:26:55 ,12,1,1.24000,1,2.89000,3.15000,51.061817,3.710719,1,3021,1,6.800000,1,24.56,1,5.00,1,124,-3.75,-1573.65,12,0
10/29/2018 15:26:57 ,12,1,1.24000,1,2.90000,3.15000,51.061847,3.710735,1,3101,1,6.900000,1,7.64,1,4.63,1,124,-3.75,-1573.65,12,0
10/29/2018 15:26:57 ,12,1,1.24000,1,2.90000,3.15000,51.061847,3.710735,1,4114,1,6.900000,1,7.64,1,4.63,1,125,-5.50,-1573.65,12,1
10/29/2018 15:26:58 ,12,1,1.24000,1,2.90000,3.15000,51.061866,3.710748,1,4143,1,7.000000,1,9.31,1,5.22,1,125,-5.50,-1573.65,12,0
10/29/2018 15:27:00 ,12,1,1.24000,1,2.90000,3.15000,51.061874,3.710784,1,4224,1,6.700000,1,9.31,1,2.67,1,125,-5.50,-1573.65,12,0
10/29/2018 15:27:02 ,12,1,1.24000,1,2.90000,3.15000,51.061904,3.710814,1,4223,1,6.800000,1,32.48,1,4.67,1,125,-5.50,-1573.65,12,0
10/29/2018 15:27:04 ,12,1,1.24000,1,2.90000,3.15000,51.061927,3.710842,1,4244,1,6.300000,1,39.35,1,4.87,1,125,-5.50,-1573.65,12,0
10/29/2018 15:27:06 ,12,1,1.24000,1,2.90000,3.16000,51.061943,3.710875,1,4321,1,5.500000,1,38.06,1,3.93,1,125,-5.50,-1573.65,12,0
10/29/2018 15:27:06 ,12,1,1.24000,1,2.90000,3.16000,51.061943,3.710875,1,10334,1,5.500000,1,38.06,1,3.93,1,125,-2.75,-1577.84,12,1
10/29/2018 15:27:07 ,12,1,1.24000,1,2.90000,3.16000,51.061946,3.710910,1,10410,1,5.100000,1,34.44,1,4.54,1,125,-2.75,-1577.84,12,0
10/29/2018 15:27:08 ,12,1,1.24000,1,2.90000,3.16000,51.061950,3.710919,1,1431,1,4.300000,1,34.44,1,2.67,1,-123,-3.25,3716.15,7,1
10/29/2018 15:27:09 ,12,1,1.24000,1,2.91000,3.16000,51.061958,3.710928,1,2132,1,3.900000,1,34.44,1,3.17,1,-123,-3.25,3716.15,7,0
10/29/2018 15:27:09 ,12,1,1.24000,1,2.91000,3.16000,51.061958,3.710928,1,11121,1,3.900000,1,34.44,1,3.17,1,-122,-0.25,3749.71,7,1
10/29/2018 15:27:10 ,12,1,1.24000,1,2.91000,3.16000,51.061965,3.710964,1,11134,1,3.900000,1,36.17,1,3.52,1,-122,-0.25,3749.71,7,0
10/29/2018 15:27:11 ,12,1,1.24000,1,2.91000,3.16000,51.061981,3.710981,1,11212,1,4.300000,1,38.58,1,3.35,1,-122,-0.25,3749.71,7,0
10/29/2018 15:27:13 ,12,1,1.24000,1,2.91000,3.16000,51.062004,3.711009,1,3,1,4.500000,1,53.29,1,3.44,1,126,1.75,1990.20,9,1
10/29/2018 15:27:13 ,12,1,1.24000,1,2.91000,3.16000,51.062004,3.711009,1,3,1,4.500000,1,53.29,1,3.44,1,126,1.75,1990.20,9,0
10/29/2018 15:27:15 ,12,1,1.24000,1,2.91000,3.16000,51.062038,3.711028,1,2130,1,4.900000,1,40.52,1,3.39,1,126,1.75,1990.20,9,0
10/29/2018 15:27:15 ,12,1,1.24000,1,2.91000,3.16000,51.062038,3.711028,1,4423,1,4.900000,1,40.52,1,3.39,1,125,-4.75,1998.59,9,1
10/29/2018 15:27:16 ,12,1,1.24000,1,2.91000,3.17000,51.062053,3.711033,1,10003,1,4.800000,1,21.08,1,3.98,1,125,-4.75,1998.59,9,0
10/29/2018 15:27:18 ,12,1,1.24000,1,2.91000,3.17000,51.062072,3.711064,1,1410,1,4.900000,1,21.71,1,3.98,1,125,0.25,1990.20,9,1
10/29/2018 15:27:18 ,12,1,1.24000,1,2.91000,3.17000,51.062072,3.711064,1,1410,1,4.900000,1,21.71,1,3.98,1,125,0.25,1990.20,9,0
10/29/2018 15:27:19 ,12,1,1.24000,1,2.91000,3.17000,51.062084,3.711082,1,2422,1,4.900000,1,21.36,1,4.02,1,125,0.25,1990.20,9,0
10/29/2018 15:27:21 ,12,1,1.24000,1,2.92000,3.17000,51.062084,3.711142,1,2443,1,4.100000,1,37.79,1,3.00,1,125,0.25,1990.20,9,0
10/29/2018 15:27:23 ,12,1,1.24000,1,2.92000,3.17000,51.062099,3.711180,1,3014,1,3.800000,1,42.07,1,3.43,1,125,0.25,1990.20,9,0
10/29/2018 15:27:25 ,11,1,1.51000,1,2.95000,3.31000,51.062118,3.711203,1,400,1,3.700000,1,30.17,1,3.93,1,125,-1.25,-1586.23,12,1
10/29/2018 15:27:25 ,11,1,1.51000,1,2.95000,3.31000,51.062118,3.711203,1,400,1,3.700000,1,30.17,1,3.93,1,125,-1.25,-1586.23,12,0
10/29/2018 15:27:27 ,12,1,1.24000,1,2.92000,3.17000,51.062133,3.711219,1,2434,1,3.200000,1,37.77,1,2.50,1,125,-1.25,-1586.23,12,0
10/29/2018 15:27:28 ,12,1,1.24000,1,2.92000,3.18000,51.062145,3.711227,1,3001,1,3.200000,1,37.77,1,3.35,1,125,-1.25,-1586.23,12,0
10/29/2018 15:27:30 ,12,1,1.24000,1,2.92000,3.18000,51.062156,3.711271,1,3004,1,2.500000,1,36.56,1,4.74,1,125,-1.25,-1586.23,12,0
10/29/2018 15:27:32 ,12,1,1.24000,1,2.93000,3.18000,51.062187,3.711289,1,3034,1,2.700000,1,29.72,1,4.65,1,125,-1.25,-1586.23,12,0
10/29/2018 15:27:34 ,12,1,1.24000,1,2.93000,3.18000,51.062217,3.711311,1,2141,1,3.000000,1,32.05,1,3.83,1,124,-4.25,-1588.85,12,1
10/29/2018 15:27:34 ,12,1,1.24000,1,2.93000,3.18000,51.062217,3.711311,1,2141,1,3.000000,1,32.05,1,3.83,1,124,-4.25,-1588.85,12,0
10/29/2018 15:27:35 ,12,1,1.24000,1,2.93000,3.18000,51.062225,3.711331,1,2223,1,3.100000,1,35.26,1,3.43,1,124,-4.25,-1588.85,12,0
10/29/2018 15:27:37 ,12,1,1.25000,1,2.93000,3.18000,51.062248,3.711364,1,2312,1,3.200000,1,45.52,1,5.02,1,124,-4.25,-1588.85,12,0
10/29/2018 15:27:38 ,12,1,1.25000,1,2.93000,3.18000,51.062255,3.711374,1,2403,1,3.200000,1,45.52,1,3.44,1,124,-4.25,-1588.85,12,0
10/29/2018 15:27:40 ,12,1,1.25000,1,2.93000,3.19000,51.062271,3.711395,1,2404,1,2.700000,1,45.09,1,3.85,1,124,-4.25,-1588.85,12,0
10/29/2018 15:27:42 ,12,1,1.25000,1,2.93000,3.19000,51.062290,3.711424,1,3001,1,2.500000,1,45.17,1,3.11,1,124,-4.25,-1588.85,12,0
10/29/2018 15:27:43 ,12,1,1.25000,1,2.93000,3.19000,51.062297,3.711434,1,3210,1,2.500000,1,41.52,1,3.32,1,124,-4.25,-1588.85,12,0
10/29/2018 15:27:44 ,12,1,1.25000,1,2.94000,3.19000,51.062301,3.711447,1,3243,1,2.000000,1,41.60,1,3.46,1,124,-4.25,-1588.85,12,0
10/29/2018 15:27:46 ,12,1,1.25000,1,2.94000,3.19000,51.062328,3.711470,1,4034,1,1.900000,1,36.41,1,4.82,1,124,-4.25,-1588.85,12,0
10/29/2018 15:27:47 ,12,1,1.25000,1,2.94000,3.19000,51.062339,3.711480,1,141,1,1.900000,1,33.12,1,4.69,1,125,0.00,1969.23,9,1
10/29/2018 15:27:48 ,12,1,1.25000,1,2.94000,3.19000,51.062351,3.711483,1,1002,1,1.600000,1,33.12,1,3.06,1,125,0.00,1969.23,9,0
10/29/2018 15:27:49 ,12,1,1.25000,1,2.94000,3.19000,51.062358,3.711492,1,2110,1,1.200000,1,33.12,1,3.13,1,125,0.00,1969.23,9,0
10/29/2018 15:27:49 ,12,1,1.25000,1,2.94000,3.19000,51.062358,3.711492,1,4140,1,1.200000,1,33.12,1,3.13,1,124,-3.00,1960.84,9,1
10/29/2018 15:27:50 ,12,1,1.25000,1,2.94000,3.19000,51.062370,3.711499,1,4223,1,1.500000,1,33.12,1,3.20,1,124,-3.00,1960.84,9,0
10/29/2018 15:27:52 ,12,1,1.25000,1,2.94000,3.20000,51.062393,3.711533,1,4444,1,1.200000,1,36.59,1,4.46,1,124,-3.00,1960.84,9,0
10/29/2018 15:27:52 ,12,1,1.25000,1,2.94000,3.20000,51.062393,3.711533,1,10201,1,1.200000,1,36.59,1,4.46,1,124,-0.75,-1615.07,12,1
10/29/2018 15:27:53 ,12,1,1.25000,1,2.94000,3.20000,51.062408,3.711553,1,10230,1,1.300000,1,37.37,1,4.41,1,124,-0.75,-1615.07,12,0
10/29/2018 15:27:54 ,12,1,1.31000,1,3.05000,3.32000,51.062412,3.711577,1,10303,1,1.000000,1,42.30,1,3.87,1,124,-0.75,-1615.07,12,0
10/29/2018 15:27:56 ,12,1,1.32000,1,3.05000,3.32000,51.062435,3.711614,1,10330,1,1.200000,1,44.14,1,5.06,1,124,-0.75,-1615.07,12,0
10/29/2018 15:27:58 ,12,1,1.25000,1,2.95000,3.20000,51.062465,3.711625,1,10342,1,2.000000,1,21.75,1,4.28,1,124,-0.75,-1615.07,12,0
10/29/2018 15:28:00 ,12,1,1.25000,1,2.95000,3.20000,51.062500,3.711632,1,10414,1,2.300000,1,7.88,1,4.72,1,124,-0.75,-1615.07,12,0
10/29/2018 15:28:01 ,12,1,1.25000,1,2.95000,3.20000,51.062519,3.711628,1,11441,1,2.500000,1,0.16,1,5.48,1,124,-4.00,-1606.16,12,1
10/29/2018 15:28:01 ,12,1,1.25000,1,2.95000,3.20000,51.062519,3.711628,1,11441,1,2.500000,1,0.16,1,5.48,1,124,-4.00,-1606.16,12,0
10/29/2018 15:28:03 ,11,1,2.87000,1,4.04000,4.96000,51.062541,3.711645,1,1312,1,2.500000,1,17.44,1,4.70,1,124,-4.00,-1606.16,12,0
10/29/2018 15:28:05 ,12,1,1.25000,1,2.95000,3.21000,51.062549,3.711645,1,2141,1,2.800000,1,17.44,1,2.83,1,124,-4.00,-1606.16,12,0
10/29/2018 15:28:07 ,12,1,1.25000,1,2.96000,3.21000,51.062572,3.711642,1,2143,1,3.200000,1,3.32,1,3.63,1,124,-4.00,-1606.16,12,0
10/29/2018 15:28:09 ,12,1,1.25000,1,2.96000,3.21000,51.062606,3.711633,1,2210,1,4.200000,1,356.54,1,4.70,1,124,-4.00,-1606.16,12,0
10/29/2018 15:28:10 ,12,1,1.25000,1,2.96000,3.21000,51.062622,3.711621,1,2231,1,4.300000,1,351.70,1,5.20,1,124,-4.00,-1606.16,12,0
10/29/2018 15:28:11 ,12,1,1.25000,1,2.96000,3.21000,51.062637,3.711609,1,202,1,4.800000,1,347.42,1,4.98,1,127,1.50,-1628.18,12,1
10/29/2018 15:28:12 ,12,1,1.25000,1,2.96000,3.21000,51.062648,3.711587,1,1331,1,5.600000,1,340.71,1,5.57,1,127,1.50,-1628.18,12,0
10/29/2018 15:28:14 ,12,1,1.25000,1,2.96000,3.22000,51.062683,3.711569,1,2140,1,5.300000,1,351.73,1,6.89,1,127,1.50,-1628.18,12,0
10/29/2018 15:28:16 ,12,1,1.25000,1,2.96000,3.22000,51.062705,3.711539,1,2203,1,5.700000,1,339.39,1,5.00,1,127,1.50,-1628.18,12,0
10/29/2018 15:28:16 ,12,1,1.25000,1,2.96000,3.22000,51.062705,3.711539,1,4334,1,5.700000,1,339.39,1,5.00,1,-116,4.25,3732.93,7,1
10/29/2018 15:28:17 ,12,1,1.25000,1,2.96000,3.22000,51.062732,3.711504,1,4410,1,4.500000,1,335.31,1,13.08,1,-116,4.25,3732.93,7,0
10/29/2018 15:28:18 ,12,1,1.25000,1,2.96000,3.22000,51.062751,3.711487,1,1043,1,4.200000,1,335.41,1,9.37,1,-123,-2.75,3716.15,7,1
10/29/2018 15:28:19 ,12,1,1.25000,1,2.97000,3.22000,51.062774,3.711471,1,2111,1,4.300000,1,339.92,1,10.46,1,-123,-2.75,3716.15,7,0
10/29/2018 15:28:19 ,12,1,1.25000,1,2.97000,3.22000,51.062774,3.711471,1,10240,1,4.300000,1,339.92,1,10.46,1,-122,-5.00,3682.60,7,1
10/29/2018 15:28:20 ,12,1,1.25000,1,2.97000,3.22000,51.062786,3.711444,1,11030,1,3.700000,1,334.74,1,8.70,1,-122,-5.00,3682.60,7,0
10/29/2018 15:28:20 ,12,1,1.25000,1,2.97000,3.22000,51.062786,3.711444,1,11333,1,3.700000,1,334.74,1,8.70,1,124,-2.25,1969.23,9,1
10/29/2018 15:28:22 ,11,1,2.31000,1,2.97000,3.22000,51.062839,3.711405,1,20,1,3.900000,1,338.73,1,11.63,1,124,-2.25,1969.23,9,0
10/29/2018 15:28:23 ,12,1,1.25000,1,2.97000,3.22000,51.062850,3.711396,1,1130,1,3.500000,1,339.83,1,8.61,1,124,-2.25,1969.23,9,0
10/29/2018 15:28:23 ,12,1,1.25000,1,2.97000,3.22000,51.062850,3.711396,1,3303,1,3.500000,1,339.83,1,8.61,1,-128,3.25,1981.81,9,1
10/29/2018 15:28:24 ,10,1,2.64000,1,9.97000,10.31000,51.062866,3.711395,1,3403,1,3.500000,1,344.97,1,7.65,1,-128,3.25,1981.81,9,0
10/29/2018 15:28:25 ,11,1,1.52000,1,2.99000,3.36000,51.062873,3.711371,1,3344,1,3.200000,1,339.81,1,6.28,1,-128,3.25,1981.81,9,0
10/29/2018 15:28:26 ,11,1,1.52000,1,2.99000,3.36000,51.062889,3.711344,1,240,1,2.600000,1,334.94,1,8.13,1,127,1.25,1981.81,9,1
10/29/2018 15:28:27 ,12,1,1.26000,1,2.97000,3.23000,51.062900,3.711307,1,2232,1,1.400000,1,325.10,1,9.87,1,127,1.25,1981.81,9,0
10/29/2018 15:28:29 ,11,1,1.52000,1,3.00000,3.36000,51.062911,3.711260,1,2314,1,-0.300000,1,324.68,1,6.32,1,127,1.25,1981.81,9,0
10/29/2018 15:28:29 ,11,1,1.52000,1,3.00000,3.36000,51.062911,3.711260,1,3221,1,-0.300000,1,324.68,1,6.32,1,127,0.25,-1602.49,12,1
10/29/2018 15:28:30 ,11,1,1.52000,1,3.00000,3.36000,51.062923,3.711241,1,3301,1,-0.900000,1,325.37,1,7.09,1,127,0.25,-1602.49,12,0
10/29/2018 15:28:32 ,12,1,1.26000,1,2.98000,3.23000,51.062953,3.711202,1,3311,1,-2.000000,1,332.25,1,8.15,1,127,0.25,-1602.49,12,0
10/29/2018 15:28:34 ,11,1,1.52000,1,3.00000,3.36000,51.062942,3.711210,1,3421,1,-2.400000,1,331.51,1,1.13,1,127,0.25,-1602.49,12,0
10/29/2018 15:28:36 ,11,1,1.52000,1,3.00000,3.36000,51.062953,3.711209,1,3422,1,-3.500000,1,4.62,1,5.28,1,127,0.25,-1602.49,12,0
10/29/2018 15:28:38 ,11,1,1.52000,1,3.00000,3.37000,51.062961,3.711189,1,4013,1,-6.600000,1,4.62,1,4.72,1,127,0.25,-1602.49,12,0
10/29/2018 15:28:38 ,11,1,1.52000,1,3.00000,3.37000,51.062961,3.711189,1,10032,1,-6.600000,1,4.62,1,4.72,1,124,-4.75,-1595.15,12,1
10/29/2018 15:28:39 ,12,1,1.52000,1,3.00000,3.37000,51.062965,3.711186,1,10100,1,-8.000000,1,4.62,1,5.09,1,124,-4.75,-1595.15,12,0
10/29/2018 15:28:41 ,12,1,1.26000,1,2.98000,3.24000,51.062995,3.711159,1,10110,1,-9.000000,1,1.31,1,7.15,1,124,-4.75,-1595.15,12,0
10/29/2018 15:28:43 ,12,1,1.26000,1,2.99000,3.24000,51.063007,3.711108,1,10111,1,-11.600001,1,344.66,1,6.82,1,124,-4.75,-1595.15,12,0
10/29/2018 15:28:45 ,12,1,1.26000,1,2.99000,3.24000,51.063014,3.711060,1,10143,1,-13.700000,1,333.75,1,5.54,1,124,-4.75,-1595.15,12,0
10/29/2018 15:28:47 ,12,1,1.26000,1,2.99000,3.24000,51.063018,3.711035,1,10220,1,-14.400000,1,337.68,1,5.59,1,124,-4.75,-1595.15,12,0
10/29/2018 15:28:47 ,12,1,1.26000,1,2.99000,3.24000,51.063018,3.711035,1,11233,1,-14.400000,1,337.68,1,5.59,1,126,-7.25,-1570.50,12,1
10/29/2018 15:28:49 ,12,1,1.26000,1,2.99000,3.24000,51.063022,3.711055,1,403,1,-14.400000,1,346.66,1,3.70,1,126,-7.25,-1570.50,12,0
10/29/2018 15:28:50 ,12,1,1.26000,1,2.99000,3.25000,51.063034,3.711063,1,1140,1,-12.700000,1,357.95,1,4.72,1,126,-7.25,-1570.50,12,0
10/29/2018 15:28:51 ,12,1,1.26000,1,2.99000,3.25000,51.063045,3.711060,1,2104,1,-11.000000,1,349.51,1,5.59,1,126,-7.25,-1570.50,12,0
10/29/2018 15:28:52 ,12,1,1.26000,1,2.99000,3.25000,51.063060,3.711066,1,2321,1,-10.800001,1,351.28,1,5.39,1,-123,-5.25,3766.48,7,1
10/29/2018 15:28:52 ,12,1,1.26000,1,2.99000,3.25000,51.063060,3.711066,1,2321,1,-10.800001,1,351.28,1,5.39,1,-123,-5.25,3766.48,7,0
10/29/2018 15:28:54 ,12,1,1.26000,1,3.00000,3.25000,51.063098,3.711070,1,2422,1,-9.200000,1,356.28,1,7.32,1,-123,-5.25,3766.48,7,0
10/29/2018 15:28:56 ,12,1,1.26000,1,3.00000,3.25000,51.063137,3.711042,1,3210,1,-9.100001,1,334.08,1,8.19,1,-123,-5.25,3766.48,7,0
10/29/2018 15:28:57 ,12,1,1.26000,1,3.00000,3.25000,51.063159,3.711050,1,3010,1,-9.000000,1,343.86,1,8.19,1,-123,-4.25,2006.97,9,1
10/29/2018 15:28:58 ,12,1,1.26000,1,3.00000,3.25000,51.063171,3.711049,1,3032,1,-8.000000,1,349.89,1,7.83,1,-123,-4.25,2006.97,9,0
10/29/2018 15:29:00 ,12,1,1.26000,1,3.00000,3.25000,51.063186,3.711068,1,430,1,-7.600000,1,3.98,1,4.80,1,124,-5.00,2002.78,9,1
10/29/2018 15:29:00 ,12,1,1.26000,1,3.00000,3.25000,51.063186,3.711068,1,430,1,-7.600000,1,3.98,1,4.80,1,124,-5.00,2002.78,9,0
10/29/2018 15:29:02 ,12,1,1.26000,1,3.00000,3.26000,51.063190,3.711102,1,2012,1,-9.400000,1,46.05,1,4.17,1,124,-5.00,2002.78,9,0
10/29/2018 15:29:03 ,12,1,1.26000,1,3.00000,3.26000,51.063194,3.711112,1,2323,1,-10.300001,1,46.05,1,3.61,1,124,-5.00,2002.78,9,0
10/29/2018 15:29:05 ,12,1,1.26000,1,3.00000,3.26000,51.063205,3.711135,1,2334,1,-11.600001,1,55.25,1,3.98,1,124,-5.00,2002.78,9,0
10/29/2018 15:29:06 ,12,1,1.26000,1,3.01000,3.26000,51.063217,3.711149,1,1311,1,-11.700000,1,52.46,1,4.20,1,125,-8.50,-1587.28,12,1
10/29/2018 15:29:07 ,12,1,1.26000,1,3.01000,3.26000,51.063228,3.711161,1,2022,1,-12.000000,1,48.84,1,4.93,1,125,-8.50,-1587.28,12,0
10/29/2018 15:29:09 ,12,1,1.26000,1,3.01000,3.26000,51.063243,3.711201,1,2104,1,-12.900000,1,58.29,1,4.93,1,125,-8.50,-1587.28,12,0
10/29/2018 15:29:11 ,12,1,1.27000,1,3.01000,3.26000,51.063259,3.711234,1,2121,1,-13.900000,1,66.12,1,4.61,1,125,-8.50,-1587.28,12,0
10/29/2018 15:29:13 ,12,1,1.27000,1,3.01000,3.27000,51.063278,3.711255,1,2142,1,-14.100001,1,62.22,1,3.17,1,125,-8.50,-1587.28,12,0
10/29/2018 15:29:14 ,12,1,1.27000,1,3.01000,3.27000,51.063301,3.711262,1,2224,1,-14.200000,1,36.13,1,5.17,1,125,-8.50,-1587.28,12,0
10/29/2018 15:29:16 ,12,1,1.27000,1,3.01000,3.27000,51.063320,3.711294,1,2304,1,-13.200000,1,49.87,1,4.69,1,125,-8.50,-1587.28,12,0
10/29/2018 15:29:18 ,12,1,1.27000,1,3.02000,3.27000,51.063346,3.711321,1,2323,1,-13.100001,1,42.63,1,5.44,1,125,-8.50,-1587.28,12,0
10/29/2018 15:29:20 ,12,1,1.27000,1,3.02000,3.27000,51.063369,3.711345,1,2340,1,-12.400000,1,46.01,1,4.44,1,125,-8.50,-1587.28,12,0
10/29/2018 15:29:22 ,12,1,1.27000,1,3.02000,3.27000,51.063392,3.711362,1,2413,1,-14.000000,1,36.86,1,4.20,1,125,-8.50,-1587.28,12,0
10/29/2018 15:29:24 ,12,1,1.27000,1,3.02000,3.28000,51.063423,3.711383,1,2442,1,-14.000000,1,29.90,1,5.74,1,125,-8.50,-1587.28,12,0
10/29/2018 15:29:24 ,12,1,1.27000,1,3.02000,3.28000,51.063423,3.711383,1,4320,1,-14.000000,1,29.90,1,5.74,1,125,-11.25,-1595.15,12,1
10/29/2018 15:29:25 ,12,1,1.27000,1,3.02000,3.28000,51.063438,3.711394,1,4334,1,-13.700000,1,30.88,1,5.19,1,125,-11.25,-1595.15,12,0
10/29/2018 15:29:27 ,12,1,1.27000,1,3.02000,3.28000,51.063461,3.711412,1,10133,1,-13.600001,1,37.48,1,4.85,1,125,-11.25,-1595.15,12,0
10/29/2018 15:29:29 ,12,1,1.27000,1,3.02000,3.28000,51.063480,3.711445,1,10012,1,-13.600001,1,53.98,1,5.52,1,-122,-6.75,3749.71,7,1
10/29/2018 15:29:29 ,12,1,1.27000,1,3.02000,3.28000,51.063480,3.711445,1,10012,1,-13.600001,1,53.98,1,5.52,1,-122,-6.75,3749.71,7,0
10/29/2018 15:29:30 ,12,1,1.27000,1,3.03000,3.28000,51.063488,3.711462,1,10111,1,-14.100001,1,56.50,1,4.98,1,-122,-6.75,3749.71,7,0
10/29/2018 15:29:31 ,12,1,1.27000,1,3.03000,3.28000,51.063499,3.711475,1,2210,1,-14.400000,1,56.16,1,4.65,1,124,-6.75,1998.59,9,1
10/29/2018 15:29:32 ,12,1,1.27000,1,3.03000,3.28000,51.063510,3.711488,1,2243,1,-14.500000,1,49.56,1,4.85,1,124,-6.75,1998.59,9,0
10/29/2018 15:29:34 ,12,1,1.27000,1,3.03000,3.28000,51.063537,3.711510,1,2320,1,-14.000000,1,39.42,1,5.07,1,124,-6.75,1998.59,9,0
10/29/2018 15:29:36 ,12,1,1.27000,1,3.03000,3.29000,51.063560,3.711538,1,2340,1,-14.100001,1,42.26,1,5.24,1,124,-6.75,1998.59,9,0
10/29/2018 15:29:37 ,12,1,1.27000,1,3.03000,3.29000,51.063568,3.711554,1,2411,1,-14.100001,1,48.30,1,4.98,1,124,-6.75,1998.59,9,0
10/29/2018 15:29:38 ,12,1,1.27000,1,3.03000,3.29000,51.063579,3.711566,1,3203,1,-13.900000,1,50.43,1,5.02,1,124,-6.75,1998.59,9,0
10/29/2018 15:29:40 ,12,1,1.27000,1,3.03000,3.29000,51.063594,3.711596,1,3232,1,-13.800001,1,63.79,1,4.13,1,124,-6.75,1998.59,9,0
10/29/2018 15:29:41 ,12,1,1.27000,1,3.03000,3.29000,51.063594,3.711610,1,3302,1,-14.700000,1,75.72,1,3.63,1,124,-6.75,1998.59,9,0
10/29/2018 15:29:43 ,12,1,1.27000,1,3.04000,3.29000,51.063625,3.711653,1,334,1,-13.600001,1,70.79,1,6.50,1,124,-12.50,-1.31,12,1
10/29/2018 15:29:43 ,12,1,1.27000,1,3.04000,3.29000,51.063625,3.711653,1,334,1,-13.600001,1,70.79,1,6.50,1,124,-12.50,-1.31,12,0
10/29/2018 15:29:44 ,12,1,1.27000,1,3.04000,3.29000,51.063632,3.711667,1,2121,1,-13.000000,1,67.81,1,4.78,1,124,-12.50,-1.31,12,0
10/29/2018 15:29:46 ,12,1,1.27000,1,3.04000,3.29000,51.063678,3.711674,1,2201,1,-14.300001,1,22.52,1,6.63,1,124,-12.50,-1.31,12,0
10/29/2018 15:29:48 ,12,1,1.27000,1,3.04000,3.30000,51.063694,3.711684,1,2241,1,-14.400000,1,20.78,1,3.98,1,124,-12.50,-1.31,12,0
10/29/2018 15:29:50 ,12,1,1.27000,1,3.04000,3.30000,51.063701,3.711711,1,2320,1,-14.700000,1,18.74,1,3.02,1,124,-12.50,-1.31,12,0
10/29/2018 15:29:52 ,12,1,1.27000,1,3.04000,3.30000,51.063713,3.711745,1,1121,1,-15.900000,1,58.45,1,3.83,1,125,-11.50,-1586.76,12,1
10/29/2018 15:29:52 ,12,1,1.27000,1,3.04000,3.30000,51.063713,3.711745,1,1121,1,-15.900000,1,58.45,1,3.83,1,125,-11.50,-1586.76,12,0
10/29/2018 15:29:54 ,12,1,1.27000,1,3.05000,3.30000,51.063728,3.711772,1,2223,1,-16.100000,1,58.45,1,3.35,1,125,-11.50,-1586.76,12,0
10/29/2018 15:29:56 ,12,1,1.28000,1,3.05000,3.30000,51.063739,3.711811,1,2224,1,-16.299999,1,77.28,1,4.57,1,125,-11.50,-1586.76,12,0
10/29/2018 15:29:58 ,12,1,1.28000,1,3.05000,3.31000,51.063766,3.711829,1,2300,1,-16.899999,1,61.77,1,4.59,1,125,-11.50,-1586.76,12,0
10/29/2018 15:30:00 ,12,1,1.28000,1,3.05000,3.31000,51.063785,3.711866,1,2321,1,-17.299999,1,67.16,1,4.26,1,125,-11.50,-1586.76,12,0
10/29/2018 15:30:02 ,11,1,1.35000,1,3.18000,3.46000,51.063808,3.711900,1,2402,1,-16.899999,1,66.94,1,4.28,1,125,-11.50,-1586.76,12,0
10/29/2018 15:30:03 ,12,1,1.28000,1,3.05000,3.31000,51.063819,3.711910,1,3132,1,-16.700000,1,61.37,1,3.44,1,125,-11.50,-1586.76,12,0
10/29/2018 15:30:05 ,12,1,1.28000,1,3.06000,3.31000,51.063854,3.711919,1,3213,1,-17.100000,1,30.85,1,4.91,1,125,-11.50,-1586.76,12,0
10/29/2018 15:30:06 ,12,1,1.28000,1,3.06000,3.31000,51.063869,3.711922,1,4023,1,-15.800001,1,30.85,1,2.26,1,125,-11.50,-1586.76,12,0
10/29/2018 15:30:08 ,12,1,1.28000,1,3.06000,3.31000,51.063899,3.711948,1,4034,1,-14.600001,1,44.14,1,3.44,1,125,-11.50,-1586.76,12,0
10/29/2018 15:30:10 ,12,1,1.28000,1,3.06000,3.32000,51.063896,3.712001,1,4110,1,-14.100001,1,91.53,1,5.48,1,125,-11.50,-1586.76,12,0
10/29/2018 15:30:12 ,12,1,1.28000,1,3.06000,3.32000,51.063907,3.712034,1,4400,1,-14.200000,1,89.74,1,4.54,1,125,-11.50,-1586.76,12,0
10/29/2018 15:30:14 ,12,1,1.28000,1,3.06000,3.32000,51.063934,3.712056,1,10001,1,-13.700000,1,78.33,1,3.52,1,125,-11.50,-1586.76,12,0
10/29/2018 15:30:16 ,12,1,1.28000,1,3.06000,3.32000,51.063957,3.712084,1,10003,1,-13.500000,1,65.80,1,4.15,1,125,-11.50,-1586.76,12,0
10/29/2018 15:30:18 ,12,1,1.28000,1,3.07000,3.32000,51.063968,3.712115,1,10100,1,-12.700000,1,86.30,1,2.96,1,125,-11.50,-1586.76,12,0
10/29/2018 15:30:20 ,12,1,1.28000,1,3.07000,3.32000,51.063999,3.712126,1,10114,1,-12.100001,1,86.30,1,2.96,1,125,-11.50,-1586.76,12,0
10/29/2018 15:30:22 ,12,1,1.28000,1,3.07000,3.33000,51.064018,3.712151,1,10123,1,-11.900000,1,77.41,1,4.13,1,125,-11.50,-1586.76,12,0
10/29/2018 15:30:24 ,12,1,1.28000,1,3.07000,3.33000,51.064041,3.712160,1,10222,1,-11.900000,1,77.41,1,2.69,1,125,-11.50,-1586.76,12,0
10/29/2018 15:30:26 ,12,1,1.28000,1,3.07000,3.33000,51.064052,3.712196,1,10243,1,-12.100001,1,77.41,1,2.56,1,125,-11.50,-1586.76,12,0
10/29/2018 15:30:28 ,12,1,1.28000,1,3.07000,3.33000,51.064052,3.712239,1,10243,1,-11.800001,1,107.41,1,5.57,1,125,-11.50,-1586.76,12,0
10/29/2018 15:30:29 ,12,1,1.28000,1,3.07000,3.33000,51.064064,3.712274,1,200,1,-11.800001,1,107.41,1,3.56,1,-119,-16.50,-1579.42,12,1
10/29/2018 15:30:30 ,12,1,1.28000,1,3.08000,3.33000,51.064098,3.712289,1,324,1,-11.200000,1,70.01,1,7.33,1,-119,-16.50,-1579.42,12,0
10/29/2018 15:30:31 ,12,1,1.28000,1,3.08000,3.33000,51.064102,3.712295,1,2013,1,-11.100001,1,70.01,1,3.22,1,-119,-16.50,-1579.42,12,0
10/29/2018 15:30:33 ,12,1,1.54000,1,3.09000,3.45000,51.064128,3.712323,1,2132,1,-10.200000,1,70.01,1,4.94,1,-119,-16.50,-1579.42,12,0
10/29/2018 15:30:35 ,12,1,1.28000,1,3.08000,3.34000,51.064163,3.712345,1,2204,1,-10.000000,1,70.01,1,3.24,1,-119,-16.50,-1579.42,12,0
10/29/2018 15:30:37 ,12,1,1.28000,1,3.08000,3.34000,51.064189,3.712373,1,3001,1,-11.900000,1,56.33,1,4.54,1,-119,-16.50,-1579.42,12,0
10/29/2018 15:30:39 ,12,1,1.28000,1,3.08000,3.34000,51.064224,3.712391,1,3022,1,-12.500000,1,48.24,1,3.07,1,-119,-16.50,-1579.42,12,0
10/29/2018 15:30:40 ,12,1,1.28000,1,3.08000,3.34000,51.064228,3.712404,1,3322,1,-13.300001,1,48.24,1,2.11,1,-119,-16.50,-1579.42,12,0
10/29/2018 15:30:41 ,12,1,1.29000,1,3.09000,3.34000,51.064235,3.712428,1,11024,1,-11.300001,1,77.60,1,4.98,1,-123,-10.50,2006.97,9,1
10/29/2018 15:30:41 ,12,1,1.29000,1,3.09000,3.34000,51.064235,3.712428,1,11024,1,-11.300001,1,77.60,1,4.98,1,-123,-10.50,2006.97,9,0
10/29/2018 15:30:43 ,12,1,1.29000,1,3.09000,3.34000,51.064239,3.712465,1,11110,1,-13.800001,1,79.50,1,4.54,1,-123,-10.50,2006.97,9,0
10/29/2018 15:30:45 ,12,1,1.29000,1,3.09000,3.35000,51.064273,3.712498,1,11213,1,-13.200000,1,79.50,1,3.50,1,-123,-10.50,2006.97,9,0
10/29/2018 15:30:47 ,12,1,1.29000,1,3.09000,3.35000,51.064296,3.712512,1,100,1,-12.700000,1,355.05,1,5.32,1,-123,-10.50,2006.97,9,0
10/29/2018 15:30:47 ,12,1,1.29000,1,3.09000,3.35000,51.064296,3.712512,1,2201,1,-12.700000,1,355.05,1,5.32,1,-123,-12.00,-1581.51,12,1
10/29/2018 15:30:48 ,12,1,1.29000,1,3.09000,3.35000,51.064308,3.712540,1,2300,1,-6.800000,1,355.05,1,1.76,1,-123,-12.00,-1581.51,12,0
10/29/2018 15:30:50 ,12,1,1.29000,1,3.09000,3.35000,51.064315,3.712598,1,2314,1,1.100000,1,355.05,1,3.72,1,-123,-12.00,-1581.51,12,0
10/29/2018 15:30:52 ,11,1,1.29000,1,3.09000,3.35000,51.064342,3.712647,1,2324,1,6.500000,1,38.52,1,3.76,1,-123,-12.00,-1581.51,12,0
10/29/2018 15:30:54 ,12,1,1.29000,1,3.10000,3.35000,51.064365,3.712685,1,2400,1,5.600000,1,48.15,1,4.69,1,-123,-12.00,-1581.51,12,0
10/29/2018 15:30:56 ,11,1,2.65000,1,3.95000,4.76000,51.064399,3.712695,1,2434,1,5.600000,1,5.60,1,5.52,1,-123,-12.00,-1581.51,12,0
10/29/2018 15:30:56 ,11,1,2.65000,1,3.95000,4.76000,51.064399,3.712695,1,4001,1,5.600000,1,5.60,1,5.52,1,125,-9.25,-1584.66,12,1
10/29/2018 15:30:57 ,12,1,1.29000,1,3.10000,3.36000,51.064422,3.712693,1,4003,1,6.300000,1,353.67,1,7.54,1,125,-9.25,-1584.66,12,0
10/29/2018 15:30:59 ,12,1,1.29000,1,3.10000,3.36000,51.064468,3.712680,1,4020,1,8.300001,1,335.95,1,5.54,1,125,-9.25,-1584.66,12,0
10/29/2018 15:31:01 ,12,1,1.29000,1,3.10000,3.36000,51.064498,3.712653,1,4102,1,9.700000,1,333.77,1,4.76,1,125,-9.25,-1584.66,12,0
10/29/2018 15:31:03 ,12,1,1.29000,1,3.10000,3.36000,51.064517,3.712629,1,4124,1,8.100001,1,339.70,1,4.74,1,125,-9.25,-1584.66,12,0
10/29/2018 15:31:05 ,12,1,1.29000,1,3.10000,3.36000,51.064537,3.712616,1,4231,1,8.500000,1,344.75,1,4.35,1,125,-9.25,-1584.66,12,0
10/29/2018 15:31:05 ,12,1,1.29000,1,3.10000,3.36000,51.064537,3.712616,1,10244,1,8.500000,1,344.75,1,4.35,1,125,-12.50,-1572.60,12,1
10/29/2018 15:31:06 ,12,1,1.55000,1,3.11000,3.48000,51.064563,3.712582,1,10300,1,9.300001,1,324.40,1,9.17,1,125,-12.50,-1572.60,12,0
10/29/2018 15:31:08 ,12,1,1.29000,1,3.11000,3.37000,51.064594,3.712574,1,10344,1,8.900000,1,328.63,1,5.43,1,125,-12.50,-1572.60,12,0
10/29/2018 15:31:10 ,12,1,1.29000,1,3.11000,3.37000,51.064601,3.712589,1,10421,1,8.800001,1,328.63,1,3.50,1,125,-12.50,-1572.60,12,0
10/29/2018 15:31:11 ,12,1,1.35000,1,3.17000,3.44000,51.064605,3.712583,1,11210,1,9.400000,1,328.63,1,3.13,1,125,-12.50,-1572.60,12,0
10/29/2018 15:31:12 ,12,1,1.35000,1,3.17000,3.44000,51.064601,3.712563,1,12001,1,6.400000,1,328.63,1,3.94,1,125,-12.50,-1572.60,12,0
10/29/2018 15:31:14 ,12,1,1.29000,1,3.11000,3.37000,51.064598,3.712548,1,222,1,4.300000,1,328.63,1,3.91,1,125,-12.50,-1572.60,12,0
10/29/2018 15:31:15 ,12,1,1.29000,1,3.11000,3.37000,51.064613,3.712544,1,2130,1,4.300000,1,335.94,1,5.48,1,125,-12.50,-1572.60,12,0
10/29/2018 15:31:17 ,12,1,1.29000,1,3.11000,3.37000,51.064636,3.712549,1,2234,1,1.100000,1,335.94,1,1.72,1,125,-12.50,-1572.60,12,0
10/29/2018 15:31:19 ,12,1,1.29000,1,3.12000,3.37000,51.064643,3.712563,1,2303,1,-1.900000,1,335.94,1,0.69,1,125,-12.50,-1572.60,12,0
10/29/2018 15:31:21 ,12,1,1.29000,1,3.12000,3.38000,51.064643,3.712570,1,3103,1,-5.100000,1,335.94,1,1.72,1,125,-12.50,-1572.60,12,0
10/29/2018 15:31:23 ,12,1,1.29000,1,3.12000,3.38000,51.064685,3.712581,1,3131,1,-2.200000,1,335.94,1,0.80,1,125,-12.50,-1572.60,12,0
10/29/2018 15:31:24 ,12,1,1.29000,1,3.12000,3.38000,51.064693,3.712563,1,311,1,-1.300000,1,335.94,1,5.15,1,125,-11.00,-1567.88,12,1
10/29/2018 15:31:25 ,12,1,2.61000,1,3.94000,4.73000,51.064689,3.712571,1,1432,1,-2.800000,1,335.94,1,2.30,1,125,-11.00,-1567.88,12,0
10/29/2018 15:31:27 ,12,1,1.30000,1,3.12000,3.38000,51.064689,3.712572,1,2210,1,-4.300000,1,335.94,1,2.63,1,125,-11.00,-1567.88,12,0
10/29/2018 15:31:29 ,11,1,2.61000,1,3.93000,4.72000,51.064693,3.712568,1,2231,1,-5.700000,1,335.94,1,0.72,1,125,-11.00,-1567.88,12,0
10/29/2018 15:31:31 ,12,1,1.30000,1,3.13000,3.38000,51.064716,3.712571,1,2244,1,-9.500000,1,335.94,1,3.46,1,125,-11.00,-1567.88,12,0
10/29/2018 15:31:33 ,11,1,1.36000,1,3.18000,3.46000,51.064773,3.712558,1,2043,1,-3.700000,1,335.94,1,2.65,1,125,-8.00,-1565.79,12,1
10/29/2018 15:31:33 ,11,1,1.36000,1,3.18000,3.46000,51.064773,3.712558,1,2043,1,-3.700000,1,335.94,1,2.65,1,125,-8.00,-1565.79,12,0
10/29/2018 15:31:35 ,12,1,1.30000,1,3.13000,3.39000,51.064804,3.712544,1,2221,1,-2.800000,1,335.94,1,4.04,1,125,-8.00,-1565.79,12,0
10/29/2018 15:31:37 ,12,1,1.30000,1,3.13000,3.39000,51.064910,3.712535,1,2300,1,2.400000,1,329.32,1,3.33,1,125,-8.00,-1565.79,12,0
10/29/2018 15:31:39 ,12,1,1.30000,1,3.13000,3.39000,51.064929,3.712550,1,2330,1,-1.400000,1,329.32,1,2.37,1,125,-8.00,-1565.79,12,0
10/29/2018 15:31:41 ,10,1,1.56000,1,3.14000,3.50000,51.064971,3.712532,1,2411,1,4.400000,1,329.32,1,1.52,1,125,-8.00,-1565.79,12,0
10/29/2018 15:31:42 ,11,1,1.56000,1,3.14000,3.51000,51.064983,3.712523,1,3331,1,5.800000,1,329.32,1,2.32,1,124,-12.25,-1575.22,12,1
10/29/2018 15:31:42 ,11,1,1.56000,1,3.14000,3.51000,51.064983,3.712523,1,3331,1,5.800000,1,329.32,1,2.32,1,124,-12.25,-1575.22,12,0
10/29/2018 15:31:44 ,12,1,1.56000,1,3.14000,3.51000,51.065013,3.712501,1,3411,1,8.100001,1,329.32,1,1.65,1,124,-12.25,-1575.22,12,0
10/29/2018 15:31:45 ,12,1,1.56000,1,3.14000,3.51000,51.065032,3.712486,1,4211,1,11.600001,1,329.32,1,0.61,1,124,-12.25,-1575.22,12,0
10/29/2018 15:31:47 ,11,1,1.36000,1,3.19000,3.47000,51.065025,3.712496,1,4234,1,10.500000,1,329.32,1,0.54,1,124,-12.25,-1575.22,12,0
