10/29/2018 15:49:46 ,13,1,1.12000,1,1.90000,2.21000,51.063949,3.708812,1,3143,1,-0.500000,1,286.85,1,6.02,1,0,0.00,-3397.39,0,0
10/29/2018 15:49:48 ,13,1,1.19000,1,1.94000,2.27000,51.063949,3.708775,1,4013,1,-2.300000,1,280.22,1,3.15,1,0,0.00,-3397.39,0,0
10/29/2018 15:49:50 ,11,1,1.19000,1,1.94000,2.27000,51.063949,3.708745,1,4031,1,-4.700000,1,281.33,1,3.28,1,0,0.00,-3397.39,0,0
10/29/2018 15:49:52 ,13,1,1.12000,1,1.90000,2.20000,51.063941,3.708708,1,4043,1,-5.800000,1,262.30,1,3.37,1,0,0.00,-3397.39,0,0
10/29/2018 15:49:54 ,13,1,1.12000,1,1.90000,2.20000,51.063930,3.708671,1,4413,1,-6.500000,1,258.59,1,0.94,1,0,0.00,-3397.39,0,0
10/29/2018 15:49:56 ,12,1,1.12000,1,1.90000,2.20000,51.063911,3.708637,1,1220,1,-7.400000,1,258.59,1,4.59,1,-117,-10.50,-1700.00,12,1
10/29/2018 15:49:56 ,12,1,1.12000,1,1.90000,2.20000,51.063911,3.708637,1,1220,1,-7.400000,1,258.59,1,4.59,1,-117,-10.50,-1700.00,12,0
10/29/2018 15:49:58 ,12,1,1.12000,1,1.89000,2.20000,51.063888,3.708601,1,2240,1,-6.300000,1,236.50,1,5.37,1,-117,-10.50,-1700.00,12,0
10/29/2018 15:50:00 ,12,1,1.12000,1,1.89000,2.20000,51.063865,3.708554,1,2321,1,-4.300000,1,231.73,1,5.57,1,-117,-10.50,-1700.00,12,0
10/29/2018 15:50:02 ,12,1,1.12000,1,1.89000,2.20000,51.063842,3.708511,1,2344,1,-2.400000,1,228.25,1,4.59,1,-117,-10.50,-1700.00,12,0
10/29/2018 15:50:04 ,12,1,1.12000,1,1.89000,2.20000,51.063816,3.708486,1,2420,1,-2.300000,1,217.35,1,5.48,1,-117,-10.50,-1700.00,12,0
10/29/2018 15:50:06 ,13,1,1.12000,1,1.89000,2.20000,51.063796,3.708463,1,3014,1,-2.900000,1,218.99,1,3.83,1,-117,-10.50,-1700.00,12,0
10/29/2018 15:50:08 ,12,1,1.12000,1,1.89000,2.20000,51.063774,3.708454,1,3044,1,-4.600000,1,218.99,1,4.32,1,-117,-10.50,-1700.00,12,0
10/29/2018 15:50:10 ,12,1,1.12000,1,1.89000,2.20000,51.063743,3.708435,1,3042,1,-4.500000,1,215.02,1,5.44,1,-117,-10.50,-1700.00,12,0
10/29/2018 15:50:12 ,12,1,1.12000,1,1.89000,2.20000,51.063716,3.708406,1,3120,1,-4.300000,1,211.78,1,5.13,1,-117,-10.50,-1700.00,12,0
10/29/2018 15:50:14 ,12,1,1.12000,1,1.89000,2.20000,51.063705,3.708365,1,3141,1,-4.900000,1,249.41,1,7.45,1,-117,-10.50,-1700.00,12,0
10/29/2018 15:50:16 ,12,1,1.12000,1,1.89000,2.20000,51.063682,3.708340,1,3243,1,-5.600000,1,249.41,1,4.74,1,-117,-10.50,-1700.00,12,0
10/29/2018 15:50:18 ,12,1,1.12000,1,1.89000,2.20000,51.063655,3.708310,1,3314,1,-5.000000,1,249.41,1,5.56,1,-117,-10.50,-1700.00,12,0
10/29/2018 15:50:19 ,13,1,1.12000,1,1.89000,2.20000,51.063640,3.708297,1,4102,1,-4.900000,1,249.41,1,5.50,1,-117,-10.50,-1700.00,12,0
10/29/2018 15:50:21 ,12,1,1.12000,1,1.88000,2.19000,51.063610,3.708278,1,4130,1,-4.500000,1,249.41,1,5.33,1,-117,-10.50,-1700.00,12,0
10/29/2018 15:50:22 ,13,1,1.13000,1,1.88000,2.19000,51.063587,3.708283,1,4421,1,-4.900000,1,249.41,1,5.26,1,-117,-10.50,-1700.00,12,0
10/29/2018 15:50:24 ,12,1,1.13000,1,1.88000,2.19000,51.063556,3.708261,1,4422,1,-3.200000,1,225.96,1,5.56,1,-117,-10.50,-1700.00,12,0
10/29/2018 15:50:26 ,12,1,1.19000,1,1.88000,2.23000,51.063526,3.708238,1,10001,1,-2.500000,1,219.41,1,6.04,1,-117,-10.50,-1700.00,12,0
10/29/2018 15:50:28 ,12,1,1.13000,1,1.88000,2.19000,51.063488,3.708230,1,10332,1,-2.300000,1,219.41,1,4.48,1,-117,-10.50,-1700.00,12,0
10/29/2018 15:50:30 ,12,1,1.13000,1,1.88000,2.19000,51.063457,3.708214,1,10334,1,-0.500000,1,211.73,1,6.11,1,-117,-10.50,-1700.00,12,0
10/29/2018 15:50:32 ,12,1,1.13000,1,1.88000,2.19000,51.063430,3.708192,1,10410,1,-1.000000,1,219.89,1,5.83,1,-117,-10.50,-1700.00,12,0
10/29/2018 15:50:34 ,12,1,1.32000,1,2.89000,3.18000,51.063411,3.708150,1,10434,1,0.700000,1,231.10,1,6.11,1,-117,-10.50,-1700.00,12,0
10/29/2018 15:50:36 ,12,1,1.13000,1,1.88000,2.19000,51.063377,3.708140,1,11012,1,0.300000,1,208.61,1,6.20,1,-117,-10.50,-1700.00,12,0
10/29/2018 15:50:38 ,11,1,1.79000,1,1.89000,2.60000,51.063343,3.708126,1,11113,1,-0.600000,1,208.61,1,5.33,1,-117,-10.50,-1700.00,12,0
10/29/2018 15:50:40 ,11,1,1.79000,1,1.89000,2.60000,51.063301,3.708121,1,11104,1,-0.300000,1,188.58,1,7.80,1,-117,-10.50,-1700.00,12,0
10/29/2018 15:50:42 ,12,1,1.13000,1,1.88000,2.19000,51.063278,3.708087,1,11123,1,0.200000,1,206.82,1,5.48,1,-117,-10.50,-1700.00,12,0
10/29/2018 15:50:44 ,12,1,1.13000,1,1.87000,2.19000,51.063301,3.707978,1,11201,1,0.300000,1,211.46,1,5.80,1,-117,-10.50,-1700.00,12,0
10/29/2018 15:50:46 ,12,1,1.13000,1,1.87000,2.19000,51.063282,3.707940,1,140,1,1.000000,1,213.12,1,5.93,1,-117,-10.50,-1700.00,12,0
10/29/2018 15:50:47 ,12,1,1.13000,1,1.87000,2.19000,51.063262,3.707931,1,311,1,1.800000,1,202.48,1,6.13,1,-117,-10.50,-1700.00,12,0
10/29/2018 15:50:48 ,12,1,1.13000,1,1.87000,2.19000,51.063259,3.707904,1,1430,1,2.000000,1,204.52,1,5.91,1,-117,-10.50,-1700.00,12,0
10/29/2018 15:50:50 ,12,1,1.13000,1,1.87000,2.18000,51.063209,3.707915,1,2241,1,2.900000,1,178.81,1,9.09,1,-117,-10.50,-1700.00,12,0
10/29/2018 15:50:52 ,12,1,1.13000,1,1.87000,2.18000,51.063179,3.707899,1,2333,1,3.400000,1,183.74,1,5.41,1,-117,-10.50,-1700.00,12,0
10/29/2018 15:50:53 ,12,1,1.13000,1,1.87000,2.18000,51.063163,3.707889,1,3122,1,3.100000,1,183.74,1,5.59,1,-117,-10.50,-1700.00,12,0
10/29/2018 15:50:55 ,12,1,1.13000,1,1.87000,2.18000,51.063140,3.707867,1,3124,1,2.000000,1,206.76,1,4.52,1,-117,-10.50,-1700.00,12,0
10/29/2018 15:50:56 ,12,1,1.13000,1,1.87000,2.18000,51.063129,3.707851,1,3421,1,2.100000,1,224.10,1,5.33,1,-117,-10.50,-1700.00,12,0
10/29/2018 15:50:58 ,12,1,1.13000,1,1.87000,2.18000,51.063102,3.707825,1,4001,1,1.700000,1,214.23,1,6.28,1,-117,-10.50,-1700.00,12,0
10/29/2018 15:51:00 ,12,1,1.32000,1,2.87000,3.16000,51.063072,3.707801,1,4023,1,1.500000,1,213.56,1,6.02,1,-117,-10.50,-1700.00,12,0
10/29/2018 15:51:02 ,12,1,1.13000,1,1.87000,2.18000,51.063045,3.707772,1,4322,1,1.400000,1,208.54,1,6.48,1,-117,-10.50,-1700.00,12,0
10/29/2018 15:51:04 ,12,1,1.13000,1,1.87000,2.18000,51.063014,3.707743,1,4422,1,0.900000,1,208.54,1,7.02,1,-117,-10.50,-1700.00,12,0
10/29/2018 15:51:06 ,12,1,1.13000,1,1.86000,2.18000,51.062988,3.707704,1,4420,1,0.300000,1,213.94,1,7.59,1,-117,-10.50,-1700.00,12,0
10/29/2018 15:51:08 ,12,1,1.13000,1,1.86000,2.18000,51.062984,3.707637,1,4444,1,0.200000,1,222.77,1,5.35,1,-117,-10.50,-1700.00,12,0
10/29/2018 15:51:10 ,11,1,2.19000,1,2.48000,3.31000,51.062973,3.707600,1,10032,1,0.500000,1,223.96,1,3.22,1,-117,-10.50,-1700.00,12,0
10/29/2018 15:51:12 ,12,1,1.13000,1,1.86000,2.18000,51.062946,3.707593,1,10042,1,1.300000,1,193.57,1,5.37,1,-117,-10.50,-1700.00,12,0
10/29/2018 15:51:14 ,12,1,1.13000,1,1.86000,2.18000,51.062923,3.707572,1,10121,1,1.200000,1,199.48,1,6.35,1,-117,-10.50,-1700.00,12,0
10/29/2018 15:51:16 ,12,1,1.13000,1,1.86000,2.18000,51.062896,3.707550,1,10214,1,0.300000,1,205.32,1,6.07,1,-117,-10.50,-1700.00,12,0
10/29/2018 15:51:18 ,12,1,1.13000,1,1.86000,2.18000,51.062873,3.707520,1,10214,1,0.900000,1,207.33,1,6.52,1,-117,-10.50,-1700.00,12,0
10/29/2018 15:51:20 ,12,1,1.32000,1,2.85000,3.14000,51.062850,3.707497,1,10233,1,0.300000,1,208.59,1,5.39,1,-117,-10.50,-1700.00,12,0
10/29/2018 15:51:22 ,12,1,1.32000,1,2.84000,3.14000,51.062831,3.707478,1,10344,1,0.300000,1,215.59,1,4.63,1,-117,-10.50,-1700.00,12,0
10/29/2018 15:51:24 ,12,1,1.13000,1,1.86000,2.17000,51.062812,3.707457,1,10340,1,0.300000,1,218.11,1,5.61,1,-117,-10.50,-1700.00,12,0
10/29/2018 15:51:26 ,13,1,1.00000,1,1.64000,1.92000,51.062774,3.707445,1,11131,1,0.300000,1,208.23,1,4.80,1,-117,-10.50,-1700.00,12,0
10/29/2018 15:51:27 ,13,1,1.00000,1,1.64000,1.92000,51.062759,3.707416,1,11213,1,1.300000,1,219.22,1,6.19,1,-117,-10.50,-1700.00,12,0
10/29/2018 15:51:29 ,13,1,1.00000,1,1.64000,1.92000,51.062721,3.707399,1,320,1,1.300000,1,177.77,1,8.78,1,-117,-10.50,-1700.00,12,0
10/29/2018 15:51:30 ,13,1,1.00000,1,1.64000,1.92000,51.062705,3.707393,1,2044,1,1.800000,1,180.07,1,6.24,1,-117,-10.50,-1700.00,12,0
10/29/2018 15:51:32 ,13,1,1.00000,1,1.64000,1.92000,51.062675,3.707381,1,2233,1,1.500000,1,190.50,1,5.52,1,-117,-10.50,-1700.00,12,0
10/29/2018 15:51:34 ,13,1,1.13000,1,1.85000,2.17000,51.062648,3.707358,1,2310,1,0.000000,1,205.17,1,5.93,1,-117,-10.50,-1700.00,12,0
10/29/2018 15:51:36 ,12,1,1.13000,1,1.85000,2.17000,51.062622,3.707338,1,3100,1,-1.100000,1,204.08,1,5.78,1,-117,-10.50,-1700.00,12,0
10/29/2018 15:51:37 ,13,1,1.13000,1,1.85000,2.17000,51.062610,3.707323,1,2124,1,-1.700000,1,204.08,1,5.00,1,-121,-17.75,-1.84,12,1
10/29/2018 15:51:38 ,13,1,1.00000,1,1.63000,1.91000,51.062599,3.707315,1,2232,1,-2.500000,1,204.08,1,4.74,1,-121,-17.75,-1.84,12,0
10/29/2018 15:51:40 ,13,1,1.00000,1,1.63000,1.91000,51.062580,3.707292,1,2300,1,-1.100000,1,204.08,1,4.96,1,-121,-17.75,-1.84,12,0
10/29/2018 15:51:42 ,13,1,1.00000,1,1.63000,1.91000,51.062557,3.707283,1,2300,1,0.800000,1,212.09,1,5.91,1,-121,-17.75,-1.84,12,0
10/29/2018 15:51:44 ,13,1,1.00000,1,1.63000,1.91000,51.062534,3.707260,1,2322,1,1.700000,1,204.29,1,5.43,1,-121,-17.75,-1.84,12,0
10/29/2018 15:51:46 ,13,1,1.00000,1,1.63000,1.91000,51.062515,3.707245,1,2424,1,1.300000,1,204.29,1,3.85,1,-121,-17.75,-1.84,12,0
10/29/2018 15:51:48 ,13,1,1.13000,1,1.85000,2.17000,51.062484,3.707243,1,2421,1,1.000000,1,208.77,1,5.00,1,-121,-17.75,-1.84,12,0
10/29/2018 15:51:50 ,13,1,1.13000,1,1.85000,2.17000,51.062450,3.707237,1,2443,1,0.800000,1,206.40,1,5.80,1,-121,-17.75,-1.84,12,0
10/29/2018 15:51:52 ,13,1,1.13000,1,1.85000,2.17000,51.062423,3.707219,1,3022,1,0.600000,1,211.12,1,5.17,1,-121,-17.75,-1.84,12,0
10/29/2018 15:51:54 ,13,1,1.00000,1,1.63000,1.91000,51.062397,3.707206,1,3040,1,0.600000,1,210.79,1,5.35,1,-121,-17.75,-1.84,12,0
10/29/2018 15:51:55 ,13,1,1.00000,1,1.63000,1.91000,51.062389,3.707197,1,10100,1,-0.300000,1,203.45,1,4.46,1,-123,-7.00,-1783.89,12,1
10/29/2018 15:51:55 ,13,1,1.00000,1,1.63000,1.91000,51.062389,3.707197,1,10100,1,-0.300000,1,203.45,1,4.46,1,-123,-7.00,-1783.89,12,0
10/29/2018 15:51:57 ,12,1,1.13000,1,1.84000,2.16000,51.062370,3.707161,1,10211,1,-0.200000,1,209.79,1,5.46,1,-123,-7.00,-1783.89,12,0
10/29/2018 15:51:59 ,12,1,1.13000,1,1.84000,2.16000,51.062347,3.707140,1,10231,1,0.000000,1,196.76,1,5.65,1,-123,-7.00,-1783.89,12,0
10/29/2018 15:51:59 ,12,1,1.13000,1,1.84000,2.16000,51.062347,3.707140,1,11343,1,0.000000,1,196.76,1,5.65,1,-124,-7.00,3430.94,7,1
10/29/2018 15:52:01 ,13,1,1.00000,1,1.84000,2.16000,51.062316,3.707130,1,114,1,0.100000,1,191.95,1,6.06,1,-124,-7.00,3430.94,7,0
10/29/2018 15:52:01 ,13,1,1.00000,1,1.63000,1.91000,51.062316,3.707130,1,3042,1,0.100000,1,191.95,1,6.06,1,-123,-2.00,3414.16,7,1
10/29/2018 15:52:02 ,13,1,1.00000,1,1.63000,1.91000,51.062305,3.707124,1,3114,1,-0.100000,1,194.17,1,5.69,1,-123,-2.00,3414.16,7,0
10/29/2018 15:52:03 ,13,1,1.00000,1,1.63000,1.91000,51.062290,3.707123,1,311,1,-0.100000,1,189.11,1,6.09,1,-123,-5.00,3447.72,7,1
10/29/2018 15:52:04 ,13,1,1.00000,1,1.62000,1.91000,51.062274,3.707126,1,2040,1,-0.700000,1,184.24,1,4.33,1,-123,-5.00,3447.72,7,0
10/29/2018 15:52:06 ,13,1,1.00000,1,1.62000,1.90000,51.062244,3.707130,1,2233,1,0.100000,1,176.43,1,5.41,1,-123,-5.00,3447.72,7,0
10/29/2018 15:52:08 ,13,1,1.00000,1,1.62000,1.90000,51.062213,3.707128,1,2300,1,1.000000,1,190.34,1,5.67,1,-123,-5.00,3447.72,7,0
10/29/2018 15:52:10 ,13,1,1.13000,1,1.84000,2.16000,51.062179,3.707128,1,3043,1,1.000000,1,183.62,1,6.63,1,-123,-5.00,3447.72,7,0
10/29/2018 15:52:12 ,13,1,1.13000,1,1.84000,2.16000,51.062152,3.707097,1,3143,1,1.200000,1,197.43,1,5.89,1,-123,-5.00,3447.72,7,0
10/29/2018 15:52:14 ,13,1,1.13000,1,1.84000,2.16000,51.062118,3.707087,1,123,1,1.900000,1,190.52,1,7.20,1,124,-10.00,-1768.16,12,1
10/29/2018 15:52:14 ,13,1,1.13000,1,1.84000,2.16000,51.062118,3.707087,1,123,1,1.900000,1,190.52,1,7.20,1,124,-10.00,-1768.16,12,0
10/29/2018 15:52:15 ,13,1,1.00000,1,1.62000,1.90000,51.062099,3.707082,1,2204,1,2.500000,1,193.71,1,5.74,1,124,-10.00,-1768.16,12,0
10/29/2018 15:52:17 ,13,1,1.13000,1,1.84000,2.16000,51.062065,3.707076,1,2233,1,3.400000,1,189.96,1,6.09,1,124,-10.00,-1768.16,12,0
10/29/2018 15:52:19 ,13,1,1.00000,1,1.62000,1.90000,51.062026,3.707077,1,2314,1,3.500000,1,179.45,1,6.50,1,124,-10.00,-1768.16,12,0
10/29/2018 15:52:21 ,13,1,1.00000,1,1.62000,1.90000,51.062011,3.707044,1,2341,1,3.500000,1,223.55,1,5.43,1,124,-10.00,-1768.16,12,0
10/29/2018 15:52:23 ,13,1,1.00000,1,1.62000,1.90000,51.061981,3.707034,1,1403,1,3.700000,1,206.78,1,4.94,1,123,-7.25,-1771.83,12,1
10/29/2018 15:52:23 ,13,1,1.00000,1,1.62000,1.90000,51.061981,3.707034,1,1403,1,3.700000,1,206.78,1,4.94,1,123,-7.25,-1771.83,12,0
10/29/2018 15:52:25 ,12,1,1.07000,1,1.62000,1.94000,51.061954,3.707018,1,2243,1,3.600000,1,204.43,1,5.80,1,123,-7.25,-1771.83,12,0
10/29/2018 15:52:26 ,13,1,1.00000,1,1.62000,1.90000,51.061943,3.707003,1,2321,1,3.900000,1,209.04,1,5.56,1,123,-7.25,-1771.83,12,0
10/29/2018 15:52:28 ,13,1,1.00000,1,1.62000,1.90000,51.061912,3.706988,1,2343,1,3.900000,1,201.81,1,6.33,1,123,-7.25,-1771.83,12,0
10/29/2018 15:52:30 ,13,1,1.00000,1,1.61000,1.90000,51.061878,3.706974,1,2421,1,4.100000,1,194.78,1,7.67,1,123,-7.25,-1771.83,12,0
10/29/2018 15:52:31 ,13,1,1.00000,1,1.61000,1.90000,51.061859,3.706973,1,2440,1,4.200000,1,188.13,1,7.07,1,123,-7.25,-1771.83,12,0
10/29/2018 15:52:32 ,13,1,1.00000,1,1.61000,1.90000,51.061843,3.706969,1,3013,1,3.900000,1,188.14,1,6.26,1,123,-7.25,-1771.83,12,0
10/29/2018 15:52:32 ,13,1,1.00000,1,1.61000,1.90000,51.061843,3.706969,1,3132,1,3.900000,1,188.14,1,6.26,1,124,-11.75,-1773.40,12,1
10/29/2018 15:52:33 ,13,1,1.30000,1,1.66000,2.11000,51.061832,3.706965,1,3212,1,3.900000,1,188.28,1,5.46,1,124,-11.75,-1773.40,12,0
10/29/2018 15:52:34 ,13,1,1.00000,1,1.61000,1.90000,51.061824,3.706949,1,4003,1,3.900000,1,201.21,1,4.43,1,124,-11.75,-1773.40,12,0
10/29/2018 15:52:36 ,13,1,1.08000,1,1.50000,1.85000,51.061801,3.706922,1,4031,1,4.900000,1,211.34,1,5.52,1,124,-11.75,-1773.40,12,0
10/29/2018 15:52:37 ,13,1,1.00000,1,1.61000,1.89000,51.061790,3.706909,1,4322,1,4.800000,1,214.91,1,5.26,1,124,-11.75,-1773.40,12,0
10/29/2018 15:52:39 ,13,1,1.14000,1,1.83000,2.15000,51.061771,3.706878,1,4402,1,4.900000,1,221.17,1,5.46,1,124,-11.75,-1773.40,12,0
10/29/2018 15:52:41 ,12,1,1.14000,1,1.83000,2.15000,51.061744,3.706854,1,4430,1,4.700000,1,220.41,1,5.26,1,124,-11.75,-1773.40,12,0
10/29/2018 15:52:43 ,12,1,1.14000,1,1.82000,2.15000,51.061710,3.706840,1,10222,1,4.400000,1,207.44,1,6.96,1,124,-11.75,-1773.40,12,0
10/29/2018 15:52:45 ,14,1,0.94000,1,1.39000,1.68000,51.061676,3.706828,1,10240,1,4.000000,1,198.58,1,6.57,1,124,-11.75,-1773.40,12,0
10/29/2018 15:52:47 ,14,1,0.94000,1,1.39000,1.67000,51.061656,3.706794,1,10313,1,2.900000,1,213.14,1,5.26,1,124,-11.75,-1773.40,12,0
10/29/2018 15:52:49 ,14,1,1.00000,1,1.61000,1.89000,51.061622,3.706781,1,10334,1,2.000000,1,206.73,1,6.28,1,124,-11.75,-1773.40,12,0
10/29/2018 15:52:50 ,14,1,1.00000,1,1.61000,1.89000,51.061611,3.706766,1,10411,1,1.900000,1,213.19,1,6.17,1,124,-11.75,-1773.40,12,0
10/29/2018 15:52:52 ,14,1,1.00000,1,1.61000,1.89000,51.061584,3.706733,1,10440,1,1.600000,1,221.93,1,5.69,1,124,-11.75,-1773.40,12,0
10/29/2018 15:52:54 ,12,1,1.36000,1,2.29000,2.66000,51.061561,3.706719,1,11023,1,1.800000,1,218.94,1,4.37,1,124,-11.75,-1773.40,12,0
10/29/2018 15:52:56 ,11,1,1.51000,1,2.38000,2.82000,51.061534,3.706703,1,11101,1,2.000000,1,207.93,1,6.07,1,124,-11.75,-1773.40,12,0
10/29/2018 15:52:58 ,12,1,1.36000,1,2.29000,2.66000,51.061504,3.706688,1,11121,1,1.800000,1,207.67,1,5.35,1,124,-11.75,-1773.40,12,0
10/29/2018 15:53:00 ,12,1,1.36000,1,2.29000,2.66000,51.061470,3.706683,1,421,1,1.700000,1,200.79,1,6.26,1,-124,-17.00,-1779.70,12,1
10/29/2018 15:53:00 ,12,1,1.36000,1,2.29000,2.66000,51.061470,3.706683,1,421,1,1.700000,1,200.79,1,6.26,1,-124,-17.00,-1779.70,12,0
10/29/2018 15:53:02 ,13,1,0.99000,1,1.60000,1.89000,51.061447,3.706666,1,2213,1,1.100000,1,209.11,1,4.26,1,-124,-17.00,-1779.70,12,0
10/29/2018 15:53:04 ,13,1,0.99000,1,1.60000,1.89000,51.061420,3.706649,1,2301,1,1.700000,1,212.15,1,5.44,1,-124,-17.00,-1779.70,12,0
10/29/2018 15:53:06 ,13,1,1.08000,1,1.77000,2.08000,51.061389,3.706643,1,2330,1,1.200000,1,203.11,1,5.46,1,-124,-17.00,-1779.70,12,0
10/29/2018 15:53:08 ,13,1,0.99000,1,1.60000,1.88000,51.061347,3.706649,1,3112,1,1.100000,1,191.68,1,6.61,1,-124,-17.00,-1779.70,12,0
10/29/2018 15:53:10 ,13,1,0.99000,1,1.60000,1.88000,51.061317,3.706637,1,3134,1,1.200000,1,193.41,1,6.24,1,-124,-17.00,-1779.70,12,0
10/29/2018 15:53:11 ,13,1,1.08000,1,1.77000,2.07000,51.061302,3.706633,1,3420,1,0.900000,1,205.07,1,5.00,1,-124,-17.00,-1779.70,12,0
10/29/2018 15:53:13 ,12,1,1.14000,1,1.81000,2.14000,51.061267,3.706620,1,4012,1,1.400000,1,207.84,1,5.63,1,-124,-17.00,-1779.70,12,0
10/29/2018 15:53:15 ,13,1,0.99000,1,1.60000,1.88000,51.061237,3.706617,1,4024,1,2.200000,1,202.05,1,5.57,1,-124,-17.00,-1779.70,12,0
10/29/2018 15:53:17 ,14,1,1.30000,1,1.64000,2.09000,51.061199,3.706623,1,4323,1,2.300000,1,196.05,1,5.85,1,-124,-17.00,-1779.70,12,0
10/29/2018 15:53:18 ,14,1,0.99000,1,1.60000,1.88000,51.061180,3.706627,1,2442,1,2.300000,1,190.52,1,6.00,1,124,-6.25,-1780.74,12,1
10/29/2018 15:53:19 ,14,1,0.94000,1,1.38000,1.67000,51.061153,3.706642,1,3012,1,2.300000,1,190.15,1,5.91,1,124,-6.25,-1780.74,12,0
10/29/2018 15:53:21 ,12,1,1.14000,1,1.81000,2.14000,51.061126,3.706635,1,3100,1,2.300000,1,199.15,1,4.69,1,124,-6.25,-1780.74,12,0
10/29/2018 15:53:23 ,12,1,1.14000,1,1.81000,2.14000,51.061092,3.706629,1,3122,1,2.800000,1,199.40,1,5.33,1,124,-6.25,-1780.74,12,0
10/29/2018 15:53:25 ,13,1,0.99000,1,1.59000,1.88000,51.061069,3.706605,1,3130,1,3.000000,1,201.16,1,5.04,1,124,-6.25,-1780.74,12,0
10/29/2018 15:53:27 ,13,1,0.99000,1,1.59000,1.88000,51.061042,3.706589,1,3212,1,3.500000,1,190.56,1,5.09,1,124,-6.25,-1780.74,12,0
10/29/2018 15:53:29 ,14,1,0.99000,1,1.59000,1.88000,51.061012,3.706595,1,3233,1,3.800000,1,184.04,1,5.28,1,124,-6.25,-1780.74,12,0
10/29/2018 15:53:31 ,14,1,0.94000,1,1.38000,1.67000,51.060981,3.706592,1,3303,1,4.000000,1,190.58,1,5.74,1,124,-6.25,-1780.74,12,0
10/29/2018 15:53:32 ,13,1,0.99000,1,1.59000,1.88000,51.060958,3.706597,1,3334,1,4.000000,1,193.27,1,5.74,1,124,-6.25,-1780.74,12,0
10/29/2018 15:53:34 ,14,1,0.99000,1,1.59000,1.88000,51.060924,3.706603,1,3403,1,3.800000,1,197.41,1,5.72,1,124,-6.25,-1780.74,12,0
10/29/2018 15:53:36 ,13,1,1.04000,1,1.67000,1.97000,51.060890,3.706597,1,3434,1,3.400000,1,192.78,1,6.32,1,124,-6.25,-1780.74,12,0
10/29/2018 15:53:36 ,13,1,1.04000,1,1.67000,1.97000,51.060890,3.706597,1,11013,1,3.400000,1,192.78,1,6.32,1,-123,-8.00,-1784.41,12,1
10/29/2018 15:53:37 ,13,1,1.18000,1,1.61000,2.00000,51.060874,3.706587,1,11034,1,3.400000,1,194.04,1,6.32,1,-123,-8.00,-1784.41,12,0
10/29/2018 15:53:39 ,12,1,1.42000,1,1.94000,2.41000,51.060844,3.706581,1,11113,1,3.000000,1,194.85,1,5.78,1,-123,-8.00,-1784.41,12,0
10/29/2018 15:53:42 ,11,1,1.43000,1,2.45000,2.84000,51.060806,3.706571,1,232,1,3.000000,1,191.07,1,4.59,1,-123,-8.00,-1784.41,12,0
10/29/2018 15:53:42 ,11,1,1.43000,1,2.45000,2.84000,51.060806,3.706571,1,1444,1,3.100000,1,191.07,1,4.59,1,-122,0.00,3397.39,7,1
10/29/2018 15:53:43 ,14,1,1.20000,1,1.77000,2.14000,51.060794,3.706571,1,3132,1,3.000000,1,189.06,1,4.57,1,-122,0.00,3397.39,7,0
10/29/2018 15:53:44 ,14,1,1.20000,1,1.77000,2.14000,51.060787,3.706566,1,312,1,3.000000,1,194.38,1,3.33,1,-118,4.25,3414.16,7,1
10/29/2018 15:53:45 ,13,1,1.35000,1,2.26000,2.64000,51.060779,3.706559,1,2113,1,3.200000,1,194.38,1,2.72,1,-118,4.25,3414.16,7,0
10/29/2018 15:53:47 ,13,1,1.08000,1,1.76000,2.06000,51.060768,3.706558,1,2222,1,4.300000,1,194.38,1,1.04,1,-118,4.25,3414.16,7,0
10/29/2018 15:53:49 ,13,1,1.04000,1,1.66000,1.96000,51.060756,3.706551,1,2244,1,5.900000,1,194.38,1,2.41,1,-118,4.25,3414.16,7,0
10/29/2018 15:53:51 ,14,1,0.99000,1,1.58000,1.87000,51.060745,3.706552,1,3030,1,8.600001,1,191.95,1,1.76,1,-118,4.25,3414.16,7,0
10/29/2018 15:53:53 ,13,1,1.29000,1,2.14000,2.50000,51.060733,3.706564,1,3121,1,9.400000,1,191.95,1,1.96,1,-118,4.25,3414.16,7,0
10/29/2018 15:53:55 ,12,1,1.32000,1,2.71000,3.01000,51.060726,3.706584,1,1113,1,9.300001,1,191.95,1,0.63,1,-126,3.75,-1735.13,12,1
10/29/2018 15:53:55 ,12,1,1.32000,1,2.71000,3.01000,51.060726,3.706584,1,1113,1,9.300001,1,191.95,1,0.63,1,-126,3.75,-1735.13,12,0
10/29/2018 15:53:57 ,14,1,1.32000,1,2.71000,3.01000,51.060710,3.706612,1,2241,1,9.400000,1,191.95,1,3.11,1,-126,3.75,-1735.13,12,0
10/29/2018 15:53:59 ,12,1,1.14000,1,1.79000,2.13000,51.060699,3.706639,1,2241,1,11.300001,1,128.89,1,4.02,1,-126,3.75,-1735.13,12,0
10/29/2018 15:54:01 ,14,1,0.99000,1,1.58000,1.87000,51.060691,3.706668,1,2303,1,13.000000,1,118.86,1,2.82,1,-126,3.75,-1735.13,12,0
10/29/2018 15:54:03 ,14,1,1.14000,1,1.79000,2.13000,51.060672,3.706698,1,2333,1,13.800001,1,135.04,1,3.98,1,-126,3.75,-1735.13,12,0
10/29/2018 15:54:04 ,14,1,0.99000,1,1.58000,1.87000,51.060665,3.706709,1,2321,1,14.300001,1,135.04,1,2.93,1,126,0.25,-1716.26,12,1
10/29/2018 15:54:05 ,13,1,0.96000,1,1.40000,1.70000,51.060657,3.706721,1,2323,1,15.200000,1,137.20,1,4.11,1,126,0.25,-1716.26,12,0
10/29/2018 15:54:07 ,14,1,1.04000,1,1.65000,1.95000,51.060649,3.706761,1,2340,1,15.100001,1,121.42,1,4.19,1,126,0.25,-1716.26,12,0
10/29/2018 15:54:09 ,14,1,0.94000,1,1.37000,1.66000,51.060642,3.706796,1,2412,1,14.900000,1,138.66,1,2.32,1,126,0.25,-1716.26,12,0
10/29/2018 15:54:10 ,14,1,0.94000,1,1.37000,1.66000,51.060634,3.706808,1,2440,1,15.600001,1,151.64,1,1.96,1,126,0.25,-1716.26,12,0
10/29/2018 15:54:11 ,14,1,0.94000,1,1.37000,1.66000,51.060623,3.706821,1,3004,1,16.299999,1,162.25,1,2.56,1,126,0.25,-1716.26,12,0
10/29/2018 15:54:13 ,13,1,0.96000,1,1.40000,1.70000,51.060607,3.706842,1,3040,1,17.200000,1,155.35,1,3.24,1,126,0.25,-1716.26,12,0
10/29/2018 15:54:13 ,13,1,0.96000,1,1.40000,1.70000,51.060607,3.706842,1,4034,1,17.200000,1,155.35,1,3.24,1,-125,2.50,-1726.74,12,1
10/29/2018 15:54:14 ,13,1,0.96000,1,1.40000,1.70000,51.060604,3.706851,1,4140,1,17.799999,1,155.35,1,1.65,1,-125,2.50,-1726.74,12,0
10/29/2018 15:54:15 ,13,1,0.96000,1,1.40000,1.70000,51.060592,3.706867,1,121,1,18.100000,1,145.28,1,2.96,1,-119,2.50,3464.50,7,1
10/29/2018 15:54:16 ,13,1,0.96000,1,1.40000,1.70000,51.060581,3.706878,1,1401,1,18.899999,1,146.71,1,2.85,1,-119,2.50,3464.50,7,0
10/29/2018 15:54:16 ,13,1,0.96000,1,1.40000,1.70000,51.060581,3.706878,1,4330,1,18.899999,1,146.71,1,2.85,1,-113,5.25,3464.50,7,1
10/29/2018 15:54:17 ,13,1,0.96000,1,1.40000,1.70000,51.060565,3.706891,1,4401,1,19.200000,1,156.05,1,3.74,1,-113,5.25,3464.50,7,0
10/29/2018 15:54:18 ,13,1,0.96000,1,1.40000,1.70000,51.060550,3.706899,1,10141,1,20.100000,1,163.47,1,4.52,1,-113,5.25,3464.50,7,0
10/29/2018 15:54:20 ,13,1,0.96000,1,1.40000,1.70000,51.060520,3.706931,1,10210,1,20.399999,1,157.89,1,4.76,1,-113,5.25,3464.50,7,0
10/29/2018 15:54:22 ,12,1,1.14000,1,1.49000,1.87000,51.060493,3.706972,1,10302,1,20.100000,1,145.38,1,5.48,1,-113,5.25,3464.50,7,0
10/29/2018 15:54:23 ,13,1,1.14000,1,1.49000,1.87000,51.060478,3.706993,1,10321,1,20.100000,1,144.12,1,5.57,1,-113,5.25,3464.50,7,0
10/29/2018 15:54:24 ,13,1,1.09000,1,1.48000,1.84000,51.060462,3.707011,1,11103,1,19.899999,1,142.64,1,5.54,1,-113,5.25,3464.50,7,0
10/29/2018 15:54:26 ,13,1,1.14000,1,1.49000,1.87000,51.060436,3.707060,1,11142,1,19.299999,1,132.97,1,6.22,1,-113,5.25,3464.50,7,0
10/29/2018 15:54:27 ,13,1,1.14000,1,1.49000,1.87000,51.060424,3.707086,1,11440,1,19.600000,1,129.37,1,6.48,1,-113,5.25,3464.50,7,0
10/29/2018 15:54:29 ,12,1,1.14000,1,1.49000,1.87000,51.060413,3.707129,1,113,1,20.899999,1,124.45,1,2.98,1,-113,5.25,3464.50,7,0
10/29/2018 15:54:30 ,13,1,1.14000,1,1.49000,1.87000,51.060405,3.707135,1,1220,1,20.799999,1,135.71,1,2.32,1,-113,5.25,3464.50,7,0
10/29/2018 15:54:32 ,13,1,1.09000,1,1.48000,1.84000,51.060409,3.707145,1,110,1,22.000000,1,135.71,1,1.35,1,125,-3.25,-1709.44,12,1
10/29/2018 15:54:32 ,13,1,1.09000,1,1.48000,1.84000,51.060409,3.707145,1,110,1,22.000000,1,135.71,1,1.35,1,125,-3.25,-1709.44,12,0
10/29/2018 15:54:33 ,13,1,1.14000,1,1.49000,1.87000,51.060401,3.707155,1,2001,1,22.700000,1,135.71,1,2.11,1,125,-3.25,-1709.44,12,0
10/29/2018 15:54:34 ,13,1,1.09000,1,1.48000,1.84000,51.060394,3.707170,1,2143,1,22.799999,1,127.23,1,3.43,1,125,-3.25,-1709.44,12,0
10/29/2018 15:54:36 ,13,1,1.15000,1,1.78000,2.12000,51.060375,3.707208,1,2231,1,21.799999,1,136.41,1,4.20,1,125,-3.25,-1709.44,12,0
10/29/2018 15:54:38 ,13,1,1.15000,1,1.78000,2.12000,51.060352,3.707243,1,2310,1,21.100000,1,146.11,1,5.11,1,125,-3.25,-1709.44,12,0
10/29/2018 15:54:40 ,13,1,1.15000,1,1.78000,2.12000,51.060337,3.707280,1,2330,1,21.399999,1,140.18,1,4.61,1,125,-3.25,-1709.44,12,0
10/29/2018 15:54:41 ,13,1,1.15000,1,1.78000,2.12000,51.060329,3.707285,1,341,1,21.100000,1,144.11,1,2.96,1,-123,4.25,-1702.10,12,1
10/29/2018 15:54:42 ,13,1,1.41000,1,1.61000,2.14000,51.060317,3.707310,1,2120,1,21.000000,1,136.42,1,4.72,1,-123,4.25,-1702.10,12,0
10/29/2018 15:54:44 ,13,1,1.09000,1,1.48000,1.84000,51.060295,3.707351,1,2211,1,21.100000,1,138.89,1,4.96,1,-123,4.25,-1702.10,12,0
10/29/2018 15:54:46 ,13,1,1.09000,1,1.48000,1.84000,51.060272,3.707401,1,2243,1,20.399999,1,136.21,1,6.41,1,-123,4.25,-1702.10,12,0
10/29/2018 15:54:48 ,13,1,0.99000,1,1.56000,1.85000,51.060237,3.707426,1,2313,1,19.899999,1,155.97,1,7.32,1,-123,4.25,-1702.10,12,0
10/29/2018 15:54:49 ,13,1,1.09000,1,1.48000,1.84000,51.060214,3.707419,1,1400,1,19.799999,1,178.94,1,8.33,1,-108,6.50,3514.83,7,1
10/29/2018 15:54:50 ,13,1,1.09000,1,1.48000,1.84000,51.060192,3.707440,1,2221,1,20.000000,1,169.99,1,8.39,1,-108,6.50,3514.83,7,0
10/29/2018 15:54:50 ,13,1,1.09000,1,1.48000,1.84000,51.060192,3.707440,1,11103,1,20.000000,1,169.99,1,8.39,1,-108,6.00,3514.83,7,1
10/29/2018 15:54:51 ,13,1,1.09000,1,1.48000,1.84000,51.060173,3.707463,1,11123,1,19.899999,1,162.64,1,8.43,1,-108,6.00,3514.83,7,0
10/29/2018 15:54:53 ,13,1,1.09000,1,1.54000,2.13000,51.060142,3.707507,1,233,1,19.899999,1,152.55,1,6.91,1,-108,6.00,3514.83,7,0
10/29/2018 15:54:54 ,14,1,0.93000,1,1.37000,1.66000,51.060142,3.707530,1,1013,1,19.899999,1,145.99,1,4.96,1,-108,6.00,3514.83,7,0
10/29/2018 15:54:55 ,14,1,0.93000,1,1.37000,1.66000,51.060131,3.707558,1,2124,1,19.299999,1,134.22,1,5.13,1,-108,6.00,3514.83,7,0
10/29/2018 15:54:57 ,14,1,0.93000,1,1.37000,1.65000,51.060123,3.707611,1,2234,1,18.399999,1,119.43,1,4.59,1,-108,6.00,3514.83,7,0
10/29/2018 15:54:59 ,14,1,0.93000,1,1.37000,1.65000,51.060119,3.707650,1,3024,1,16.899999,1,115.09,1,3.96,1,-108,6.00,3514.83,7,0
10/29/2018 15:54:59 ,14,1,0.93000,1,1.37000,1.65000,51.060119,3.707650,1,3333,1,16.899999,1,115.09,1,3.96,1,-122,4.50,-1614.02,12,1
10/29/2018 15:55:00 ,13,1,1.16000,1,1.57000,1.96000,51.060115,3.707674,1,3421,1,16.100000,1,112.70,1,4.63,1,-122,4.50,-1614.02,12,0
10/29/2018 15:55:02 ,13,1,1.16000,1,1.57000,1.96000,51.060085,3.707741,1,3441,1,13.800001,1,120.05,1,8.39,1,-122,4.50,-1614.02,12,0
10/29/2018 15:55:04 ,12,1,1.35000,1,2.22000,2.60000,51.060058,3.707796,1,4031,1,12.300001,1,126.31,1,6.74,1,-122,4.50,-1614.02,12,0
10/29/2018 15:55:06 ,14,1,0.96000,1,1.38000,1.68000,51.060043,3.707834,1,4034,1,11.500000,1,127.56,1,4.52,1,-122,4.50,-1614.02,12,0
10/29/2018 15:55:08 ,14,1,0.99000,1,1.43000,1.74000,51.060062,3.707866,1,4114,1,11.100001,1,97.27,1,3.70,1,-122,4.50,-1614.02,12,0
10/29/2018 15:55:08 ,14,1,0.99000,1,1.43000,1.74000,51.060062,3.707866,1,10131,1,11.100001,1,97.27,1,3.70,1,-121,0.75,-1552.15,12,1
10/29/2018 15:55:09 ,14,1,1.34000,1,1.57000,2.07000,51.060073,3.707885,1,10211,1,11.100001,1,63.07,1,4.17,1,-121,0.75,-1552.15,12,0
10/29/2018 15:55:11 ,13,1,1.34000,1,1.57000,2.07000,51.060089,3.707931,1,10233,1,10.400000,1,53.95,1,5.54,1,-121,0.75,-1552.15,12,0
10/29/2018 15:55:12 ,13,1,1.17000,1,1.57000,1.96000,51.060100,3.707949,1,10304,1,10.500000,1,43.07,1,5.00,1,-121,0.75,-1552.15,12,0
10/29/2018 15:55:14 ,13,1,1.17000,1,1.57000,1.96000,51.060123,3.707967,1,10331,1,10.600001,1,22.39,1,2.96,1,-121,0.75,-1552.15,12,0
10/29/2018 15:55:16 ,13,1,1.17000,1,1.57000,1.96000,51.060134,3.707981,1,10424,1,9.600001,1,22.39,1,2.22,1,-121,0.75,-1552.15,12,0
10/29/2018 15:55:17 ,14,1,1.17000,1,1.57000,1.95000,51.060134,3.707999,1,11420,1,8.500000,1,46.41,1,4.33,1,-110,3.00,-1559.49,12,1
10/29/2018 15:55:17 ,14,1,1.17000,1,1.57000,1.95000,51.060134,3.707999,1,11420,1,8.500000,1,46.41,1,4.33,1,-110,3.00,-1559.49,12,0
10/29/2018 15:55:19 ,14,1,0.93000,1,1.36000,1.65000,51.060157,3.708046,1,1244,1,7.900000,1,59.49,1,5.80,1,-110,3.00,-1559.49,12,0
10/29/2018 15:55:21 ,14,1,0.96000,1,1.38000,1.68000,51.060184,3.708073,1,2223,1,8.900000,1,37.45,1,4.98,1,-110,3.00,-1559.49,12,0
10/29/2018 15:55:23 ,14,1,0.93000,1,1.36000,1.65000,51.060218,3.708099,1,2242,1,8.700000,1,27.82,1,6.15,1,-110,3.00,-1559.49,12,0
10/29/2018 15:55:23 ,14,1,0.93000,1,1.36000,1.65000,51.060218,3.708099,1,3112,1,8.700000,1,27.82,1,6.15,1,-84,5.75,3665.82,7,1
10/29/2018 15:55:24 ,13,1,1.17000,1,1.57000,1.95000,51.060234,3.708110,1,3203,1,9.300001,1,25.51,1,5.78,1,-84,5.75,3665.82,7,0
10/29/2018 15:55:25 ,13,1,1.17000,1,1.57000,1.95000,51.060253,3.708120,1,314,1,9.300001,1,24.31,1,6.69,1,-82,6.25,3649.04,7,1
10/29/2018 15:55:26 ,12,1,1.34000,1,1.57000,2.07000,51.060256,3.708131,1,1004,1,8.600001,1,24.24,1,5.15,1,-82,6.25,3649.04,7,0
10/29/2018 15:55:26 ,12,1,1.34000,1,1.57000,2.07000,51.060256,3.708131,1,4042,1,8.600001,1,24.24,1,5.15,1,-64,-5.25,3649.04,7,1
10/29/2018 15:55:27 ,13,1,1.17000,1,1.57000,1.95000,51.060256,3.708151,1,4333,1,8.400000,1,34.44,1,4.70,1,-64,-5.25,3649.04,7,0
10/29/2018 15:55:29 ,12,1,1.35000,1,2.20000,2.58000,51.060260,3.708183,1,4434,1,7.600000,1,54.11,1,1.59,1,-64,-5.25,3649.04,7,0
10/29/2018 15:55:31 ,13,1,1.17000,1,1.57000,1.95000,51.060272,3.708190,1,4441,1,8.300001,1,54.11,1,0.19,1,-64,-5.25,3649.04,7,0
10/29/2018 15:55:33 ,13,1,1.17000,1,1.57000,1.95000,51.060276,3.708201,1,10233,1,9.000000,1,54.11,1,0.07,1,-64,-5.25,3649.04,7,0
10/29/2018 15:55:35 ,12,1,1.35000,1,2.20000,2.58000,51.060276,3.708204,1,10331,1,8.700000,1,54.11,1,0.26,1,-64,-5.25,3649.04,7,0
10/29/2018 15:55:36 ,12,1,1.35000,1,2.20000,2.58000,51.060276,3.708205,1,2011,1,8.600001,1,54.11,1,0.11,1,-94,4.75,-1610.35,12,1
10/29/2018 15:55:37 ,13,1,1.17000,1,1.57000,1.95000,51.060276,3.708209,1,2201,1,8.500000,1,54.11,1,0.54,1,-94,4.75,-1610.35,12,0
10/29/2018 15:55:39 ,12,1,1.35000,1,2.20000,2.58000,51.060268,3.708214,1,2242,1,8.100001,1,98.17,1,0.76,1,-94,4.75,-1610.35,12,0
10/29/2018 15:55:41 ,13,1,1.17000,1,1.57000,1.95000,51.060268,3.708216,1,2304,1,8.000000,1,98.17,1,0.83,1,-94,4.75,-1610.35,12,0
10/29/2018 15:55:43 ,13,1,1.17000,1,1.57000,1.95000,51.060276,3.708222,1,2322,1,8.400000,1,98.17,1,0.06,1,-94,4.75,-1610.35,12,0
10/29/2018 15:55:45 ,13,1,1.17000,1,1.57000,1.95000,51.060276,3.708227,1,2410,1,8.300001,1,98.17,1,0.37,1,-94,4.75,-1610.35,12,0
10/29/2018 15:55:45 ,13,1,1.17000,1,1.57000,1.95000,51.060276,3.708227,1,3231,1,8.300001,1,98.17,1,0.37,1,-94,4.25,-1572.08,12,1
10/29/2018 15:55:46 ,13,1,1.17000,1,1.57000,1.95000,51.060276,3.708229,1,3311,1,8.200000,1,98.17,1,0.11,1,-94,4.25,-1572.08,12,0
