10/29/2018 15:31:53 ,12,1,1.30000,1,3.14000,3.40000,51.065105,3.712519,1,11221,1,7.100000,1,0.00,1,0.83,1,0,0.00,-1407.19,0,0
10/29/2018 15:31:55 ,12,1,1.30000,1,3.14000,3.40000,51.065143,3.712451,1,330,1,7.100000,1,0.00,1,3.50,1,0,0.00,-1407.19,0,0
10/29/2018 15:31:56 ,12,1,1.30000,1,3.15000,3.41000,51.065151,3.712441,1,2120,1,13.600001,1,0.00,1,1.33,1,0,0.00,-1407.19,0,0
10/29/2018 15:31:57 ,12,1,1.30000,1,3.15000,3.41000,51.065147,3.712407,1,3243,1,15.100001,1,0.00,1,1.91,1,124,-6.00,2019.56,9,1
10/29/2018 15:31:57 ,12,1,1.30000,1,3.15000,3.41000,51.065147,3.712407,1,3243,1,15.100001,1,0.00,1,1.91,1,124,-6.00,2019.56,9,0
10/29/2018 15:31:59 ,12,1,1.30000,1,3.15000,3.41000,51.065120,3.712400,1,3314,1,12.700000,1,100.97,1,9.78,1,124,-6.00,2019.56,9,0
10/29/2018 15:32:01 ,12,1,1.30000,1,3.15000,3.41000,51.065113,3.712383,1,3414,1,10.100001,1,106.18,1,2.22,1,124,-6.00,2019.56,9,0
10/29/2018 15:32:02 ,12,1,1.30000,1,3.15000,3.41000,51.065124,3.712404,1,4133,1,10.000000,1,95.13,1,7.00,1,124,-6.00,2019.56,9,0
10/29/2018 15:32:04 ,12,1,1.30000,1,3.15000,3.41000,51.065139,3.712414,1,4241,1,9.200000,1,95.13,1,1.48,1,124,-6.00,2019.56,9,0
10/29/2018 15:32:06 ,12,1,1.57000,1,3.16000,3.52000,51.065158,3.712397,1,4243,1,3.600000,1,26.42,1,9.59,1,124,-6.00,2019.56,9,0
10/29/2018 15:32:08 ,12,1,1.31000,1,3.16000,3.42000,51.065189,3.712375,1,4304,1,0.500000,1,349.77,1,4.35,1,124,-6.00,2019.56,9,0
10/29/2018 15:32:10 ,12,1,1.36000,1,3.20000,3.48000,51.065204,3.712373,1,4404,1,0.300000,1,349.77,1,1.54,1,124,-6.00,2019.56,9,0
10/29/2018 15:32:12 ,12,1,1.36000,1,3.20000,3.48000,51.065193,3.712384,1,4432,1,-2.800000,1,349.77,1,5.30,1,124,-6.00,2019.56,9,0
10/29/2018 15:32:14 ,12,1,1.31000,1,3.16000,3.42000,51.065185,3.712388,1,10001,1,-2.100000,1,90.79,1,1.98,1,124,-6.00,2019.56,9,0
10/29/2018 15:32:16 ,12,1,1.31000,1,3.16000,3.42000,51.065212,3.712357,1,10013,1,-2.000000,1,90.79,1,3.30,1,124,-6.00,2019.56,9,0
10/29/2018 15:32:18 ,12,1,1.31000,1,3.16000,3.42000,51.065246,3.712334,1,10040,1,0.900000,1,90.79,1,2.13,1,124,-6.00,2019.56,9,0
10/29/2018 15:32:20 ,12,1,1.31000,1,3.17000,3.43000,51.065261,3.712347,1,10111,1,0.200000,1,90.79,1,1.13,1,124,-6.00,2019.56,9,0
10/29/2018 15:32:22 ,12,1,1.31000,1,3.17000,3.43000,51.065284,3.712363,1,10134,1,-0.300000,1,90.79,1,2.32,1,124,-6.00,2019.56,9,0
10/29/2018 15:32:24 ,12,1,1.31000,1,3.17000,3.43000,51.065311,3.712354,1,10211,1,2.100000,1,90.79,1,3.15,1,124,-6.00,2019.56,9,0
10/29/2018 15:32:26 ,11,1,3.07000,1,4.00000,5.05000,51.065326,3.712333,1,11000,1,-0.200000,1,90.79,1,1.93,1,124,-6.00,2019.56,9,0
10/29/2018 15:32:28 ,11,1,3.07000,1,4.00000,5.05000,51.065334,3.712300,1,11040,1,-1.200000,1,90.79,1,4.17,1,124,-6.00,2019.56,9,0
10/29/2018 15:32:30 ,12,1,3.07000,1,4.00000,5.04000,51.065380,3.712276,1,102,1,-1.600000,1,90.79,1,4.24,1,124,-6.00,2019.56,9,0
10/29/2018 15:32:31 ,12,1,1.57000,1,3.18000,3.54000,51.065402,3.712281,1,402,1,-4.300000,1,90.79,1,3.19,1,124,-6.00,2019.56,9,0
10/29/2018 15:32:32 ,12,1,1.31000,1,3.18000,3.43000,51.065399,3.712295,1,2020,1,-5.600000,1,90.79,1,4.13,1,124,-6.00,2019.56,9,0
10/29/2018 15:32:32 ,12,1,1.31000,1,3.18000,3.43000,51.065399,3.712295,1,11301,1,-5.600000,1,90.79,1,4.13,1,124,-6.00,-1314.91,9,1
10/29/2018 15:32:34 ,12,1,1.31000,1,3.18000,3.44000,51.065464,3.712296,1,341,1,-5.600000,1,90.79,1,3.59,1,124,-6.00,1893.73,9,0
10/29/2018 15:32:35 ,12,1,1.40000,1,3.37000,3.65000,51.065467,3.712300,1,1032,1,-1.000000,1,90.79,1,2.22,1,124,-6.00,1893.73,9,0
10/29/2018 15:32:36 ,12,1,1.31000,1,3.18000,3.44000,51.065467,3.712303,1,2334,1,-3.400000,1,90.79,1,0.91,1,124,-6.00,1893.73,9,0
10/29/2018 15:32:38 ,12,1,1.31000,1,3.18000,3.44000,51.065490,3.712306,1,2421,1,-4.500000,1,90.79,1,2.24,1,124,-6.00,1893.73,9,0
10/29/2018 15:32:40 ,12,1,1.31000,1,3.18000,3.44000,51.065536,3.712253,1,2423,1,-3.000000,1,6.29,1,5.04,1,124,-6.00,1893.73,9,0
10/29/2018 15:32:42 ,12,1,2.53000,1,3.90000,4.65000,51.065536,3.712232,1,3013,1,-5.300000,1,6.29,1,3.37,1,124,-6.00,1893.73,9,0
10/29/2018 15:32:44 ,11,1,2.53000,1,3.90000,4.64000,51.065540,3.712203,1,3022,1,-7.000000,1,6.29,1,2.85,1,124,-6.00,1893.73,9,0
10/29/2018 15:32:46 ,10,1,2.52000,1,3.90000,4.64000,51.065547,3.712178,1,3114,1,-8.500000,1,6.29,1,3.44,1,124,-6.00,1893.73,9,0
10/29/2018 15:32:46 ,10,1,2.52000,1,3.90000,4.64000,51.065547,3.712178,1,11203,1,-8.500000,1,6.29,1,3.44,1,124,-7.00,-1533.28,12,1
10/29/2018 15:32:47 ,10,1,2.52000,1,3.90000,4.64000,51.065536,3.712155,1,11223,1,-10.100001,1,6.29,1,4.54,1,124,-7.00,-1533.28,12,0
10/29/2018 15:32:48 ,11,1,2.52000,1,3.90000,4.64000,51.065544,3.712126,1,12020,1,-10.200000,1,6.29,1,4.54,1,124,-7.00,-1533.28,12,0
10/29/2018 15:32:50 ,10,1,2.52000,1,3.90000,4.64000,51.065559,3.712073,1,224,1,-10.700000,1,321.48,1,4.83,1,124,-7.00,-1533.28,12,0
10/29/2018 15:32:51 ,11,1,2.52000,1,3.89000,4.64000,51.065559,3.712050,1,1333,1,-12.900000,1,300.75,1,4.24,1,124,-7.00,-1533.28,12,0
10/29/2018 15:32:53 ,11,1,1.32000,1,3.19000,3.45000,51.065582,3.712000,1,2013,1,-10.300001,1,275.02,1,5.04,1,124,-7.00,-1533.28,12,0
10/29/2018 15:32:55 ,11,1,2.51000,1,3.89000,4.63000,51.065586,3.711952,1,2033,1,-10.200000,1,268.53,1,5.33,1,124,-7.00,-1533.28,12,0
10/29/2018 15:32:56 ,11,1,2.51000,1,3.89000,4.63000,51.065593,3.711926,1,404,1,-10.200000,1,265.74,1,5.24,1,123,-6.25,-1551.11,12,1
10/29/2018 15:32:57 ,10,1,2.51000,1,3.89000,4.63000,51.065589,3.711902,1,1041,1,-8.300001,1,259.11,1,5.43,1,123,-6.25,-1551.11,12,0
10/29/2018 15:32:59 ,10,1,2.51000,1,3.89000,4.63000,51.065593,3.711855,1,2000,1,-7.000000,1,257.16,1,5.33,1,123,-6.25,-1551.11,12,0
10/29/2018 15:33:01 ,11,1,2.51000,1,3.89000,4.63000,51.065597,3.711811,1,2242,1,-7.100000,1,262.68,1,5.17,1,123,-6.25,-1551.11,12,0
10/29/2018 15:33:03 ,11,1,2.50000,1,3.89000,4.63000,51.065597,3.711766,1,2324,1,-4.600000,1,261.38,1,5.20,1,123,-6.25,-1551.11,12,0
10/29/2018 15:33:04 ,12,1,2.50000,1,3.89000,4.62000,51.065597,3.711745,1,3101,1,-4.000000,1,259.54,1,5.19,1,123,-6.25,-1551.11,12,0
10/29/2018 15:33:05 ,12,1,2.50000,1,3.89000,4.62000,51.065605,3.711726,1,2114,1,-3.400000,1,264.81,1,4.89,1,124,-5.25,2032.14,9,1
10/29/2018 15:33:06 ,11,1,2.50000,1,3.89000,4.62000,51.065605,3.711707,1,2143,1,-2.700000,1,265.96,1,4.85,1,124,-5.25,2032.14,9,0
10/29/2018 15:33:08 ,11,1,2.50000,1,3.89000,4.62000,51.065601,3.711673,1,2222,1,-2.200000,1,261.72,1,4.72,1,124,-5.25,2032.14,9,0
10/29/2018 15:33:10 ,11,1,2.50000,1,3.89000,4.62000,51.065597,3.711638,1,2240,1,-1.600000,1,256.64,1,4.89,1,124,-5.25,2032.14,9,0
10/29/2018 15:33:11 ,10,1,2.50000,1,3.89000,4.62000,51.065593,3.711620,1,3030,1,-2.400000,1,260.07,1,4.78,1,124,-5.25,2032.14,9,0
10/29/2018 15:33:13 ,10,1,2.49000,1,3.88000,4.62000,51.065612,3.711590,1,3104,1,-1.500000,1,295.21,1,4.43,1,124,-5.25,2032.14,9,0
10/29/2018 15:33:14 ,10,1,2.49000,1,3.88000,4.61000,51.065616,3.711572,1,2420,1,-1.300000,1,298.83,1,5.11,1,124,-4.00,-1571.03,12,1
10/29/2018 15:33:15 ,10,1,2.49000,1,3.88000,4.61000,51.065616,3.711551,1,3000,1,-1.100000,1,292.71,1,5.09,1,124,-4.00,-1571.03,12,0
10/29/2018 15:33:17 ,10,1,2.49000,1,3.88000,4.61000,51.065601,3.711509,1,3021,1,-1.400000,1,273.43,1,5.11,1,124,-4.00,-1571.03,12,0
10/29/2018 15:33:19 ,11,1,2.49000,1,3.88000,4.61000,51.065601,3.711464,1,3034,1,-1.700000,1,268.46,1,5.50,1,124,-4.00,-1571.03,12,0
10/29/2018 15:33:21 ,10,1,2.49000,1,3.88000,4.61000,51.065589,3.711422,1,3120,1,-2.700000,1,263.88,1,4.87,1,124,-4.00,-1571.03,12,0
10/29/2018 15:33:23 ,10,1,2.48000,1,3.88000,4.61000,51.065589,3.711378,1,3141,1,-2.900000,1,270.20,1,5.37,1,124,-4.00,-1571.03,12,0
10/29/2018 15:33:23 ,10,1,2.48000,1,3.88000,4.61000,51.065589,3.711378,1,4202,1,-2.900000,1,270.20,1,5.37,1,124,-6.75,-1584.66,12,1
10/29/2018 15:33:24 ,11,1,2.48000,1,3.88000,4.61000,51.065586,3.711350,1,4231,1,-4.000000,1,272.72,1,6.82,1,124,-6.75,-1584.66,12,0
10/29/2018 15:33:26 ,11,1,2.48000,1,3.88000,4.60000,51.065582,3.711303,1,4301,1,-3.700000,1,271.40,1,5.63,1,124,-6.75,-1584.66,12,0
10/29/2018 15:33:28 ,11,1,2.48000,1,3.88000,4.60000,51.065570,3.711262,1,4321,1,-5.100000,1,265.04,1,5.17,1,124,-6.75,-1584.66,12,0
10/29/2018 15:33:29 ,11,1,2.48000,1,3.88000,4.60000,51.065567,3.711241,1,4342,1,-5.000000,1,266.66,1,5.09,1,124,-6.75,-1584.66,12,0
10/29/2018 15:33:31 ,11,1,2.48000,1,3.88000,4.60000,51.065559,3.711202,1,4423,1,-4.300000,1,261.45,1,4.82,1,124,-6.75,-1584.66,12,0
10/29/2018 15:33:32 ,11,1,2.47000,1,3.87000,4.60000,51.065559,3.711183,1,10433,1,-3.900000,1,262.06,1,4.98,1,125,-6.25,-1591.48,12,1
10/29/2018 15:33:32 ,11,1,2.47000,1,3.87000,4.60000,51.065559,3.711183,1,10433,1,-3.900000,1,262.06,1,4.98,1,125,-6.25,-1591.48,12,0
10/29/2018 15:33:34 ,12,1,2.47000,1,3.87000,4.60000,51.065570,3.711142,1,11024,1,0.100000,1,264.18,1,4.80,1,125,-6.25,-1591.48,12,0
10/29/2018 15:33:36 ,12,1,2.47000,1,3.87000,4.59000,51.065570,3.711101,1,120,1,0.300000,1,260.93,1,5.20,1,125,-6.25,-1591.48,12,0
10/29/2018 15:33:36 ,12,1,2.47000,1,3.87000,4.59000,51.065570,3.711101,1,11241,1,0.300000,1,260.93,1,5.20,1,-123,-8.00,3716.15,7,1
10/29/2018 15:33:37 ,12,1,2.47000,1,3.87000,4.59000,51.065567,3.711082,1,10330,1,-0.100000,1,261.67,1,4.74,1,-123,-8.00,3716.15,7,0
10/29/2018 15:33:39 ,11,1,2.47000,1,3.87000,4.59000,51.065555,3.711042,1,1324,1,0.600000,1,255.13,1,5.04,1,124,-4.50,1981.81,9,1
10/29/2018 15:33:39 ,11,1,2.47000,1,3.87000,4.59000,51.065555,3.711042,1,1324,1,0.600000,1,255.13,1,5.04,1,124,-4.50,1981.81,9,0
10/29/2018 15:33:41 ,12,1,2.47000,1,3.87000,4.59000,51.065544,3.711005,1,2141,1,-0.300000,1,248.38,1,5.35,1,124,-4.50,1981.81,9,0
10/29/2018 15:33:43 ,11,1,2.46000,1,3.87000,4.59000,51.065525,3.710976,1,2240,1,-1.700000,1,245.25,1,3.39,1,124,-4.50,1981.81,9,0
10/29/2018 15:33:44 ,12,1,2.46000,1,3.87000,4.59000,51.065521,3.710959,1,3140,1,-1.800000,1,246.90,1,4.15,1,124,-9.25,1956.64,9,1
10/29/2018 15:33:44 ,12,1,2.46000,1,3.87000,4.59000,51.065521,3.710959,1,3140,1,-1.800000,1,246.90,1,4.15,1,124,-9.25,1956.64,9,0
10/29/2018 15:33:46 ,11,1,2.46000,1,3.87000,4.58000,51.065505,3.710923,1,4023,1,-3.200000,1,249.31,1,4.33,1,124,-9.25,1956.64,9,0
10/29/2018 15:33:48 ,11,1,2.46000,1,3.87000,4.58000,51.065502,3.710883,1,4100,1,-5.100000,1,261.99,1,4.56,1,124,-9.25,1956.64,9,0
10/29/2018 15:33:50 ,12,1,2.46000,1,3.87000,4.58000,51.065498,3.710839,1,4120,1,-5.700000,1,264.62,1,5.37,1,124,-9.25,1956.64,9,0
10/29/2018 15:33:51 ,11,1,2.45000,1,3.87000,4.58000,51.065494,3.710816,1,1003,1,-5.600000,1,265.80,1,5.54,1,125,-6.75,-1612.97,12,1
10/29/2018 15:33:52 ,10,1,2.45000,1,3.87000,4.58000,51.065498,3.710793,1,2111,1,-5.800000,1,273.29,1,5.48,1,125,-6.75,-1612.97,12,0
10/29/2018 15:33:54 ,11,1,2.45000,1,3.86000,4.58000,51.065505,3.710750,1,2133,1,-5.000000,1,290.33,1,5.06,1,125,-6.75,-1612.97,12,0
10/29/2018 15:33:56 ,12,1,1.33000,1,3.24000,3.50000,51.065498,3.710704,1,2201,1,-3.500000,1,273.95,1,6.37,1,125,-6.75,-1612.97,12,0
10/29/2018 15:33:58 ,11,1,2.45000,1,3.86000,4.57000,51.065494,3.710676,1,2233,1,-3.600000,1,273.45,1,3.87,1,125,-6.75,-1612.97,12,0
10/29/2018 15:34:00 ,12,1,2.45000,1,3.86000,4.57000,51.065490,3.710638,1,2223,1,-4.400000,1,272.52,1,4.54,1,123,-10.00,-1633.94,12,1
10/29/2018 15:34:00 ,12,1,2.45000,1,3.86000,4.57000,51.065490,3.710638,1,2223,1,-4.400000,1,272.52,1,4.54,1,123,-10.00,-1633.94,12,0
10/29/2018 15:34:02 ,12,1,2.44000,1,3.86000,4.57000,51.065483,3.710600,1,2330,1,-6.100000,1,272.19,1,4.63,1,123,-10.00,-1633.94,12,0
10/29/2018 15:34:04 ,11,1,2.44000,1,3.86000,4.57000,51.065483,3.710561,1,2401,1,-7.600000,1,278.83,1,4.85,1,123,-10.00,-1633.94,12,0
10/29/2018 15:34:06 ,12,1,2.44000,1,3.86000,4.57000,51.065486,3.710515,1,2422,1,-8.100001,1,283.50,1,5.20,1,123,-10.00,-1633.94,12,0
10/29/2018 15:34:08 ,12,1,1.33000,1,3.25000,3.51000,51.065475,3.710479,1,2442,1,-9.400000,1,272.15,1,4.43,1,123,-10.00,-1633.94,12,0
10/29/2018 15:34:09 ,12,1,2.44000,1,3.86000,4.56000,51.065471,3.710454,1,4012,1,-6.800000,1,274.33,1,4.82,1,123,-8.50,-1651.77,12,1
10/29/2018 15:34:09 ,12,1,2.44000,1,3.86000,4.56000,51.065471,3.710454,1,4012,1,-6.800000,1,274.33,1,4.82,1,123,-8.50,-1651.77,12,0
