10/29/2018 15:32:35 ,11,1,2.86000,1,3.94000,4.87000,51.065544,3.712246,1,2301,1,2.100000,1,334.79,1,4.72,1,0,0.00,-1432.35,0,0
10/29/2018 15:32:36 ,10,1,2.86000,1,3.94000,4.87000,51.065567,3.712221,1,2341,1,3.800000,1,342.82,1,4.24,1,0,0.00,-1432.35,0,0
10/29/2018 15:32:37 ,11,1,2.44000,1,3.79000,4.50000,51.065578,3.712214,1,3124,1,3.800000,1,341.16,1,4.94,1,0,0.00,-1432.35,0,0
10/29/2018 15:32:39 ,11,1,2.86000,1,3.94000,4.87000,51.065605,3.712214,1,3204,1,4.100000,1,344.05,1,5.46,1,0,0.00,-1432.35,0,0
10/29/2018 15:32:41 ,11,1,2.86000,1,3.94000,4.86000,51.065639,3.712192,1,3223,1,5.000000,1,336.32,1,8.80,1,0,0.00,-1432.35,0,0
10/29/2018 15:32:41 ,11,1,2.86000,1,3.94000,4.86000,51.065639,3.712192,1,11143,1,5.000000,1,336.32,1,8.80,1,120,-7.75,1960.84,9,1
10/29/2018 15:32:42 ,11,1,2.86000,1,3.94000,4.86000,51.065654,3.712180,1,12002,1,4.400000,1,336.32,1,8.80,1,120,-7.75,1960.84,9,0
10/29/2018 15:32:44 ,11,1,2.43000,1,3.78000,4.49000,51.065685,3.712152,1,1210,1,5.400000,1,325.36,1,6.06,1,120,-7.75,1960.84,9,0
10/29/2018 15:32:46 ,11,1,2.43000,1,3.78000,4.49000,51.065700,3.712100,1,2304,1,2.600000,1,303.90,1,5.83,1,120,-7.75,1960.84,9,0
10/29/2018 15:32:46 ,11,1,2.43000,1,3.78000,4.49000,51.065700,3.712100,1,11114,1,2.600000,1,303.90,1,5.83,1,121,-8.50,-1621.88,12,1
10/29/2018 15:32:47 ,12,1,2.43000,1,3.78000,4.49000,51.065692,3.712082,1,11134,1,1.800000,1,295.17,1,5.02,1,121,-8.50,-1621.88,12,0
10/29/2018 15:32:48 ,12,1,2.43000,1,3.78000,4.49000,51.065692,3.712059,1,11204,1,2.000000,1,267.68,1,5.91,1,121,-8.50,-1621.88,12,0
10/29/2018 15:32:50 ,12,1,2.43000,1,3.90000,4.64000,51.065700,3.712012,1,410,1,2.000000,1,267.07,1,5.28,1,121,-8.50,-1621.88,12,0
10/29/2018 15:32:51 ,13,1,1.29000,1,2.55000,2.86000,51.065692,3.711992,1,1032,1,2.400000,1,257.66,1,5.17,1,121,-8.50,-1621.88,12,0
10/29/2018 15:32:52 ,13,1,1.14000,1,2.09000,2.38000,51.065692,3.711971,1,2200,1,2.700000,1,256.58,1,5.61,1,121,-8.50,-1621.88,12,0
10/29/2018 15:32:54 ,12,1,1.29000,1,2.56000,2.86000,51.065677,3.711932,1,2301,1,2.700000,1,237.11,1,6.11,1,121,-8.50,-1621.88,12,0
10/29/2018 15:32:56 ,12,1,2.42000,1,3.77000,4.48000,51.065673,3.711893,1,341,1,3.300000,1,247.70,1,4.69,1,121,-5.25,-1647.05,12,1
10/29/2018 15:32:56 ,12,1,2.42000,1,3.77000,4.48000,51.065673,3.711893,1,341,1,3.300000,1,247.70,1,4.69,1,121,-5.25,-1647.05,12,0
10/29/2018 15:32:57 ,13,1,2.42000,1,3.76000,4.48000,51.065673,3.711874,1,2121,1,4.200000,1,251.47,1,4.93,1,121,-5.25,-1647.05,12,0
10/29/2018 15:32:59 ,11,1,1.32000,1,3.20000,3.46000,51.065670,3.711836,1,2311,1,4.900000,1,253.60,1,5.04,1,121,-5.25,-1647.05,12,0
10/29/2018 15:33:01 ,10,1,2.51000,1,3.89000,4.63000,51.065666,3.711796,1,2340,1,5.000000,1,257.10,1,5.30,1,121,-5.25,-1647.05,12,0
10/29/2018 15:33:03 ,12,1,2.42000,1,3.76000,4.47000,51.065666,3.711752,1,2404,1,5.700000,1,256.23,1,5.39,1,121,-5.25,-1647.05,12,0
10/29/2018 15:33:05 ,11,1,2.50000,1,3.89000,4.62000,51.065654,3.711713,1,1140,1,6.400000,1,254.06,1,5.32,1,121,-6.50,-1661.21,12,1
10/29/2018 15:33:05 ,11,1,2.50000,1,3.89000,4.62000,51.065654,3.711713,1,1140,1,6.400000,1,254.06,1,5.32,1,121,-6.50,-1661.21,12,0
10/29/2018 15:33:07 ,12,1,2.50000,1,3.89000,4.62000,51.065654,3.711670,1,2234,1,8.100001,1,252.62,1,5.54,1,121,-6.50,-1661.21,12,0
10/29/2018 15:33:08 ,13,1,1.13000,1,2.08000,2.37000,51.065650,3.711650,1,3013,1,8.100001,1,251.96,1,5.32,1,121,-6.50,-1661.21,12,0
10/29/2018 15:33:08 ,13,1,1.13000,1,2.08000,2.37000,51.065650,3.711650,1,10344,1,8.100001,1,251.96,1,5.32,1,-128,-4.75,3699.38,7,1
10/29/2018 15:33:09 ,13,1,2.41000,1,3.75000,4.46000,51.065650,3.711629,1,11002,1,8.600001,1,251.96,1,5.13,1,-128,-4.75,3699.38,7,0
