10/29/2018 15:35:09 ,12,1,1.31000,1,2.57000,2.89000,51.065471,3.709700,1,11220,1,28.899999,1,0.00,1,0.33,1,0,0.00,-383.78,0,0
10/29/2018 15:35:11 ,12,1,1.31000,1,2.57000,2.89000,51.065467,3.709702,1,330,1,28.899999,1,0.00,1,0.02,1,0,0.00,-383.78,0,0
10/29/2018 15:35:12 ,12,1,1.31000,1,2.57000,2.89000,51.065464,3.709703,1,2101,1,28.399999,1,0.00,1,0.39,1,0,0.00,-383.78,0,0
10/29/2018 15:35:14 ,13,1,1.31000,1,2.57000,2.89000,51.065460,3.709704,1,2244,1,27.899999,1,0.00,1,0.31,1,0,0.00,-383.78,0,0
10/29/2018 15:35:16 ,12,1,1.31000,1,2.58000,2.89000,51.065460,3.709702,1,2322,1,28.000000,1,0.00,1,0.54,1,0,0.00,-383.78,0,0
10/29/2018 15:35:18 ,12,1,1.31000,1,2.58000,2.89000,51.065456,3.709703,1,3113,1,27.899999,1,0.00,1,0.11,1,0,0.00,-383.78,0,0
10/29/2018 15:35:20 ,14,1,0.96000,1,1.84000,2.07000,51.065452,3.709707,1,3110,1,27.700000,1,188.82,1,1.69,1,0,0.00,-383.78,0,0
10/29/2018 15:35:22 ,14,1,0.96000,1,1.84000,2.07000,51.065456,3.709707,1,3212,1,28.299999,1,188.82,1,0.09,1,0,0.00,-383.78,0,0
10/29/2018 15:35:23 ,14,1,0.96000,1,1.84000,2.07000,51.065456,3.709707,1,111,1,28.299999,1,188.82,1,0.19,1,120,-11.75,-1771.83,12,1
10/29/2018 15:35:24 ,14,1,0.96000,1,1.84000,2.07000,51.065456,3.709707,1,1342,1,28.500000,1,188.82,1,0.17,1,120,-11.75,-1771.83,12,0
10/29/2018 15:35:26 ,14,1,0.96000,1,1.84000,2.07000,51.065460,3.709710,1,2243,1,29.000000,1,188.82,1,0.30,1,120,-11.75,-1771.83,12,0
10/29/2018 15:35:28 ,14,1,0.96000,1,1.84000,2.07000,51.065460,3.709709,1,2321,1,29.500000,1,188.82,1,0.15,1,120,-11.75,-1771.83,12,0
10/29/2018 15:35:30 ,14,1,0.96000,1,1.84000,2.07000,51.065460,3.709711,1,2401,1,29.700000,1,188.82,1,0.11,1,120,-11.75,-1771.83,12,0
10/29/2018 15:35:32 ,14,1,0.96000,1,1.84000,2.07000,51.065464,3.709711,1,1342,1,30.000000,1,188.82,1,0.09,1,120,-11.25,-1817.97,12,1
10/29/2018 15:35:32 ,14,1,0.96000,1,1.84000,2.07000,51.065464,3.709711,1,1342,1,30.000000,1,188.82,1,0.09,1,120,-11.25,-1817.97,12,0
10/29/2018 15:35:34 ,13,1,1.28000,1,2.31000,2.64000,51.065467,3.709710,1,2330,1,30.299999,1,188.82,1,0.65,1,120,-11.25,-1817.97,12,0
10/29/2018 15:35:36 ,14,1,1.28000,1,2.31000,2.64000,51.065464,3.709686,1,2322,1,30.200000,1,238.08,1,4.19,1,120,-11.25,-1817.97,12,0
10/29/2018 15:35:38 ,14,1,1.28000,1,2.31000,2.64000,51.065456,3.709653,1,2402,1,30.200000,1,252.40,1,4.48,1,120,-11.25,-1817.97,12,0
10/29/2018 15:35:40 ,14,1,1.28000,1,2.31000,2.64000,51.065448,3.709618,1,2424,1,30.100000,1,257.06,1,4.63,1,120,-11.25,-1817.97,12,0
10/29/2018 15:35:42 ,13,1,1.28000,1,2.31000,2.64000,51.065441,3.709584,1,3001,1,30.200000,1,253.01,1,4.43,1,120,-11.25,-1817.97,12,0
10/29/2018 15:35:43 ,13,1,1.28000,1,2.31000,2.64000,51.065437,3.709568,1,3244,1,30.000000,1,253.90,1,4.26,1,120,-11.25,-1817.97,12,0
10/29/2018 15:35:45 ,13,1,2.28000,1,3.30000,4.01000,51.065441,3.709531,1,3330,1,29.399999,1,280.97,1,4.89,1,120,-11.25,-1817.97,12,0
10/29/2018 15:35:46 ,13,1,1.28000,1,2.31000,2.64000,51.065441,3.709512,1,4110,1,29.100000,1,281.32,1,4.89,1,120,-11.25,-1817.97,12,0
10/29/2018 15:35:48 ,13,1,1.28000,1,2.31000,2.64000,51.065441,3.709472,1,132,1,29.000000,1,270.45,1,5.17,1,120,-11.25,-3894.41,12,1
10/29/2018 15:35:48 ,13,1,1.28000,1,2.31000,2.64000,51.065441,3.709472,1,132,1,29.000000,1,270.45,1,5.17,1,120,-11.25,-3894.41,12,0
10/29/2018 15:35:49 ,13,1,2.28000,1,3.29000,4.00000,51.065437,3.709452,1,2024,1,28.600000,1,262.23,1,5.28,1,120,-11.25,-3118.46,12,0
10/29/2018 15:35:51 ,13,1,2.27000,1,3.29000,4.00000,51.065425,3.709414,1,2241,1,28.100000,1,254.74,1,4.63,1,120,-11.25,-3735.03,12,0
10/29/2018 15:35:53 ,13,1,1.04000,1,1.85000,2.12000,51.065418,3.709387,1,3030,1,27.899999,1,256.67,1,3.00,1,120,-11.25,-3802.14,12,0
10/29/2018 15:35:55 ,12,1,2.27000,1,3.28000,3.99000,51.065418,3.709377,1,3120,1,27.000000,1,310.83,1,1.80,1,120,-11.25,-3802.14,12,0
10/29/2018 15:35:57 ,12,1,2.27000,1,3.28000,3.99000,51.065414,3.709376,1,3214,1,26.500000,1,310.83,1,0.00,1,120,-11.25,-3802.14,12,0
10/29/2018 15:35:59 ,12,1,2.27000,1,3.28000,3.99000,51.065414,3.709376,1,3241,1,25.700000,1,310.83,1,1.20,1,120,-11.25,-3802.14,12,0
10/29/2018 15:36:01 ,12,1,2.27000,1,3.28000,3.98000,51.065414,3.709377,1,3314,1,25.200000,1,310.83,1,0.74,1,120,-11.25,-3802.14,12,0
10/29/2018 15:36:03 ,12,1,2.27000,1,3.27000,3.98000,51.065414,3.709378,1,3343,1,24.399999,1,310.83,1,0.46,1,120,-11.25,-3802.14,12,0
10/29/2018 15:36:05 ,13,1,1.04000,1,1.84000,2.11000,51.065406,3.709378,1,3410,1,23.600000,1,310.83,1,0.22,1,120,-11.25,-3802.14,12,0
10/29/2018 15:36:07 ,13,1,1.04000,1,1.84000,2.11000,51.065402,3.709378,1,3424,1,23.100000,1,310.83,1,0.37,1,120,-11.25,-3802.14,12,0
10/29/2018 15:36:09 ,13,1,1.04000,1,1.84000,2.11000,51.065399,3.709377,1,4004,1,22.200000,1,310.83,1,0.81,1,120,-11.25,-3802.14,12,0
10/29/2018 15:36:11 ,12,1,2.26000,1,3.26000,3.97000,51.065395,3.709373,1,4033,1,21.600000,1,310.83,1,0.93,1,120,-11.25,-3802.14,12,0
10/29/2018 15:36:13 ,14,1,1.04000,1,1.84000,2.11000,51.065395,3.709362,1,4033,1,21.399999,1,276.92,1,1.28,1,120,-11.25,-3802.14,12,0
10/29/2018 15:36:15 ,13,1,1.04000,1,1.84000,2.11000,51.065391,3.709359,1,4122,1,20.700000,1,276.92,1,0.28,1,120,-11.25,-3802.14,12,0
10/29/2018 15:36:17 ,13,1,1.04000,1,1.84000,2.11000,51.065387,3.709360,1,4420,1,20.299999,1,276.92,1,0.20,1,120,-11.25,-3802.14,12,0
10/29/2018 15:36:19 ,13,1,1.04000,1,1.83000,2.11000,51.065387,3.709364,1,4423,1,20.000000,1,216.58,1,1.35,1,120,-11.25,-3802.14,12,0
10/29/2018 15:36:20 ,13,1,1.04000,1,1.83000,2.11000,51.065387,3.709365,1,10232,1,19.899999,1,216.58,1,0.59,1,120,-11.25,-3802.14,12,0
10/29/2018 15:36:22 ,13,1,1.04000,1,1.83000,2.11000,51.065387,3.709366,1,10312,1,19.600000,1,216.58,1,0.15,1,120,-11.25,-3802.14,12,0
10/29/2018 15:36:24 ,13,1,1.04000,1,1.83000,2.11000,51.065383,3.709366,1,10334,1,19.500000,1,216.58,1,0.06,1,120,-11.25,-3802.14,12,0
10/29/2018 15:36:26 ,14,1,0.95000,1,1.82000,2.05000,51.065387,3.709366,1,11121,1,19.700000,1,216.58,1,0.24,1,120,-11.25,-3802.14,12,0
10/29/2018 15:36:28 ,14,1,1.29000,1,2.31000,2.64000,51.065391,3.709363,1,11130,1,19.299999,1,338.69,1,1.78,1,120,-11.25,-3802.14,12,0
10/29/2018 15:36:29 ,14,1,0.95000,1,1.82000,2.05000,51.065399,3.709354,1,11144,1,19.399999,1,325.30,1,3.50,1,120,-11.25,-3802.14,12,0
10/29/2018 15:36:31 ,14,1,0.95000,1,3.24000,3.94000,51.065391,3.709330,1,412,1,19.399999,1,262.42,1,4.04,1,120,-11.25,-3802.14,12,0
10/29/2018 15:36:32 ,13,1,1.29000,1,2.31000,2.64000,51.065395,3.709320,1,1044,1,17.299999,1,324.47,1,4.41,1,120,-11.25,-3802.14,12,0
10/29/2018 15:36:33 ,13,1,1.29000,1,2.31000,2.64000,51.065395,3.709310,1,2221,1,15.100001,1,326.36,1,5.87,1,120,-11.25,-3802.14,12,0
10/29/2018 15:36:35 ,14,1,0.95000,1,1.82000,2.05000,51.065395,3.709282,1,2303,1,12.700000,1,313.24,1,5.35,1,120,-11.25,-3802.14,12,0
10/29/2018 15:36:37 ,14,1,1.29000,1,2.31000,2.64000,51.065399,3.709246,1,2331,1,11.500000,1,299.52,1,3.93,1,120,-11.25,-3802.14,12,0
10/29/2018 15:36:39 ,14,1,0.95000,1,1.81000,2.05000,51.065399,3.709210,1,2400,1,10.100001,1,294.29,1,4.65,1,120,-11.25,-3802.14,12,0
10/29/2018 15:36:41 ,14,1,0.95000,1,1.81000,2.05000,51.065422,3.709190,1,2423,1,9.400000,1,338.89,1,5.24,1,120,-11.25,-3802.14,12,0
10/29/2018 15:36:43 ,14,1,0.95000,1,1.81000,2.05000,51.065444,3.709178,1,3002,1,9.200000,1,343.58,1,4.87,1,120,-11.25,-3802.14,12,0
10/29/2018 15:36:45 ,14,1,0.95000,1,1.81000,2.05000,51.065467,3.709167,1,3031,1,8.300001,1,342.77,1,4.28,1,120,-11.25,-3802.14,12,0
10/29/2018 15:36:47 ,14,1,0.95000,1,1.81000,2.05000,51.065490,3.709158,1,3102,1,8.500000,1,345.85,1,4.89,1,120,-11.25,-3802.14,12,0
10/29/2018 15:36:49 ,13,1,1.29000,1,2.31000,2.64000,51.065517,3.709153,1,3130,1,8.000000,1,357.03,1,6.41,1,120,-11.25,-3802.14,12,0
10/29/2018 15:36:51 ,14,1,0.95000,1,1.81000,2.04000,51.065536,3.709146,1,3413,1,6.300000,1,348.29,1,4.96,1,120,-11.25,-3802.14,12,0
10/29/2018 15:36:53 ,14,1,0.95000,1,1.81000,2.04000,51.065559,3.709138,1,3442,1,5.400000,1,344.60,1,4.94,1,120,-11.25,-3802.14,12,0
10/29/2018 15:36:54 ,14,1,1.02000,1,1.99000,2.23000,51.065570,3.709133,1,4240,1,5.300000,1,344.92,1,5.07,1,120,-11.25,-3802.14,12,0
10/29/2018 15:36:56 ,14,1,0.95000,1,1.81000,2.04000,51.065597,3.709119,1,4303,1,5.900000,1,345.54,1,4.89,1,120,-11.25,-3802.14,12,0
10/29/2018 15:36:58 ,14,1,0.95000,1,1.81000,2.04000,51.065620,3.709106,1,4340,1,6.000000,1,343.18,1,4.54,1,120,-11.25,-3802.14,12,0
10/29/2018 15:37:00 ,14,1,0.95000,1,1.81000,2.04000,51.065643,3.709097,1,10123,1,6.000000,1,343.23,1,4.67,1,120,-11.25,-3802.14,12,0
10/29/2018 15:37:02 ,14,1,1.02000,1,1.98000,2.23000,51.065670,3.709090,1,10201,1,5.800000,1,352.33,1,4.85,1,120,-11.25,-3802.14,12,0
10/29/2018 15:37:04 ,14,1,1.09000,1,2.28000,2.53000,51.065692,3.709084,1,10234,1,5.800000,1,347.73,1,4.94,1,120,-11.25,-3802.14,12,0
10/29/2018 15:37:06 ,14,1,1.00000,1,1.88000,2.13000,51.065719,3.709074,1,10303,1,6.200000,1,347.13,1,4.96,1,120,-11.25,-3802.14,12,0
10/29/2018 15:37:08 ,14,1,1.09000,1,2.28000,2.52000,51.065742,3.709077,1,10343,1,5.500000,1,6.56,1,4.20,1,120,-11.25,-3802.14,12,0
10/29/2018 15:37:10 ,14,1,0.95000,1,1.80000,2.04000,51.065757,3.709098,1,10400,1,5.500000,1,29.82,1,3.85,1,120,-11.25,-3802.14,12,0
10/29/2018 15:37:12 ,14,1,1.02000,1,1.98000,2.23000,51.065769,3.709121,1,10424,1,5.100000,1,47.02,1,4.06,1,120,-11.25,-3802.14,12,0
10/29/2018 15:37:14 ,14,1,1.09000,1,2.27000,2.52000,51.065784,3.709136,1,11011,1,5.200000,1,38.33,1,2.61,1,120,-11.25,-3802.14,12,0
10/29/2018 15:37:16 ,14,1,1.09000,1,2.27000,2.52000,51.065788,3.709143,1,11102,1,5.200000,1,40.93,1,0.06,1,120,-11.25,-3802.14,12,0
10/29/2018 15:37:18 ,14,1,1.09000,1,2.27000,2.52000,51.065792,3.709143,1,11112,1,5.300000,1,40.93,1,0.06,1,120,-11.25,-3802.14,12,0
10/29/2018 15:37:20 ,14,1,1.00000,1,1.87000,2.12000,51.065792,3.709145,1,11141,1,5.000000,1,40.93,1,0.13,1,120,-11.25,-3802.14,12,0
10/29/2018 15:37:22 ,14,1,1.09000,1,2.27000,2.52000,51.065788,3.709137,1,11202,1,4.800000,1,284.00,1,1.91,1,120,-11.25,-3802.14,12,0
10/29/2018 15:37:24 ,14,1,1.09000,1,2.27000,2.52000,51.065788,3.709131,1,203,1,4.800000,1,284.00,1,0.17,1,120,-11.25,-3802.14,12,0
10/29/2018 15:37:25 ,14,1,1.09000,1,2.27000,2.52000,51.065788,3.709133,1,1440,1,5.400000,1,284.00,1,0.26,1,120,-11.25,-3802.14,12,0
10/29/2018 15:37:26 ,14,1,1.09000,1,2.27000,2.52000,51.065788,3.709134,1,2223,1,5.400000,1,298.61,1,0.56,1,120,-11.25,-3802.14,12,0
10/29/2018 15:37:27 ,13,1,1.09000,1,2.27000,2.52000,51.065792,3.709133,1,2402,1,5.700000,1,298.61,1,0.50,1,120,-11.25,-3802.14,12,0
10/29/2018 15:37:28 ,14,1,1.09000,1,2.27000,2.51000,51.065788,3.709134,1,3131,1,6.300000,1,298.61,1,0.13,1,120,-11.25,-3802.14,12,0
10/29/2018 15:37:30 ,13,1,1.09000,1,2.27000,2.51000,51.065788,3.709138,1,3204,1,6.400000,1,298.61,1,0.09,1,120,-11.25,-3802.14,12,0
10/29/2018 15:37:31 ,13,1,1.09000,1,2.27000,2.51000,51.065784,3.709141,1,3240,1,6.600000,1,298.61,1,0.06,1,120,-11.25,-3802.14,12,0
10/29/2018 15:37:33 ,14,1,1.09000,1,2.26000,2.51000,51.065784,3.709143,1,3304,1,6.900000,1,298.61,1,0.09,1,120,-11.25,-3802.14,12,0
10/29/2018 15:37:34 ,14,1,1.09000,1,2.26000,2.51000,51.065784,3.709145,1,4044,1,7.000000,1,298.61,1,0.07,1,120,-11.25,-3802.14,12,0
10/29/2018 15:37:36 ,14,1,1.09000,1,2.26000,2.51000,51.065788,3.709146,1,4122,1,6.800000,1,298.61,1,0.00,1,120,-11.25,-3802.14,12,0
10/29/2018 15:37:38 ,14,1,1.09000,1,2.26000,2.51000,51.065788,3.709147,1,4200,1,6.700000,1,298.61,1,0.04,1,120,-11.25,-3802.14,12,0
10/29/2018 15:37:40 ,14,1,1.09000,1,2.26000,2.51000,51.065792,3.709147,1,4222,1,6.400000,1,298.61,1,0.00,1,120,-11.25,-3802.14,12,0
10/29/2018 15:37:42 ,14,1,1.09000,1,2.26000,2.51000,51.065792,3.709146,1,4242,1,6.300000,1,298.61,1,0.07,1,120,-11.25,-3802.14,12,0
10/29/2018 15:37:44 ,14,1,1.09000,1,2.26000,2.51000,51.065792,3.709143,1,4320,1,6.200000,1,298.61,1,0.06,1,120,-11.25,-3802.14,12,0
10/29/2018 15:37:46 ,14,1,1.09000,1,2.26000,2.51000,51.065792,3.709149,1,4323,1,5.800000,1,80.78,1,0.96,1,120,-11.25,-3802.14,12,0
10/29/2018 15:37:48 ,14,1,1.02000,1,1.97000,2.21000,51.065788,3.709155,1,4404,1,5.300000,1,137.96,1,0.46,1,120,-11.25,-3802.14,12,0
10/29/2018 15:37:49 ,14,1,1.02000,1,1.97000,2.21000,51.065788,3.709155,1,4440,1,5.300000,1,137.96,1,0.06,1,120,-11.25,-3802.14,12,0
10/29/2018 15:37:50 ,14,1,1.02000,1,1.97000,2.21000,51.065788,3.709155,1,331,1,5.300000,1,137.96,1,0.04,1,-124,-18.50,-1629.22,12,1
10/29/2018 15:37:51 ,14,1,1.09000,1,2.26000,2.50000,51.065788,3.709156,1,2112,1,5.400000,1,137.96,1,0.35,1,-124,-18.50,-1629.22,12,0
10/29/2018 15:37:53 ,14,1,1.02000,1,1.97000,2.21000,51.065788,3.709156,1,2310,1,5.100000,1,137.96,1,0.48,1,-124,-18.50,-1629.22,12,0
10/29/2018 15:37:55 ,14,1,1.01000,1,1.96000,2.21000,51.065788,3.709152,1,2332,1,5.300000,1,160.17,1,0.59,1,-124,-18.50,-1629.22,12,0
10/29/2018 15:37:57 ,14,1,1.01000,1,1.96000,2.21000,51.065788,3.709151,1,2404,1,5.300000,1,160.17,1,0.09,1,-124,-18.50,-1629.22,12,0
10/29/2018 15:37:59 ,14,1,1.01000,1,1.96000,2.21000,51.065784,3.709151,1,3201,1,5.200000,1,160.17,1,0.09,1,-124,-18.50,-1629.22,12,0
10/29/2018 15:38:01 ,14,1,1.01000,1,1.96000,2.21000,51.065784,3.709153,1,3222,1,4.700000,1,160.17,1,0.09,1,-124,-18.50,-1629.22,12,0
10/29/2018 15:38:02 ,14,1,1.01000,1,1.96000,2.21000,51.065780,3.709154,1,4010,1,4.600000,1,160.17,1,0.04,1,-124,-18.50,-1629.22,12,0
10/29/2018 15:38:04 ,14,1,1.01000,1,1.96000,2.21000,51.065776,3.709151,1,4034,1,5.400000,1,160.17,1,0.07,1,-124,-18.50,-1629.22,12,0
10/29/2018 15:38:05 ,14,1,1.09000,1,2.25000,2.50000,51.065776,3.709147,1,4124,1,6.000000,1,160.17,1,0.11,1,-124,-18.50,-1629.22,12,0
10/29/2018 15:38:07 ,14,1,1.09000,1,2.25000,2.50000,51.065776,3.709145,1,4201,1,6.300000,1,160.17,1,0.11,1,-124,-18.50,-1629.22,12,0
10/29/2018 15:38:08 ,14,1,1.09000,1,2.25000,2.50000,51.065776,3.709144,1,3344,1,6.400000,1,160.17,1,0.04,1,120,-13.75,-1648.62,12,1
10/29/2018 15:38:09 ,14,1,1.09000,1,2.25000,2.50000,51.065776,3.709144,1,3430,1,6.400000,1,160.17,1,0.00,1,120,-13.75,-1648.62,12,0
10/29/2018 15:38:11 ,14,1,1.09000,1,2.24000,2.49000,51.065776,3.709146,1,4004,1,6.100000,1,160.17,1,0.13,1,120,-13.75,-1648.62,12,0
10/29/2018 15:38:13 ,14,1,1.01000,1,1.96000,2.21000,51.065773,3.709147,1,4020,1,6.000000,1,160.17,1,0.17,1,120,-13.75,-1648.62,12,0
10/29/2018 15:38:15 ,14,1,1.01000,1,1.96000,2.20000,51.065773,3.709148,1,4101,1,6.000000,1,160.17,1,0.11,1,120,-13.75,-1648.62,12,0
10/29/2018 15:38:17 ,14,1,1.09000,1,2.24000,2.49000,51.065773,3.709147,1,4123,1,5.900000,1,160.17,1,0.04,1,120,-13.75,-1648.62,12,0
10/29/2018 15:38:19 ,14,1,1.09000,1,2.24000,2.49000,51.065773,3.709147,1,4200,1,5.600000,1,160.17,1,0.11,1,120,-13.75,-1648.62,12,0
10/29/2018 15:38:21 ,14,1,1.09000,1,2.24000,2.49000,51.065773,3.709147,1,4223,1,5.100000,1,160.17,1,0.00,1,120,-13.75,-1648.62,12,0
10/29/2018 15:38:23 ,14,1,1.09000,1,2.24000,2.49000,51.065773,3.709141,1,4242,1,5.500000,1,174.08,1,0.43,1,120,-13.75,-1648.62,12,0
10/29/2018 15:38:25 ,14,1,1.09000,1,2.24000,2.49000,51.065776,3.709141,1,4322,1,5.600000,1,174.08,1,0.06,1,120,-13.75,-1648.62,12,0
10/29/2018 15:38:27 ,14,1,1.09000,1,2.24000,2.49000,51.065776,3.709142,1,4343,1,5.600000,1,174.08,1,0.04,1,120,-13.75,-1648.62,12,0
10/29/2018 15:38:29 ,14,1,1.09000,1,2.24000,2.49000,51.065776,3.709142,1,4422,1,5.600000,1,174.08,1,0.06,1,120,-13.75,-1648.62,12,0
10/29/2018 15:38:31 ,14,1,1.09000,1,2.23000,2.49000,51.065780,3.709142,1,4434,1,5.400000,1,174.08,1,0.06,1,120,-13.75,-1648.62,12,0
10/29/2018 15:38:32 ,14,1,1.09000,1,2.23000,2.49000,51.065780,3.709143,1,10232,1,5.400000,1,174.08,1,0.19,1,120,-13.75,-1648.62,12,0
10/29/2018 15:38:34 ,14,1,1.09000,1,2.23000,2.48000,51.065780,3.709143,1,10310,1,5.400000,1,174.08,1,0.09,1,120,-13.75,-1648.62,12,0
10/29/2018 15:38:35 ,14,1,1.09000,1,2.23000,2.48000,51.065780,3.709143,1,11130,1,5.400000,1,174.08,1,0.04,1,120,-13.75,-1648.62,12,0
10/29/2018 15:38:37 ,14,1,1.09000,1,2.23000,2.48000,51.065776,3.709143,1,11203,1,5.200000,1,174.08,1,0.11,1,120,-13.75,-1648.62,12,0
10/29/2018 15:38:38 ,14,1,1.09000,1,2.23000,2.48000,51.065776,3.709142,1,11341,1,5.100000,1,174.08,1,0.00,1,120,-13.75,-1648.62,12,0
10/29/2018 15:38:40 ,14,1,1.09000,1,2.23000,2.48000,51.065788,3.709147,1,422,1,5.100000,1,39.85,1,4.00,1,120,-13.75,-1648.62,12,0
10/29/2018 15:38:41 ,13,1,1.09000,1,2.23000,2.48000,51.065803,3.709148,1,1101,1,4.700000,1,20.26,1,5.00,1,120,-13.75,-1648.62,12,0
10/29/2018 15:38:42 ,13,1,1.09000,1,2.23000,2.48000,51.065818,3.709146,1,2431,1,3.700000,1,349.63,1,5.44,1,120,-13.75,-1648.62,12,0
10/29/2018 15:38:44 ,13,1,1.01000,1,1.95000,2.19000,51.065845,3.709135,1,3004,1,3.700000,1,352.82,1,4.83,1,120,-13.75,-1648.62,12,0
10/29/2018 15:38:46 ,14,1,1.01000,1,1.95000,2.19000,51.065868,3.709131,1,3023,1,2.700000,1,353.11,1,4.11,1,120,-13.75,-1648.62,12,0
10/29/2018 15:38:48 ,13,1,1.01000,1,1.94000,2.19000,51.065895,3.709129,1,3104,1,1.900000,1,358.84,1,4.63,1,120,-13.75,-1648.62,12,0
10/29/2018 15:38:50 ,13,1,1.01000,1,1.94000,2.19000,51.065917,3.709124,1,3130,1,1.900000,1,350.47,1,3.09,1,120,-13.75,-1648.62,12,0
10/29/2018 15:38:52 ,13,1,1.01000,1,1.94000,2.19000,51.065929,3.709117,1,3224,1,2.100000,1,344.04,1,0.87,1,120,-13.75,-1648.62,12,0
10/29/2018 15:38:54 ,14,1,1.01000,1,1.94000,2.19000,51.065933,3.709118,1,3244,1,3.000000,1,344.04,1,0.31,1,120,-13.75,-1648.62,12,0
10/29/2018 15:38:56 ,13,1,1.01000,1,1.94000,2.19000,51.065933,3.709117,1,3314,1,3.600000,1,344.04,1,0.67,1,120,-13.75,-1648.62,12,0
10/29/2018 15:38:58 ,12,1,1.09000,1,2.22000,2.47000,51.065933,3.709116,1,3400,1,3.800000,1,344.04,1,0.31,1,120,-13.75,-1648.62,12,0
10/29/2018 15:39:00 ,12,1,1.09000,1,2.22000,2.47000,51.065933,3.709118,1,3424,1,4.200000,1,344.04,1,0.13,1,120,-13.75,-1648.62,12,0
10/29/2018 15:39:02 ,14,1,1.09000,1,2.22000,2.47000,51.065933,3.709120,1,3440,1,4.300000,1,344.04,1,0.56,1,120,-13.75,-1648.62,12,0
10/29/2018 15:39:04 ,14,1,1.09000,1,2.22000,2.47000,51.065937,3.709119,1,4012,1,4.800000,1,344.04,1,0.31,1,120,-13.75,-1648.62,12,0
10/29/2018 15:39:06 ,14,1,1.01000,1,1.94000,2.19000,51.065933,3.709118,1,4302,1,4.600000,1,344.04,1,0.11,1,120,-13.75,-1648.62,12,0
10/29/2018 15:39:08 ,14,1,1.09000,1,2.21000,2.47000,51.065933,3.709120,1,4341,1,4.000000,1,344.04,1,0.70,1,120,-13.75,-1648.62,12,0
10/29/2018 15:39:09 ,14,1,1.09000,1,2.21000,2.47000,51.065933,3.709121,1,10131,1,3.700000,1,344.04,1,0.46,1,120,-13.75,-1648.62,12,0
10/29/2018 15:39:11 ,13,1,1.09000,1,2.21000,2.47000,51.065933,3.709132,1,10140,1,4.200000,1,55.21,1,3.06,1,120,-13.75,-1648.62,12,0
10/29/2018 15:39:13 ,13,1,1.01000,1,1.93000,2.18000,51.065929,3.709170,1,10212,1,4.200000,1,98.38,1,6.69,1,120,-13.75,-1648.62,12,0
10/29/2018 15:39:14 ,13,1,1.09000,1,2.21000,2.47000,51.065933,3.709193,1,10241,1,4.200000,1,88.88,1,5.87,1,120,-13.75,-1648.62,12,0
10/29/2018 15:39:15 ,13,1,1.09000,1,2.21000,2.47000,51.065933,3.709214,1,11024,1,4.000000,1,83.71,1,5.67,1,120,-13.75,-1648.62,12,0
10/29/2018 15:39:17 ,13,1,1.09000,1,2.21000,2.46000,51.065937,3.709255,1,11101,1,4.200000,1,82.28,1,5.43,1,120,-13.75,-1648.62,12,0
10/29/2018 15:39:18 ,13,1,1.09000,1,2.21000,2.46000,51.065940,3.709274,1,11122,1,4.400000,1,74.02,1,5.15,1,120,-13.75,-1648.62,12,0
10/29/2018 15:39:20 ,14,1,1.09000,1,2.21000,2.46000,51.065952,3.709307,1,11144,1,4.400000,1,67.46,1,4.28,1,120,-13.75,-1648.62,12,0
10/29/2018 15:39:22 ,14,1,1.09000,1,2.21000,2.46000,51.065959,3.709343,1,3,1,4.100000,1,76.70,1,4.80,1,120,-13.75,-1648.62,12,0
10/29/2018 15:39:23 ,13,1,1.09000,1,2.21000,2.46000,51.065959,3.709364,1,130,1,4.200000,1,75.87,1,5.06,1,120,-13.75,-1648.62,12,0
10/29/2018 15:39:24 ,14,1,1.09000,1,2.21000,2.46000,51.065963,3.709383,1,1342,1,3.800000,1,74.25,1,4.78,1,120,-13.75,-1648.62,12,0
10/29/2018 15:39:26 ,14,1,1.09000,1,2.21000,2.46000,51.065971,3.709425,1,2300,1,3.400000,1,74.97,1,5.26,1,120,-13.75,-1648.62,12,0
10/29/2018 15:39:28 ,14,1,1.09000,1,2.20000,2.46000,51.065975,3.709474,1,2314,1,3.200000,1,71.76,1,5.74,1,120,-13.75,-1648.62,12,0
10/29/2018 15:39:30 ,14,1,1.09000,1,2.20000,2.46000,51.065986,3.709510,1,2343,1,2.800000,1,66.64,1,5.24,1,120,-13.75,-1648.62,12,0
10/29/2018 15:39:32 ,13,1,1.09000,1,2.20000,2.46000,51.065994,3.709548,1,2430,1,2.800000,1,81.42,1,5.02,1,120,-13.75,-1648.62,12,0
10/29/2018 15:39:34 ,13,1,1.09000,1,2.20000,2.46000,51.065994,3.709588,1,3000,1,2.900000,1,87.87,1,5.28,1,120,-13.75,-1648.62,12,0
10/29/2018 15:39:35 ,14,1,1.09000,1,2.20000,2.46000,51.065994,3.709608,1,3013,1,2.900000,1,87.26,1,4.87,1,120,-13.75,-1648.62,12,0
10/29/2018 15:39:36 ,13,1,1.09000,1,2.20000,2.46000,51.065998,3.709625,1,3040,1,2.900000,1,72.47,1,4.65,1,120,-13.75,-1648.62,12,0
10/29/2018 15:39:38 ,13,1,1.09000,1,2.20000,2.45000,51.066005,3.709662,1,3120,1,2.900000,1,74.58,1,4.98,1,120,-13.75,-1648.62,12,0
10/29/2018 15:39:40 ,14,1,1.01000,1,1.92000,2.17000,51.066013,3.709708,1,3343,1,3.000000,1,72.45,1,5.70,1,120,-13.75,-1648.62,12,0
10/29/2018 15:39:42 ,14,1,1.09000,1,2.20000,2.45000,51.066020,3.709750,1,3424,1,3.100000,1,73.53,1,5.63,1,120,-13.75,-1648.62,12,0
10/29/2018 15:39:43 ,14,1,1.09000,1,2.20000,2.45000,51.066024,3.709771,1,4222,1,3.200000,1,78.22,1,5.65,1,120,-13.75,-1648.62,12,0
10/29/2018 15:39:45 ,14,1,1.09000,1,2.20000,2.45000,51.066028,3.709811,1,4304,1,3.300000,1,83.82,1,5.04,1,120,-13.75,-1648.62,12,0
10/29/2018 15:39:47 ,14,1,1.09000,1,2.19000,2.45000,51.066032,3.709855,1,4321,1,3.300000,1,79.56,1,5.50,1,120,-13.75,-1648.62,12,0
10/29/2018 15:39:48 ,13,1,1.09000,1,2.19000,2.45000,51.066036,3.709875,1,4344,1,3.300000,1,80.95,1,5.19,1,120,-13.75,-1648.62,12,0
10/29/2018 15:39:49 ,13,1,1.09000,1,2.19000,2.45000,51.066036,3.709897,1,10202,1,3.400000,1,78.00,1,5.98,1,120,-13.75,-1648.62,12,0
10/29/2018 15:39:51 ,13,1,1.09000,1,2.19000,2.45000,51.066047,3.709938,1,10222,1,3.500000,1,77.49,1,5.44,1,120,-13.75,-1648.62,12,0
10/29/2018 15:39:53 ,14,1,1.09000,1,2.19000,2.45000,51.066055,3.709979,1,10240,1,3.200000,1,72.12,1,5.44,1,120,-13.75,-1648.62,12,0
10/29/2018 15:39:55 ,14,1,1.09000,1,2.19000,2.45000,51.066059,3.710021,1,10311,1,3.100000,1,71.21,1,5.13,1,120,-13.75,-1648.62,12,0
10/29/2018 15:39:57 ,13,1,1.09000,1,2.19000,2.45000,51.066062,3.710062,1,10400,1,2.900000,1,79.25,1,5.22,1,120,-13.75,-1648.62,12,0
10/29/2018 15:39:59 ,13,1,1.09000,1,2.19000,2.45000,51.066070,3.710103,1,10421,1,3.000000,1,76.16,1,5.76,1,120,-13.75,-1648.62,12,0
10/29/2018 15:40:01 ,13,1,1.09000,1,2.19000,2.44000,51.066082,3.710145,1,10432,1,3.300000,1,71.07,1,5.76,1,120,-13.75,-1648.62,12,0
10/29/2018 15:40:03 ,14,1,1.09000,1,2.19000,2.44000,51.066093,3.710185,1,11001,1,3.500000,1,68.87,1,5.44,1,120,-13.75,-1648.62,12,0
10/29/2018 15:40:05 ,14,1,1.09000,1,2.18000,2.44000,51.066097,3.710225,1,11030,1,3.400000,1,81.35,1,5.26,1,120,-13.75,-1648.62,12,0
10/29/2018 15:40:07 ,13,1,1.09000,1,2.18000,2.44000,51.066101,3.710263,1,11121,1,3.300000,1,83.42,1,4.46,1,120,-13.75,-1648.62,12,0
10/29/2018 15:40:09 ,13,1,1.09000,1,2.18000,2.44000,51.066104,3.710305,1,11140,1,2.900000,1,75.81,1,5.96,1,120,-13.75,-1648.62,12,0
10/29/2018 15:40:11 ,13,1,1.09000,1,2.18000,2.44000,51.066112,3.710350,1,11213,1,3.100000,1,76.44,1,5.46,1,120,-13.75,-1648.62,12,0
10/29/2018 15:40:13 ,13,1,1.09000,1,2.18000,2.44000,51.066131,3.710363,1,213,1,3.100000,1,34.18,1,5.15,1,120,-13.75,-1648.62,12,0
10/29/2018 15:40:14 ,14,1,1.09000,1,2.18000,2.44000,51.066139,3.710354,1,1441,1,3.100000,1,10.62,1,3.67,1,120,-13.75,-1648.62,12,0
10/29/2018 15:40:16 ,14,1,1.09000,1,2.18000,2.44000,51.066154,3.710331,1,2330,1,3.000000,1,327.55,1,5.61,1,120,-13.75,-1648.62,12,0
10/29/2018 15:40:17 ,14,1,0.94000,1,1.74000,1.97000,51.066158,3.710321,1,3110,1,3.300000,1,322.00,1,6.17,1,120,-13.75,-1648.62,12,0
10/29/2018 15:40:19 ,13,1,1.07000,1,2.12000,2.38000,51.066196,3.710309,1,1321,1,3.300000,1,337.01,1,6.26,1,120,-13.75,-878.71,12,1
10/29/2018 15:40:19 ,13,1,1.07000,1,2.12000,2.38000,51.066196,3.710309,1,1321,1,3.300000,1,337.01,1,6.26,1,120,-13.75,-878.71,12,0
10/29/2018 15:40:21 ,14,1,1.21000,1,2.06000,2.39000,51.066196,3.710312,1,2413,1,2.900000,1,337.01,1,2.32,1,120,-13.75,-878.71,12,0
10/29/2018 15:40:23 ,14,1,0.98000,1,1.78000,2.04000,51.066192,3.710317,1,2430,1,2.000000,1,337.01,1,2.59,1,120,-13.75,-878.71,12,0
10/29/2018 15:40:24 ,14,1,0.94000,1,1.73000,1.97000,51.066192,3.710309,1,3222,1,1.400000,1,337.01,1,1.56,1,120,-13.75,-878.71,12,0
10/29/2018 15:40:26 ,14,1,0.94000,1,1.73000,1.97000,51.066192,3.710309,1,3244,1,2.000000,1,337.01,1,1.20,1,120,-13.75,-878.71,12,0
10/29/2018 15:40:28 ,14,1,0.94000,1,1.73000,1.97000,51.066196,3.710303,1,3314,1,1.000000,1,337.01,1,2.09,1,120,-13.75,-878.71,12,0
10/29/2018 15:40:30 ,14,1,0.94000,1,1.73000,1.97000,51.066204,3.710295,1,3342,1,1.500000,1,337.01,1,0.63,1,120,-13.75,-878.71,12,0
10/29/2018 15:40:31 ,14,1,0.94000,1,1.73000,1.97000,51.066207,3.710279,1,3411,1,1.500000,1,337.01,1,2.04,1,120,-13.75,-878.71,12,0
10/29/2018 15:40:33 ,14,1,0.94000,1,1.73000,1.97000,51.066226,3.710241,1,3434,1,-1.000000,1,337.01,1,1.28,1,120,-13.75,-878.71,12,0
10/29/2018 15:40:35 ,13,1,1.04000,1,1.89000,2.15000,51.066253,3.710230,1,4020,1,0.000000,1,4.12,1,2.91,1,120,-13.75,-878.71,12,0
10/29/2018 15:40:37 ,12,1,1.12000,1,1.99000,2.29000,51.066287,3.710216,1,4101,1,3.500000,1,4.12,1,3.43,1,120,-13.75,-878.71,12,0
10/29/2018 15:40:39 ,12,1,1.43000,1,2.58000,2.95000,51.066314,3.710314,1,4101,1,5.000000,1,59.05,1,26.48,1,120,-13.75,-878.71,12,0
10/29/2018 15:40:41 ,10,1,3.17000,1,4.64000,5.62000,51.066089,3.710166,1,22123,1,16.600000,1,193.20,1,87.45,1,120,-13.75,-878.71,12,0
10/29/2018 15:40:43 ,11,1,3.17000,1,4.64000,5.62000,51.066368,3.710243,1,4141,1,14.900000,1,338.34,1,4.94,1,120,-13.75,-878.71,12,0
10/29/2018 15:40:45 ,13,1,1.31000,1,2.27000,2.63000,51.066371,3.710223,1,4224,1,14.900000,1,338.34,1,3.93,1,120,-13.75,-878.71,12,0
10/29/2018 15:40:47 ,14,1,0.94000,1,1.72000,1.96000,51.066368,3.710201,1,4221,1,15.000000,1,265.50,1,1.93,1,120,-13.75,-878.71,12,0
10/29/2018 15:40:48 ,14,1,0.94000,1,1.72000,1.96000,51.066368,3.710211,1,10003,1,15.200000,1,148.45,1,3.72,1,120,-13.75,-878.71,12,0
10/29/2018 15:40:50 ,14,1,0.94000,1,1.72000,1.96000,51.066368,3.710242,1,10041,1,15.900000,1,99.87,1,3.72,1,120,-13.75,-878.71,12,0
10/29/2018 15:40:51 ,14,1,0.94000,1,1.72000,1.96000,51.066379,3.710258,1,10334,1,17.399999,1,89.48,1,4.02,1,120,-13.75,-878.71,12,0
10/29/2018 15:40:53 ,14,1,0.95000,1,2.10000,2.30000,51.066383,3.710294,1,10421,1,18.899999,1,76.41,1,4.46,1,120,-13.75,-878.71,12,0
10/29/2018 15:40:55 ,14,1,0.94000,1,1.72000,1.96000,51.066390,3.710324,1,10434,1,19.399999,1,48.58,1,5.22,1,120,-13.75,-878.71,12,0
10/29/2018 15:40:58 ,13,1,1.31000,1,2.27000,2.62000,51.066413,3.710377,1,40,1,20.500000,1,58.55,1,6.11,1,120,-13.75,-878.71,12,0
10/29/2018 15:40:59 ,12,1,1.52000,1,3.07000,3.42000,51.066410,3.710393,1,424,1,21.299999,1,64.95,1,4.24,1,120,-13.75,-878.71,12,0
10/29/2018 15:41:00 ,13,1,1.31000,1,2.27000,2.62000,51.066413,3.710412,1,2033,1,21.000000,1,71.73,1,4.33,1,120,-13.75,-878.71,12,0
10/29/2018 15:41:02 ,13,1,1.31000,1,2.27000,2.62000,51.066413,3.710448,1,2242,1,20.799999,1,77.82,1,4.04,1,120,-13.75,-878.71,12,0
10/29/2018 15:41:04 ,13,1,1.31000,1,2.27000,2.62000,51.066413,3.710486,1,2324,1,20.299999,1,83.03,1,4.56,1,120,-13.75,-878.71,12,0
10/29/2018 15:41:06 ,13,1,1.31000,1,2.27000,2.62000,51.066413,3.710529,1,2403,1,19.100000,1,80.02,1,5.06,1,120,-13.75,-878.71,12,0
10/29/2018 15:41:08 ,13,1,1.31000,1,2.27000,2.62000,51.066410,3.710559,1,2421,1,17.299999,1,72.84,1,2.30,1,120,-13.75,-878.71,12,0
10/29/2018 15:41:10 ,13,1,1.31000,1,2.27000,2.62000,51.066413,3.710574,1,2444,1,15.800001,1,31.23,1,2.56,1,120,-13.75,-878.71,12,0
10/29/2018 15:41:12 ,13,1,1.31000,1,2.27000,2.62000,51.066410,3.710586,1,3014,1,14.500000,1,24.75,1,2.13,1,120,-13.75,-878.71,12,0
10/29/2018 15:41:14 ,13,1,1.31000,1,2.27000,2.62000,51.066406,3.710611,1,3040,1,13.300001,1,52.81,1,3.41,1,120,-13.75,-878.71,12,0
10/29/2018 15:41:16 ,13,1,1.31000,1,2.27000,2.62000,51.066406,3.710629,1,3132,1,12.100001,1,52.81,1,1.74,1,120,-13.75,-878.71,12,0
10/29/2018 15:41:18 ,11,1,4.21000,1,4.38000,6.08000,51.066410,3.710646,1,3214,1,11.200000,1,52.81,1,2.50,1,120,-13.75,-878.71,12,0
10/29/2018 15:41:20 ,12,1,1.35000,1,2.56000,2.89000,51.066417,3.710660,1,3223,1,10.500000,1,52.81,1,2.04,1,120,-13.75,-878.71,12,0
10/29/2018 15:41:22 ,12,1,1.35000,1,2.56000,2.89000,51.066425,3.710677,1,4040,1,9.100001,1,52.81,1,2.76,1,120,-13.75,-878.71,12,0
10/29/2018 15:41:24 ,12,1,2.05000,1,3.09000,3.71000,51.066448,3.710654,1,4041,1,7.300000,1,338.84,1,6.41,1,120,-13.75,-878.71,12,0
10/29/2018 15:41:25 ,13,1,1.04000,1,1.76000,2.04000,51.066455,3.710650,1,4331,1,6.900000,1,333.80,1,5.59,1,120,-13.75,-878.71,12,0
10/29/2018 15:41:27 ,12,1,1.15000,1,1.90000,2.22000,51.066448,3.710679,1,4434,1,5.500000,1,333.80,1,1.44,1,120,-13.75,-878.71,12,0
10/29/2018 15:41:29 ,13,1,1.01000,1,1.88000,2.13000,51.066455,3.710698,1,10002,1,5.100000,1,333.80,1,1.81,1,120,-13.75,-878.71,12,0
10/29/2018 15:41:31 ,14,1,1.01000,1,1.88000,2.13000,51.066474,3.710704,1,10212,1,4.600000,1,346.16,1,3.33,1,120,-13.75,-878.71,12,0
10/29/2018 15:41:33 ,13,1,1.31000,1,2.26000,2.62000,51.066493,3.710695,1,10304,1,5.400000,1,341.87,1,2.54,1,120,-13.75,-878.71,12,0
10/29/2018 15:41:35 ,14,1,1.31000,1,2.26000,2.62000,51.066516,3.710676,1,10320,1,6.400000,1,324.85,1,5.07,1,120,-13.75,-878.71,12,0
10/29/2018 15:41:37 ,14,1,0.99000,1,1.76000,2.02000,51.066543,3.710653,1,10400,1,9.000000,1,322.06,1,4.54,1,120,-13.75,-878.71,12,0
10/29/2018 15:41:39 ,14,1,0.94000,1,1.70000,1.94000,51.066566,3.710618,1,10412,1,11.300001,1,313.68,1,5.28,1,120,-13.75,-878.71,12,0
10/29/2018 15:41:41 ,14,1,0.94000,1,1.70000,1.94000,51.066596,3.710579,1,10442,1,14.100001,1,312.10,1,5.32,1,120,-13.75,-878.71,12,0
10/29/2018 15:41:43 ,14,1,0.94000,1,1.70000,1.94000,51.066627,3.710547,1,11003,1,16.799999,1,312.80,1,5.15,1,120,-13.75,-878.71,12,0
10/29/2018 15:41:45 ,14,1,0.93000,1,1.70000,1.94000,51.066642,3.710518,1,11034,1,19.299999,1,311.77,1,3.39,1,120,-13.75,-878.71,12,0
10/29/2018 15:41:47 ,14,1,0.93000,1,1.70000,1.94000,51.066665,3.710490,1,11110,1,20.399999,1,314.15,1,4.44,1,120,-13.75,-878.71,12,0
10/29/2018 15:41:49 ,14,1,0.93000,1,1.70000,1.94000,51.066688,3.710466,1,11133,1,21.100000,1,315.97,1,4.26,1,120,-13.75,-878.71,12,0
10/29/2018 15:41:50 ,14,1,1.01000,1,1.87000,2.13000,51.066696,3.710452,1,11341,1,21.000000,1,316.53,1,4.39,1,120,-13.75,-878.71,12,0
10/29/2018 15:41:52 ,14,1,0.93000,1,1.87000,2.13000,51.066711,3.710436,1,3,1,21.299999,1,324.99,1,3.02,1,120,-13.75,-878.71,12,0
10/29/2018 15:41:53 ,14,1,1.01000,1,1.87000,2.13000,51.066719,3.710427,1,1124,1,20.899999,1,316.80,1,3.74,1,120,-13.75,-878.71,12,0
10/29/2018 15:41:55 ,13,1,1.31000,1,2.26000,2.61000,51.066726,3.710397,1,2243,1,20.899999,1,298.08,1,4.78,1,120,-13.75,-878.71,12,0
10/29/2018 15:41:56 ,14,1,1.31000,1,2.26000,2.61000,51.066730,3.710377,1,3040,1,20.899999,1,293.59,1,5.02,1,120,-13.75,-878.71,12,0
10/29/2018 15:41:58 ,14,1,0.93000,1,1.70000,1.94000,51.066741,3.710338,1,3114,1,21.700000,1,281.64,1,4.80,1,120,-13.75,-878.71,12,0
10/29/2018 15:41:59 ,14,1,0.93000,1,1.70000,1.94000,51.066749,3.710318,1,3411,1,21.600000,1,288.97,1,5.63,1,120,-13.75,-878.71,12,0
10/29/2018 15:42:01 ,14,1,0.93000,1,1.70000,1.94000,51.066757,3.710277,1,3433,1,21.399999,1,291.22,1,5.61,1,120,-13.75,-878.71,12,0
10/29/2018 15:42:03 ,14,1,0.93000,1,1.70000,1.94000,51.066768,3.710247,1,4021,1,21.299999,1,295.49,1,4.15,1,120,-13.75,-878.71,12,0
10/29/2018 15:42:05 ,14,1,0.93000,1,1.69000,1.93000,51.066780,3.710216,1,4304,1,20.899999,1,296.24,1,4.61,1,120,-13.75,-878.71,12,0
10/29/2018 15:42:07 ,14,1,0.93000,1,1.69000,1.93000,51.066791,3.710190,1,4334,1,19.899999,1,300.57,1,3.57,1,120,-13.75,-878.71,12,0
10/29/2018 15:42:09 ,14,1,0.99000,1,1.75000,2.01000,51.066802,3.710158,1,4413,1,19.299999,1,299.44,1,4.93,1,120,-13.75,-878.71,12,0
10/29/2018 15:42:11 ,14,1,0.99000,1,1.75000,2.01000,51.066814,3.710121,1,4433,1,18.700000,1,298.86,1,5.41,1,120,-13.75,-878.71,12,0
10/29/2018 15:42:13 ,13,1,0.99000,1,1.75000,2.01000,51.066833,3.710085,1,10003,1,18.500000,1,302.34,1,5.56,1,120,-13.75,-878.71,12,0
10/29/2018 15:42:15 ,14,1,0.93000,1,1.69000,1.93000,51.066844,3.710049,1,10020,1,18.500000,1,296.26,1,5.07,1,120,-13.75,-878.71,12,0
10/29/2018 15:42:17 ,14,1,1.04000,1,1.85000,2.12000,51.066841,3.710014,1,10043,1,18.000000,1,280.65,1,4.22,1,120,-13.75,-878.71,12,0
10/29/2018 15:42:19 ,12,1,1.49000,1,2.68000,3.07000,51.066844,3.709986,1,10133,1,17.000000,1,280.97,1,3.87,1,120,-13.75,-878.71,12,0
10/29/2018 15:42:21 ,13,1,1.49000,1,2.68000,3.07000,51.066848,3.709951,1,10212,1,16.200000,1,285.51,1,4.87,1,120,-13.75,-878.71,12,0
10/29/2018 15:42:23 ,13,1,1.98000,1,2.76000,3.40000,51.066860,3.709922,1,10234,1,15.500000,1,296.44,1,3.91,1,120,-13.75,-878.71,12,0
10/29/2018 15:42:25 ,13,1,1.32000,1,2.25000,2.61000,51.066875,3.709892,1,10322,1,15.200000,1,301.75,1,4.17,1,120,-13.75,-878.71,12,0
10/29/2018 15:42:27 ,13,1,1.32000,1,2.25000,2.61000,51.066886,3.709861,1,10341,1,14.900000,1,300.81,1,4.41,1,120,-13.75,-878.71,12,0
10/29/2018 15:42:29 ,14,1,1.32000,1,2.25000,2.61000,51.066902,3.709822,1,11131,1,14.900000,1,296.59,1,5.11,1,120,-13.75,-878.71,12,0
10/29/2018 15:42:31 ,13,1,1.32000,1,2.25000,2.61000,51.066913,3.709782,1,11202,1,14.800001,1,291.61,1,4.72,1,120,-13.75,-878.71,12,0
10/29/2018 15:42:33 ,13,1,1.32000,1,2.25000,2.61000,51.066925,3.709742,1,1024,1,15.400000,1,291.87,1,5.17,1,120,-13.75,-878.71,12,0
10/29/2018 15:42:34 ,13,1,1.32000,1,2.25000,2.61000,51.066928,3.709721,1,2231,1,15.000000,1,290.01,1,5.56,1,120,-13.75,-878.71,12,0
10/29/2018 15:42:36 ,14,1,0.93000,1,1.68000,1.92000,51.066936,3.709684,1,2302,1,14.000000,1,290.63,1,5.06,1,120,-13.75,-878.71,12,0
10/29/2018 15:42:38 ,13,1,1.32000,1,2.25000,2.61000,51.066947,3.709650,1,2333,1,13.600001,1,295.69,1,4.59,1,120,-13.75,-878.71,12,0
10/29/2018 15:42:39 ,13,1,1.32000,1,2.25000,2.61000,51.066955,3.709633,1,3130,1,13.200000,1,295.94,1,4.56,1,120,-13.75,-878.71,12,0
10/29/2018 15:42:41 ,14,1,1.32000,1,2.25000,2.60000,51.066970,3.709599,1,3211,1,13.700000,1,297.00,1,4.63,1,120,-13.75,-878.71,12,0
10/29/2018 15:42:43 ,13,1,1.32000,1,2.25000,2.60000,51.066970,3.709568,1,3241,1,12.300001,1,287.43,1,4.11,1,120,-13.75,-878.71,12,0
10/29/2018 15:42:45 ,13,1,1.32000,1,2.25000,2.60000,51.066967,3.709538,1,3304,1,10.800001,1,269.80,1,3.70,1,120,-13.75,-878.71,12,0
10/29/2018 15:42:47 ,13,1,1.32000,1,2.25000,2.60000,51.066955,3.709502,1,3333,1,9.300001,1,262.04,1,4.67,1,120,-13.75,-878.71,12,0
10/29/2018 15:42:49 ,14,1,0.93000,1,1.68000,1.92000,51.066955,3.709463,1,3403,1,9.100001,1,263.44,1,4.94,1,120,-13.75,-878.71,12,0
10/29/2018 15:42:51 ,14,1,0.93000,1,1.68000,1.92000,51.066959,3.709417,1,3422,1,11.900000,1,249.80,1,6.32,1,120,-13.75,-878.71,12,0
10/29/2018 15:42:53 ,14,1,0.93000,1,1.68000,1.92000,51.066947,3.709376,1,3442,1,11.200000,1,252.18,1,4.74,1,120,-13.75,-878.71,12,0
10/29/2018 15:42:55 ,14,1,0.93000,1,1.68000,1.92000,51.066940,3.709341,1,4021,1,10.800001,1,250.60,1,4.46,1,120,-13.75,-878.71,12,0
10/29/2018 15:42:57 ,14,1,0.93000,1,1.67000,1.92000,51.066936,3.709292,1,4043,1,9.700000,1,261.28,1,5.57,1,120,-13.75,-878.71,12,0
10/29/2018 15:42:58 ,14,1,0.93000,1,1.67000,1.92000,51.066928,3.709273,1,4113,1,9.200000,1,258.62,1,4.67,1,120,-13.75,-878.71,12,0
10/29/2018 15:43:00 ,14,1,0.93000,1,1.67000,1.91000,51.066925,3.709245,1,4144,1,8.300001,1,257.96,1,3.28,1,120,-13.75,-878.71,12,0
10/29/2018 15:43:01 ,14,1,0.93000,1,1.67000,1.91000,51.066921,3.709228,1,4220,1,8.000000,1,261.62,1,4.50,1,120,-13.75,-878.71,12,0
10/29/2018 15:43:03 ,14,1,0.93000,1,1.67000,1.91000,51.066909,3.709191,1,10012,1,7.300000,1,254.48,1,4.83,1,120,-13.75,-878.71,12,0
10/29/2018 15:43:05 ,13,1,0.98000,1,1.73000,1.99000,51.066886,3.709167,1,10042,1,6.700000,1,213.18,1,5.11,1,120,-13.75,-878.71,12,0
10/29/2018 15:43:06 ,12,1,1.21000,1,2.17000,2.48000,51.066875,3.709161,1,10344,1,6.500000,1,204.19,1,4.72,1,120,-13.75,-878.71,12,0
10/29/2018 15:43:08 ,13,1,1.21000,1,2.17000,2.48000,51.066848,3.709153,1,10423,1,6.000000,1,190.58,1,4.98,1,120,-13.75,-878.71,12,0
10/29/2018 15:43:10 ,13,1,1.03000,1,1.83000,2.10000,51.066825,3.709148,1,10442,1,5.500000,1,186.19,1,4.22,1,120,-13.75,-878.71,12,0
10/29/2018 15:43:13 ,12,1,1.21000,1,2.17000,2.48000,51.066795,3.709138,1,34,1,5.300000,1,188.75,1,4.11,1,120,-13.75,-878.71,12,0
10/29/2018 15:43:14 ,12,1,1.21000,1,2.17000,2.48000,51.066783,3.709131,1,422,1,4.900000,1,192.84,1,4.94,1,120,-13.75,-878.71,12,0
10/29/2018 15:43:15 ,12,1,1.21000,1,2.16000,2.48000,51.066772,3.709131,1,2043,1,4.900000,1,188.35,1,4.13,1,120,-13.75,-878.71,12,0
10/29/2018 15:43:17 ,14,1,0.93000,1,1.67000,1.91000,51.066749,3.709130,1,2222,1,4.600000,1,181.46,1,4.32,1,120,-13.75,-878.71,12,0
10/29/2018 15:43:19 ,14,1,0.93000,1,1.67000,1.91000,51.066730,3.709127,1,2312,1,3.900000,1,184.61,1,2.72,1,120,-13.75,-878.71,12,0
10/29/2018 15:43:21 ,14,1,0.93000,1,1.67000,1.91000,51.066707,3.709114,1,2340,1,3.600000,1,196.76,1,4.15,1,120,-13.75,-878.71,12,0
10/29/2018 15:43:22 ,14,1,0.93000,1,1.67000,1.91000,51.066707,3.709097,1,2413,1,3.600000,1,235.13,1,4.78,1,120,-13.75,-878.71,12,0
10/29/2018 15:43:23 ,14,1,0.93000,1,1.66000,1.91000,51.066703,3.709075,1,2434,1,3.700000,1,248.84,1,5.89,1,120,-13.75,-878.71,12,0
10/29/2018 15:43:24 ,14,1,0.93000,1,1.66000,1.91000,51.066699,3.709053,1,3011,1,3.900000,1,249.64,1,5.82,1,120,-13.75,-878.71,12,0
10/29/2018 15:43:26 ,14,1,1.32000,1,2.24000,2.59000,51.066688,3.709012,1,3040,1,3.900000,1,244.45,1,5.98,1,120,-13.75,-878.71,12,0
10/29/2018 15:43:28 ,14,1,1.32000,1,2.23000,2.59000,51.066677,3.708971,1,3112,1,4.200000,1,243.09,1,6.13,1,120,-13.75,-878.71,12,0
10/29/2018 15:43:30 ,14,1,0.93000,1,1.66000,1.90000,51.066669,3.708938,1,3131,1,4.300000,1,246.74,1,3.91,1,120,-13.75,-878.71,12,0
10/29/2018 15:43:32 ,14,1,0.93000,1,1.66000,1.90000,51.066661,3.708910,1,3203,1,4.100000,1,248.45,1,3.80,1,120,-13.75,-878.71,12,0
10/29/2018 15:43:33 ,14,1,0.93000,1,1.66000,1.90000,51.066658,3.708894,1,3233,1,4.200000,1,248.06,1,4.32,1,120,-13.75,-878.71,12,0
10/29/2018 15:43:34 ,14,1,0.93000,1,1.66000,1.90000,51.066654,3.708876,1,3304,1,4.400000,1,247.54,1,4.82,1,120,-13.75,-878.71,12,0
10/29/2018 15:43:35 ,14,1,0.93000,1,1.66000,1.90000,51.066646,3.708857,1,3330,1,4.400000,1,247.18,1,5.09,1,120,-13.75,-878.71,12,0
10/29/2018 15:43:37 ,14,1,0.93000,1,1.66000,1.90000,51.066627,3.708825,1,4121,1,4.200000,1,230.22,1,5.72,1,120,-13.75,-878.71,12,0
10/29/2018 15:43:39 ,14,1,1.20000,1,2.15000,2.46000,51.066600,3.708827,1,4204,1,3.600000,1,191.14,1,5.20,1,120,-13.75,-878.71,12,0
10/29/2018 15:43:40 ,14,1,1.20000,1,2.15000,2.46000,51.066585,3.708832,1,4444,1,3.000000,1,174.98,1,4.96,1,120,-13.75,-878.71,12,0
10/29/2018 15:43:42 ,12,1,1.20000,1,2.15000,2.46000,51.066558,3.708841,1,10024,1,2.300000,1,166.07,1,4.54,1,120,-13.75,-878.71,12,0
10/29/2018 15:43:44 ,14,1,0.97000,1,1.77000,2.02000,51.066532,3.708849,1,10040,1,1.700000,1,162.71,1,4.37,1,120,-13.75,-878.71,12,0
10/29/2018 15:43:46 ,14,1,0.98000,1,1.71000,1.97000,51.066505,3.708847,1,10330,1,1.300000,1,173.52,1,4.24,1,120,-13.75,-878.71,12,0
10/29/2018 15:43:48 ,14,1,0.98000,1,1.71000,1.97000,51.066482,3.708845,1,10412,1,0.500000,1,172.51,1,3.78,1,120,-13.75,-878.71,12,0
10/29/2018 15:43:49 ,13,1,1.20000,1,2.15000,2.46000,51.066471,3.708846,1,10441,1,0.000000,1,172.38,1,3.96,1,120,-13.75,-878.71,12,0
10/29/2018 15:43:51 ,13,1,1.20000,1,2.15000,2.46000,51.066448,3.708846,1,11021,1,-0.800000,1,174.77,1,4.02,1,120,-13.75,-878.71,12,0
10/29/2018 15:43:53 ,13,1,0.98000,1,1.71000,1.97000,51.066421,3.708847,1,11040,1,-1.500000,1,168.99,1,4.41,1,120,-13.75,-878.71,12,0
10/29/2018 15:43:55 ,13,1,1.20000,1,2.14000,2.46000,51.066394,3.708846,1,11113,1,-1.900000,1,167.94,1,4.44,1,120,-13.75,-878.71,12,0
10/29/2018 15:43:57 ,14,1,1.06000,1,1.78000,2.07000,51.066364,3.708847,1,11131,1,-1.200000,1,161.24,1,4.85,1,120,-13.75,-878.71,12,0
10/29/2018 15:43:58 ,14,1,0.97000,1,1.76000,2.01000,51.066352,3.708848,1,11231,1,-1.000000,1,156.21,1,4.80,1,120,-13.75,-878.71,12,0
10/29/2018 15:44:00 ,14,1,0.97000,1,1.76000,2.01000,51.066322,3.708838,1,341,1,-1.000000,1,163.79,1,5.22,1,120,-13.75,-878.71,12,0
10/29/2018 15:44:01 ,14,1,1.03000,1,1.82000,2.09000,51.066307,3.708839,1,1014,1,1.000000,1,165.86,1,5.37,1,120,-13.75,-878.71,12,0
10/29/2018 15:44:02 ,14,1,1.03000,1,1.82000,2.09000,51.066291,3.708842,1,2131,1,1.000000,1,163.51,1,5.50,1,120,-13.75,-878.71,12,0
10/29/2018 15:44:04 ,14,1,0.93000,1,1.65000,1.89000,51.066261,3.708840,1,2312,1,1.500000,1,157.99,1,4.87,1,120,-13.75,-878.71,12,0
10/29/2018 15:44:06 ,14,1,1.01000,1,1.82000,2.08000,51.066242,3.708852,1,2341,1,1.600000,1,152.39,1,4.32,1,120,-13.75,-878.71,12,0
10/29/2018 15:44:08 ,14,1,0.93000,1,1.65000,1.89000,51.066226,3.708848,1,2433,1,2.300000,1,160.33,1,2.43,1,120,-13.75,-878.71,12,0
10/29/2018 15:44:09 ,14,1,0.93000,1,1.65000,1.89000,51.066219,3.708855,1,2431,1,2.500000,1,153.91,1,3.33,1,120,-13.75,-878.71,12,0
10/29/2018 15:44:11 ,14,1,0.93000,1,1.65000,1.89000,51.066192,3.708856,1,3231,1,3.400000,1,167.36,1,4.52,1,120,-13.75,-878.71,12,0
10/29/2018 15:44:13 ,13,1,1.03000,1,1.81000,2.08000,51.066165,3.708857,1,3313,1,3.600000,1,175.66,1,5.09,1,120,-13.75,-878.71,12,0
10/29/2018 15:44:14 ,14,1,0.93000,1,1.65000,1.89000,51.066154,3.708858,1,4043,1,3.900000,1,173.10,1,4.72,1,120,-13.75,-878.71,12,0
10/29/2018 15:44:16 ,14,1,0.93000,1,1.64000,1.89000,51.066123,3.708855,1,4122,1,5.000000,1,173.33,1,5.13,1,120,-13.75,-878.71,12,0
10/29/2018 15:44:18 ,14,1,0.93000,1,1.64000,1.89000,51.066097,3.708861,1,4134,1,5.200000,1,169.90,1,5.33,1,120,-13.75,-878.71,12,0
10/29/2018 15:44:20 ,13,1,1.03000,1,1.81000,2.08000,51.066066,3.708869,1,4443,1,5.500000,1,162.61,1,5.52,1,120,-13.75,-878.71,12,0
10/29/2018 15:44:22 ,14,1,1.03000,1,1.81000,2.08000,51.066043,3.708881,1,10022,1,6.100000,1,159.60,1,4.91,1,120,-13.75,-878.71,12,0
10/29/2018 15:44:24 ,14,1,1.09000,1,1.99000,2.27000,51.066017,3.708892,1,10102,1,5.600000,1,160.17,1,4.54,1,120,-13.75,-878.71,12,0
10/29/2018 15:44:26 ,13,1,0.98000,1,1.69000,1.95000,51.065994,3.708901,1,10131,1,5.800000,1,162.34,1,4.56,1,120,-13.75,-878.71,12,0
10/29/2018 15:44:28 ,13,1,1.04000,1,2.49000,2.70000,51.065982,3.708920,1,10203,1,7.300000,1,120.18,1,4.00,1,120,-13.75,-878.71,12,0
10/29/2018 15:44:30 ,14,1,1.04000,1,2.49000,2.70000,51.065971,3.708935,1,10243,1,8.700000,1,120.18,1,3.07,1,120,-13.75,-878.71,12,0
10/29/2018 15:44:32 ,14,1,0.92000,1,1.64000,1.88000,51.065944,3.708944,1,10310,1,10.100001,1,120.18,1,5.02,1,120,-13.75,-878.71,12,0
10/29/2018 15:44:34 ,14,1,1.00000,1,1.81000,2.07000,51.065933,3.708930,1,10343,1,10.600001,1,120.18,1,3.32,1,120,-13.75,-878.71,12,0
10/29/2018 15:44:36 ,13,1,1.14000,1,2.87000,3.09000,51.065906,3.708839,1,10403,1,11.200000,1,141.37,1,7.37,1,120,-13.75,-878.71,12,0
10/29/2018 15:44:38 ,4,1,3.72000,1,1.00000,3.85000,51.065898,3.708781,1,11000,1,10.300001,1,216.84,1,7.65,1,120,-13.75,-878.71,12,0
10/29/2018 15:44:40 ,4,1,3.72000,1,1.00000,3.85000,51.066040,3.708485,1,11013,1,10.500000,1,288.39,1,24.08,1,120,-13.75,-878.71,12,0
10/29/2018 15:44:42 ,0,1,99.99000,1,99.99000,99.99000,51.066040,3.708485,1,42034,1,10.500000,1,288.39,1,24.08,1,120,-13.75,-878.71,12,0
10/29/2018 15:44:45 ,11,1,1.39000,1,3.65000,3.91000,51.066116,3.708581,1,141,1,10.600001,1,318.99,1,7.19,1,120,-13.75,-878.71,12,0
10/29/2018 15:44:46 ,10,1,1.39000,1,3.65000,3.91000,51.066108,3.708583,1,420,1,10.700000,1,317.91,1,6.17,1,120,-13.75,-878.71,12,0
10/29/2018 15:44:47 ,10,1,1.39000,1,3.65000,3.91000,51.066108,3.708600,1,2141,1,10.700000,1,322.12,1,4.54,1,120,-13.75,-878.71,12,0
10/29/2018 15:44:48 ,10,1,1.39000,1,3.65000,3.91000,51.066123,3.708600,1,3001,1,10.800001,1,327.53,1,4.76,1,120,-13.75,-878.71,12,0
10/29/2018 15:44:50 ,11,1,1.39000,1,3.65000,3.91000,51.066116,3.708583,1,3101,1,10.900000,1,327.53,1,4.33,1,120,-13.75,-878.71,12,0
10/29/2018 15:44:52 ,10,1,1.39000,1,3.65000,3.91000,51.066082,3.708546,1,3131,1,11.100001,1,327.53,1,5.48,1,120,-13.75,-878.71,12,0
10/29/2018 15:44:54 ,12,1,1.22000,1,2.72000,2.98000,51.066074,3.708528,1,3414,1,11.200000,1,327.53,1,2.85,1,120,-13.75,-878.71,12,0
10/29/2018 15:44:56 ,13,1,1.04000,1,2.46000,2.67000,51.065967,3.708575,1,3411,1,11.400000,1,244.80,1,4.65,1,120,-13.75,-878.71,12,0
10/29/2018 15:44:58 ,14,1,0.92000,1,1.63000,1.87000,51.065921,3.708628,1,3430,1,11.700000,1,200.54,1,4.24,1,120,-13.75,-878.71,12,0
10/29/2018 15:45:00 ,14,1,0.92000,1,1.63000,1.87000,51.065891,3.708672,1,4001,1,12.200000,1,187.69,1,3.70,1,120,-13.75,-878.71,12,0
10/29/2018 15:45:02 ,14,1,1.03000,1,1.79000,2.07000,51.065872,3.708711,1,4112,1,13.000000,1,183.16,1,2.80,1,120,-13.75,-878.71,12,0
10/29/2018 15:45:04 ,14,1,0.92000,1,1.63000,1.87000,51.065879,3.708853,1,4111,1,12.600001,1,148.04,1,3.54,1,120,-13.75,-878.71,12,0
10/29/2018 15:45:06 ,13,1,0.98000,1,1.67000,1.94000,51.065872,3.708957,1,4143,1,12.500000,1,139.08,1,4.74,1,120,-13.75,-878.71,12,0
10/29/2018 15:45:08 ,13,1,0.98000,1,1.67000,1.94000,51.065864,3.709013,1,4221,1,13.000000,1,136.79,1,4.28,1,120,-13.75,-878.71,12,0
10/29/2018 15:45:10 ,14,1,1.11000,1,2.03000,2.31000,51.065856,3.709029,1,4320,1,13.300001,1,135.83,1,0.39,1,120,-13.75,-878.71,12,0
10/29/2018 15:45:12 ,13,1,0.98000,1,1.67000,1.94000,51.065864,3.709054,1,4341,1,13.400000,1,135.83,1,0.52,1,120,-13.75,-878.71,12,0
10/29/2018 15:45:13 ,13,1,0.98000,1,1.67000,1.94000,51.065864,3.709063,1,4420,1,12.800001,1,135.83,1,0.30,1,120,-13.75,-878.71,12,0
10/29/2018 15:45:15 ,13,1,1.11000,1,2.03000,2.31000,51.065872,3.709073,1,4441,1,12.000000,1,135.83,1,0.13,1,120,-13.75,-878.71,12,0
10/29/2018 15:45:17 ,13,1,1.11000,1,2.03000,2.31000,51.065876,3.709081,1,10012,1,11.600001,1,135.83,1,0.09,1,120,-13.75,-878.71,12,0
10/29/2018 15:45:18 ,14,1,1.11000,1,2.02000,2.31000,51.065876,3.709082,1,10234,1,11.500000,1,135.83,1,0.06,1,120,-13.75,-878.71,12,0
10/29/2018 15:45:20 ,13,1,1.11000,1,2.02000,2.31000,51.065876,3.709086,1,10322,1,11.300001,1,135.83,1,0.04,1,120,-13.75,-878.71,12,0
10/29/2018 15:45:21 ,13,1,1.11000,1,2.02000,2.31000,51.065879,3.709088,1,11123,1,11.200000,1,135.83,1,0.09,1,120,-13.75,-878.71,12,0
10/29/2018 15:45:23 ,12,1,1.11000,1,2.02000,2.30000,51.065883,3.709090,1,11210,1,11.000000,1,135.83,1,0.04,1,120,-13.75,-878.71,12,0
10/29/2018 15:45:24 ,12,1,1.11000,1,2.02000,2.30000,51.065883,3.709091,1,11234,1,10.900000,1,135.83,1,0.11,1,120,-13.75,-878.71,12,0
10/29/2018 15:45:26 ,12,1,1.11000,1,2.02000,2.30000,51.065883,3.709091,1,333,1,10.900000,1,135.83,1,0.09,1,120,-13.75,-878.71,12,0
10/29/2018 15:45:27 ,12,1,1.46000,1,2.63000,3.01000,51.065883,3.709092,1,1132,1,10.500000,1,135.83,1,0.17,1,120,-13.75,-878.71,12,0
10/29/2018 15:45:28 ,12,1,1.11000,1,2.02000,2.30000,51.065887,3.709092,1,2414,1,10.400000,1,135.83,1,0.06,1,120,-13.75,-878.71,12,0
10/29/2018 15:45:30 ,13,1,1.11000,1,2.02000,2.30000,51.065891,3.709095,1,2440,1,10.600001,1,135.83,1,0.06,1,120,-13.75,-878.71,12,0
10/29/2018 15:45:32 ,13,1,0.98000,1,1.66000,1.93000,51.065891,3.709098,1,3013,1,10.500000,1,135.83,1,0.43,1,120,-13.75,-878.71,12,0
10/29/2018 15:45:34 ,14,1,1.11000,1,2.02000,2.30000,51.065895,3.709100,1,3033,1,10.300001,1,135.83,1,0.02,1,120,-13.75,-878.71,12,0
10/29/2018 15:45:36 ,13,1,1.11000,1,2.02000,2.30000,51.065895,3.709101,1,3113,1,10.100001,1,135.83,1,0.00,1,120,-13.75,-878.71,12,0
10/29/2018 15:45:38 ,13,1,1.11000,1,2.02000,2.30000,51.065895,3.709103,1,3133,1,9.800001,1,135.83,1,0.04,1,120,-13.75,-878.71,12,0
10/29/2018 15:45:40 ,13,1,1.11000,1,2.01000,2.30000,51.065895,3.709104,1,3204,1,9.700000,1,135.83,1,0.04,1,120,-13.75,-878.71,12,0
10/29/2018 15:45:42 ,13,1,0.98000,1,1.66000,1.93000,51.065895,3.709105,1,3230,1,9.400000,1,135.83,1,0.06,1,120,-13.75,-878.71,12,0
10/29/2018 15:45:44 ,13,1,0.98000,1,1.66000,1.92000,51.065891,3.709108,1,3223,1,9.300001,1,171.27,1,2.37,1,120,-13.75,-878.71,12,0
10/29/2018 15:45:45 ,14,1,0.98000,1,1.66000,1.92000,51.065879,3.709110,1,3300,1,9.200000,1,177.60,1,4.07,1,120,-13.75,-878.71,12,0
10/29/2018 15:45:47 ,13,1,0.98000,1,1.66000,1.92000,51.065853,3.709110,1,3322,1,9.300001,1,181.87,1,6.15,1,120,-13.75,-878.71,12,0
10/29/2018 15:45:49 ,13,1,1.11000,1,2.01000,2.29000,51.065826,3.709108,1,3401,1,9.300001,1,186.64,1,6.04,1,120,-13.75,-878.71,12,0
10/29/2018 15:45:51 ,13,1,1.11000,1,2.01000,2.29000,51.065795,3.709093,1,3421,1,9.300001,1,204.85,1,5.52,1,120,-13.75,-878.71,12,0
10/29/2018 15:45:52 ,13,1,0.98000,1,1.66000,1.92000,51.065784,3.709081,1,4144,1,9.200000,1,209.84,1,6.26,1,120,-13.75,-878.71,12,0
10/29/2018 15:45:54 ,13,1,0.98000,1,1.65000,1.92000,51.065761,3.709058,1,4231,1,9.300001,1,213.15,1,5.30,1,120,-13.75,-878.71,12,0
10/29/2018 15:45:55 ,13,1,1.11000,1,2.01000,2.29000,51.065750,3.709055,1,10031,1,9.300001,1,191.10,1,5.11,1,120,-13.75,-878.71,12,0
10/29/2018 15:45:57 ,13,1,1.11000,1,2.01000,2.29000,51.065719,3.709065,1,10111,1,9.400000,1,168.20,1,6.30,1,120,-13.75,-878.71,12,0
10/29/2018 15:45:59 ,13,1,1.11000,1,2.00000,2.29000,51.065692,3.709080,1,10132,1,9.300001,1,164.10,1,5.69,1,120,-13.75,-878.71,12,0
10/29/2018 15:46:01 ,13,1,1.11000,1,2.00000,2.29000,51.065666,3.709095,1,10421,1,7.500000,1,167.59,1,5.43,1,120,-13.75,-878.71,12,0
10/29/2018 15:46:03 ,13,1,1.11000,1,2.00000,2.29000,51.065639,3.709108,1,11004,1,6.600000,1,168.08,1,6.50,1,120,-13.75,-878.71,12,0
10/29/2018 15:46:05 ,13,1,1.11000,1,2.00000,2.29000,51.065608,3.709126,1,11022,1,5.700000,1,166.72,1,5.59,1,120,-13.75,-878.71,12,0
10/29/2018 15:46:07 ,14,1,1.11000,1,2.00000,2.29000,51.065586,3.709138,1,11042,1,5.100000,1,168.70,1,4.87,1,120,-13.75,-878.71,12,0
10/29/2018 15:46:09 ,14,1,1.11000,1,2.00000,2.29000,51.065563,3.709154,1,11123,1,4.400000,1,163.15,1,4.91,1,120,-13.75,-878.71,12,0
10/29/2018 15:46:11 ,13,1,1.32000,1,2.18000,2.55000,51.065536,3.709161,1,11200,1,4.300000,1,171.76,1,5.24,1,120,-13.75,-878.71,12,0
10/29/2018 15:46:13 ,13,1,1.36000,1,2.48000,2.83000,51.065517,3.709167,1,23,1,3.900000,1,168.61,1,5.43,1,120,-13.75,-878.71,12,0
10/29/2018 15:46:14 ,12,1,1.41000,1,2.48000,2.83000,51.065502,3.709176,1,201,1,3.600000,1,158.90,1,6.41,1,120,-13.75,-878.71,12,0
10/29/2018 15:46:15 ,12,1,1.41000,1,2.18000,2.60000,51.065486,3.709183,1,1423,1,3.400000,1,160.95,1,6.56,1,120,-13.75,-878.71,12,0
10/29/2018 15:46:16 ,14,1,1.41000,1,2.18000,2.60000,51.065471,3.709189,1,2210,1,3.600000,1,163.45,1,6.15,1,120,-13.75,-878.71,12,0
10/29/2018 15:46:18 ,12,1,1.41000,1,2.18000,2.60000,51.065444,3.709201,1,2232,1,3.400000,1,167.21,1,5.59,1,120,-13.75,-878.71,12,0
10/29/2018 15:46:20 ,14,1,0.97000,1,1.64000,1.91000,51.065418,3.709214,1,2301,1,2.500000,1,165.97,1,4.48,1,120,-13.75,-878.71,12,0
10/29/2018 15:46:22 ,14,1,0.92000,1,1.60000,1.84000,51.065422,3.709225,1,2324,1,1.200000,1,135.23,1,3.43,1,120,-13.75,-878.71,12,0
10/29/2018 15:46:23 ,14,1,0.92000,1,1.60000,1.84000,51.065418,3.709242,1,2402,1,0.900000,1,117.34,1,3.41,1,120,-13.75,-878.71,12,0
10/29/2018 15:46:25 ,14,1,0.92000,1,1.60000,1.84000,51.065410,3.709262,1,2431,1,0.300000,1,110.21,1,2.57,1,120,-13.75,-878.71,12,0
10/29/2018 15:46:26 ,14,1,0.92000,1,1.59000,1.84000,51.065410,3.709259,1,3243,1,0.800000,1,110.21,1,1.28,1,120,-13.75,-878.71,12,0
10/29/2018 15:46:28 ,14,1,0.92000,1,1.59000,1.84000,51.065414,3.709256,1,3324,1,1.300000,1,110.21,1,1.26,1,120,-13.75,-878.71,12,0
10/29/2018 15:46:29 ,14,1,0.92000,1,1.59000,1.84000,51.065406,3.709259,1,4114,1,1.100000,1,110.21,1,0.15,1,120,-13.75,-878.71,12,0
10/29/2018 15:46:31 ,14,1,0.92000,1,1.59000,1.84000,51.065399,3.709259,1,4133,1,2.100000,1,110.21,1,0.56,1,120,-13.75,-878.71,12,0
10/29/2018 15:46:33 ,14,1,1.11000,1,1.99000,2.28000,51.065391,3.709267,1,4213,1,1.700000,1,110.21,1,0.07,1,120,-13.75,-878.71,12,0
10/29/2018 15:46:35 ,14,1,1.11000,1,1.99000,2.28000,51.065387,3.709268,1,10010,1,1.100000,1,110.21,1,0.00,1,120,-13.75,-878.71,12,0
10/29/2018 15:46:37 ,14,1,1.11000,1,1.99000,2.28000,51.065387,3.709273,1,10034,1,0.900000,1,110.21,1,0.35,1,120,-13.75,-878.71,12,0
10/29/2018 15:46:39 ,14,1,1.11000,1,1.99000,2.27000,51.065387,3.709276,1,10110,1,0.800000,1,110.21,1,0.17,1,120,-13.75,-878.71,12,0
10/29/2018 15:46:41 ,14,1,1.00000,1,1.75000,2.02000,51.065391,3.709276,1,10124,1,0.700000,1,110.21,1,0.17,1,120,-13.75,-878.71,12,0
10/29/2018 15:46:43 ,14,1,1.11000,1,1.98000,2.27000,51.065395,3.709275,1,10203,1,0.900000,1,110.21,1,0.06,1,120,-13.75,-878.71,12,0
10/29/2018 15:46:45 ,14,1,1.11000,1,1.98000,2.27000,51.065395,3.709277,1,10230,1,0.700000,1,110.21,1,0.13,1,120,-13.75,-878.71,12,0
10/29/2018 15:46:47 ,14,1,1.00000,1,1.75000,2.02000,51.065395,3.709277,1,10300,1,1.100000,1,110.21,1,0.04,1,120,-13.75,-878.71,12,0
10/29/2018 15:46:49 ,20,1,0.95000,1,1.44000,1.72000,51.065391,3.709279,1,10303,1,1.400000,1,110.21,1,0.11,1,120,-13.75,-878.71,12,0
10/29/2018 15:46:50 ,20,1,0.95000,1,1.44000,1.72000,51.065391,3.709282,1,10342,1,1.600000,1,110.21,1,0.07,1,120,-13.75,-878.71,12,0
10/29/2018 15:46:52 ,20,1,0.95000,1,1.44000,1.72000,51.065391,3.709283,1,10404,1,2.000000,1,110.21,1,0.09,1,120,-13.75,-878.71,12,0
10/29/2018 15:46:54 ,20,1,0.95000,1,1.44000,1.72000,51.065387,3.709285,1,10433,1,2.100000,1,110.21,1,0.06,1,120,-13.75,-878.71,12,0
10/29/2018 15:46:55 ,20,1,0.95000,1,1.44000,1.72000,51.065387,3.709286,1,11011,1,2.100000,1,110.21,1,0.04,1,120,-13.75,-878.71,12,0
10/29/2018 15:46:57 ,20,1,0.95000,1,1.44000,1.72000,51.065383,3.709289,1,11034,1,2.100000,1,110.21,1,0.00,1,120,-13.75,-878.71,12,0
10/29/2018 15:47:00 ,20,1,0.95000,1,1.44000,1.72000,51.065380,3.709290,1,113,1,2.100000,1,110.21,1,0.02,1,120,-13.75,-878.71,12,0
10/29/2018 15:47:01 ,20,1,0.95000,1,1.44000,1.72000,51.065380,3.709291,1,404,1,2.100000,1,110.21,1,0.00,1,120,-13.75,-878.71,12,0
10/29/2018 15:47:02 ,20,1,0.95000,1,1.44000,1.72000,51.065380,3.709291,1,2122,1,2.000000,1,110.21,1,0.09,1,120,-13.75,-878.71,12,0
10/29/2018 15:47:03 ,20,1,0.95000,1,1.44000,1.72000,51.065376,3.709292,1,3010,1,1.900000,1,110.21,1,0.04,1,120,-13.75,-878.71,12,0
10/29/2018 15:47:05 ,20,1,0.95000,1,1.44000,1.72000,51.065376,3.709292,1,3034,1,1.800000,1,110.21,1,0.00,1,120,-13.75,-878.71,12,0
10/29/2018 15:47:07 ,20,1,0.95000,1,1.44000,1.72000,51.065376,3.709293,1,3110,1,1.700000,1,110.21,1,0.00,1,120,-13.75,-878.71,12,0
10/29/2018 15:47:09 ,20,1,0.95000,1,1.44000,1.72000,51.065376,3.709294,1,3404,1,1.400000,1,110.21,1,0.02,1,120,-13.75,-878.71,12,0
10/29/2018 15:47:11 ,20,1,0.95000,1,1.44000,1.72000,51.065376,3.709294,1,3432,1,1.500000,1,110.21,1,0.04,1,120,-13.75,-878.71,12,0
10/29/2018 15:47:13 ,20,1,0.95000,1,1.44000,1.72000,51.065376,3.709291,1,4003,1,1.800000,1,110.21,1,0.02,1,120,-13.75,-878.71,12,0
10/29/2018 15:47:15 ,20,1,0.95000,1,1.44000,1.72000,51.065376,3.709290,1,4024,1,2.000000,1,110.21,1,0.06,1,120,-13.75,-878.71,12,0
10/29/2018 15:47:17 ,20,1,0.95000,1,1.44000,1.72000,51.065376,3.709290,1,4102,1,2.000000,1,110.21,1,0.07,1,120,-13.75,-878.71,12,0
10/29/2018 15:47:19 ,20,1,0.95000,1,1.44000,1.72000,51.065376,3.709290,1,4123,1,2.000000,1,110.21,1,0.04,1,120,-13.75,-878.71,12,0
10/29/2018 15:47:21 ,20,1,0.95000,1,1.44000,1.72000,51.065376,3.709290,1,4200,1,2.200000,1,110.21,1,0.00,1,120,-13.75,-878.71,12,0
10/29/2018 15:47:23 ,20,1,0.95000,1,1.44000,1.72000,51.065376,3.709291,1,4213,1,2.100000,1,110.21,1,0.06,1,120,-13.75,-878.71,12,0
10/29/2018 15:47:25 ,20,1,0.95000,1,1.44000,1.72000,51.065376,3.709292,1,4300,1,2.100000,1,110.21,1,0.02,1,120,-13.75,-878.71,12,0
10/29/2018 15:47:26 ,20,1,0.95000,1,1.44000,1.72000,51.065372,3.709292,1,4320,1,2.000000,1,110.21,1,0.02,1,120,-13.75,-878.71,12,0
10/29/2018 15:47:28 ,20,1,0.95000,1,1.43000,1.72000,51.065372,3.709293,1,4333,1,2.000000,1,110.21,1,0.04,1,120,-13.75,-878.71,12,0
10/29/2018 15:47:30 ,20,1,1.07000,1,1.55000,1.88000,51.065372,3.709295,1,4412,1,1.900000,1,110.21,1,0.02,1,120,-13.75,-878.71,12,0
10/29/2018 15:47:32 ,20,1,0.95000,1,1.43000,1.72000,51.065372,3.709293,1,4412,1,1.800000,1,198.83,1,1.07,1,120,-13.75,-878.71,12,0
10/29/2018 15:47:33 ,20,1,0.95000,1,1.43000,1.72000,51.065364,3.709296,1,10203,1,1.900000,1,151.46,1,3.33,1,120,-13.75,-878.71,12,0
10/29/2018 15:47:35 ,20,1,0.95000,1,1.43000,1.72000,51.065345,3.709314,1,10233,1,2.200000,1,148.84,1,5.37,1,120,-13.75,-878.71,12,0
10/29/2018 15:47:36 ,20,1,0.95000,1,1.43000,1.72000,51.065334,3.709321,1,11022,1,2.300000,1,158.59,1,5.24,1,120,-13.75,-878.71,12,0
10/29/2018 15:47:37 ,20,1,0.87000,1,1.39000,1.64000,51.065322,3.709322,1,11102,1,2.300000,1,173.78,1,5.07,1,120,-13.75,-878.71,12,0
10/29/2018 15:47:39 ,20,1,0.95000,1,1.43000,1.72000,51.065296,3.709316,1,11131,1,2.300000,1,183.28,1,5.59,1,120,-13.75,-878.71,12,0
10/29/2018 15:47:41 ,20,1,0.95000,1,1.43000,1.72000,51.065269,3.709310,1,11201,1,2.100000,1,187.80,1,4.72,1,120,-13.75,-878.71,12,0
10/29/2018 15:47:43 ,20,1,0.87000,1,1.64000,1.86000,51.065246,3.709306,1,333,1,1.800000,1,185.97,1,4.50,1,120,-13.75,-878.71,12,0
10/29/2018 15:47:44 ,20,1,0.87000,1,1.64000,1.86000,51.065238,3.709322,1,2213,1,1.400000,1,138.25,1,6.22,1,120,-13.75,-878.71,12,0
10/29/2018 15:47:46 ,14,1,0.93000,1,1.44000,1.71000,51.065219,3.709328,1,2322,1,2.000000,1,145.53,1,3.57,1,120,-13.75,-878.71,12,0
10/29/2018 15:47:47 ,14,1,0.93000,1,1.44000,1.71000,51.065204,3.709321,1,2322,1,2.500000,1,175.99,1,5.82,1,120,-13.75,-878.71,12,0
10/29/2018 15:47:48 ,20,1,0.93000,1,1.44000,1.71000,51.065193,3.709323,1,2340,1,3.000000,1,172.57,1,5.22,1,120,-13.75,-878.71,12,0
10/29/2018 15:47:50 ,20,1,0.87000,1,1.39000,1.64000,51.065162,3.709321,1,2411,1,4.000000,1,171.63,1,5.32,1,120,-13.75,-878.71,12,0
10/29/2018 15:47:52 ,20,1,0.87000,1,1.39000,1.64000,51.065135,3.709320,1,2431,1,4.500000,1,175.86,1,5.78,1,120,-13.75,-878.71,12,0
10/29/2018 15:47:54 ,20,1,0.87000,1,1.39000,1.64000,51.065113,3.709317,1,3011,1,5.400000,1,179.53,1,2.78,1,120,-13.75,-878.71,12,0
10/29/2018 15:47:56 ,20,1,0.87000,1,1.39000,1.64000,51.065086,3.709317,1,3033,1,6.100000,1,158.93,1,5.22,1,120,-13.75,-878.71,12,0
10/29/2018 15:47:57 ,20,1,1.14000,1,1.58000,1.95000,51.065071,3.709318,1,3120,1,6.200000,1,165.69,1,5.87,1,120,-13.75,-878.71,12,0
10/29/2018 15:47:59 ,20,1,0.93000,1,1.44000,1.71000,51.065036,3.709318,1,3142,1,5.500000,1,167.80,1,5.74,1,120,-13.75,-878.71,12,0
10/29/2018 15:48:00 ,20,1,0.93000,1,1.44000,1.71000,51.065021,3.709317,1,3212,1,5.700000,1,173.48,1,5.93,1,120,-13.75,-878.71,12,0
10/29/2018 15:48:02 ,14,1,0.93000,1,1.44000,1.71000,51.064994,3.709310,1,3243,1,8.600001,1,171.60,1,3.22,1,120,-13.75,-878.71,12,0
10/29/2018 15:48:04 ,14,1,0.93000,1,1.44000,1.71000,51.064971,3.709308,1,3310,1,12.000000,1,178.27,1,4.19,1,120,-13.75,-878.71,12,0
10/29/2018 15:48:06 ,14,1,0.93000,1,1.43000,1.71000,51.064945,3.709317,1,3331,1,12.900000,1,175.66,1,6.09,1,120,-13.75,-878.71,12,0
10/29/2018 15:48:07 ,14,1,0.93000,1,1.43000,1.71000,51.064933,3.709319,1,4121,1,13.700000,1,173.34,1,5.56,1,120,-13.75,-878.71,12,0
10/29/2018 15:48:09 ,14,1,1.15000,1,1.58000,1.95000,51.064903,3.709324,1,4202,1,14.700000,1,175.30,1,5.52,1,120,-13.75,-878.71,12,0
10/29/2018 15:48:10 ,14,1,1.15000,1,1.58000,1.95000,51.064888,3.709323,1,4433,1,15.500000,1,177.08,1,5.28,1,120,-13.75,-878.71,12,0
10/29/2018 15:48:12 ,14,1,0.93000,1,1.43000,1.71000,51.064861,3.709326,1,10011,1,16.000000,1,170.62,1,4.91,1,120,-13.75,-878.71,12,0
10/29/2018 15:48:14 ,14,1,0.93000,1,1.43000,1.71000,51.064838,3.709342,1,10034,1,15.600001,1,165.56,1,5.41,1,120,-13.75,-878.71,12,0
10/29/2018 15:48:16 ,14,1,0.93000,1,1.43000,1.71000,51.064807,3.709350,1,10342,1,17.399999,1,163.10,1,5.43,1,120,-13.75,-878.71,12,0
10/29/2018 15:48:18 ,14,1,0.93000,1,1.43000,1.71000,51.064777,3.709348,1,10411,1,18.000000,1,168.31,1,5.30,1,120,-13.75,-878.71,12,0
10/29/2018 15:48:20 ,14,1,0.93000,1,1.43000,1.71000,51.064750,3.709355,1,10442,1,18.000000,1,165.68,1,4.96,1,120,-13.75,-878.71,12,0
10/29/2018 15:48:22 ,14,1,0.93000,1,1.43000,1.71000,51.064720,3.709358,1,11020,1,17.500000,1,160.95,1,5.09,1,120,-13.75,-878.71,12,0
10/29/2018 15:48:23 ,13,1,0.97000,1,1.59000,1.87000,51.064704,3.709361,1,11103,1,16.799999,1,164.92,1,5.35,1,120,-13.75,-878.71,12,0
10/29/2018 15:48:25 ,14,1,0.97000,1,1.59000,1.86000,51.064678,3.709401,1,11123,1,11.500000,1,165.03,1,6.39,1,120,-13.75,-878.71,12,0
10/29/2018 15:48:27 ,14,1,0.91000,1,1.55000,1.80000,51.064651,3.709427,1,11142,1,9.800001,1,165.56,1,6.33,1,120,-13.75,-878.71,12,0
10/29/2018 15:48:28 ,14,1,0.91000,1,1.55000,1.80000,51.064640,3.709437,1,11212,1,9.100001,1,166.96,1,5.37,1,120,-13.75,-878.71,12,0
10/29/2018 15:48:30 ,14,1,0.91000,1,1.55000,1.80000,51.064617,3.709451,1,430,1,9.100001,1,168.48,1,5.28,1,120,-13.75,-878.71,12,0
10/29/2018 15:48:31 ,14,1,0.91000,1,1.55000,1.80000,51.064601,3.709453,1,1104,1,7.700000,1,170.10,1,5.39,1,120,-13.75,-878.71,12,0
10/29/2018 15:48:32 ,13,1,0.97000,1,1.59000,1.86000,51.064586,3.709458,1,2224,1,7.900000,1,168.26,1,6.07,1,120,-13.75,-878.71,12,0
10/29/2018 15:48:34 ,13,1,0.97000,1,1.59000,1.86000,51.064556,3.709464,1,2300,1,8.300001,1,168.91,1,6.44,1,120,-13.75,-878.71,12,0
10/29/2018 15:48:36 ,14,1,0.97000,1,1.59000,1.86000,51.064525,3.709471,1,2320,1,8.100001,1,168.22,1,5.48,1,120,-13.75,-878.71,12,0
10/29/2018 15:48:38 ,14,1,0.93000,1,1.43000,1.70000,51.064498,3.709470,1,2340,1,9.200000,1,169.24,1,4.82,1,120,-13.75,-878.71,12,0
10/29/2018 15:48:40 ,14,1,0.93000,1,1.43000,1.70000,51.064468,3.709476,1,2410,1,7.300000,1,171.78,1,5.59,1,120,-13.75,-878.71,12,0
10/29/2018 15:48:41 ,14,1,0.93000,1,1.43000,1.70000,51.064453,3.709476,1,3204,1,7.800000,1,172.50,1,5.30,1,120,-13.75,-878.71,12,0
10/29/2018 15:48:43 ,14,1,0.95000,1,1.42000,1.71000,51.064426,3.709479,1,3234,1,7.400000,1,172.86,1,6.32,1,120,-13.75,-878.71,12,0
10/29/2018 15:48:44 ,14,1,0.95000,1,1.42000,1.71000,51.064411,3.709482,1,4024,1,7.500000,1,170.32,1,6.02,1,120,-13.75,-878.71,12,0
10/29/2018 15:48:46 ,14,1,0.95000,1,1.42000,1.71000,51.064388,3.709492,1,4102,1,7.300000,1,164.05,1,4.13,1,120,-13.75,-878.71,12,0
10/29/2018 15:48:48 ,14,1,1.08000,1,1.54000,1.88000,51.064361,3.709504,1,4131,1,7.800000,1,167.82,1,5.59,1,120,-13.75,-878.71,12,0
10/29/2018 15:48:49 ,14,1,0.93000,1,1.43000,1.70000,51.064350,3.709507,1,4142,1,7.400000,1,170.59,1,5.24,1,120,-13.75,-878.71,12,0
10/29/2018 15:48:50 ,20,1,0.86000,1,1.38000,1.63000,51.064334,3.709512,1,4430,1,7.500000,1,168.48,1,5.04,1,120,-13.75,-878.71,12,0
10/29/2018 15:48:52 ,14,1,1.08000,1,1.54000,1.88000,51.064308,3.709513,1,10011,1,8.900000,1,169.95,1,5.82,1,120,-13.75,-878.71,12,0
10/29/2018 15:48:54 ,14,1,1.08000,1,1.54000,1.88000,51.064281,3.709518,1,10043,1,10.800001,1,171.97,1,5.63,1,120,-13.75,-878.71,12,0
10/29/2018 15:48:56 ,13,1,1.08000,1,1.54000,1.88000,51.064254,3.709522,1,10113,1,10.800001,1,172.19,1,4.80,1,120,-13.75,-878.71,12,0
10/29/2018 15:48:58 ,14,1,1.08000,1,1.54000,1.87000,51.064228,3.709524,1,10134,1,11.600001,1,174.01,1,5.00,1,120,-13.75,-878.71,12,0
10/29/2018 15:49:00 ,14,1,1.12000,1,1.92000,2.22000,51.064201,3.709529,1,10214,1,10.200000,1,169.33,1,4.93,1,120,-13.75,-878.71,12,0
10/29/2018 15:49:02 ,20,1,1.12000,1,1.92000,2.22000,51.064178,3.709535,1,10243,1,9.500000,1,169.19,1,4.98,1,120,-13.75,-878.71,12,0
10/29/2018 15:49:04 ,12,1,1.13000,1,1.54000,1.91000,51.064151,3.709541,1,10322,1,10.300001,1,170.27,1,5.24,1,120,-13.75,-878.71,12,0
10/29/2018 15:49:06 ,13,1,1.08000,1,1.53000,1.87000,51.064128,3.709547,1,10340,1,11.700000,1,175.25,1,4.96,1,120,-13.75,-878.71,12,0
10/29/2018 15:49:08 ,13,1,1.08000,1,1.53000,1.87000,51.064117,3.709534,1,10412,1,13.900000,1,213.35,1,3.09,1,120,-13.75,-878.71,12,0
10/29/2018 15:49:10 ,12,1,1.12000,1,1.92000,2.22000,51.064098,3.709511,1,11021,1,14.100001,1,213.35,1,4.33,1,120,-13.75,-878.71,12,0
10/29/2018 15:49:12 ,13,1,1.12000,1,1.91000,2.22000,51.064071,3.709496,1,11041,1,14.400000,1,213.35,1,5.87,1,120,-13.75,-878.71,12,0
10/29/2018 15:49:15 ,13,1,0.97000,1,1.57000,1.85000,51.064033,3.709467,1,102,1,14.000000,1,221.53,1,5.06,1,120,-13.75,-878.71,12,0
10/29/2018 15:49:16 ,13,1,1.42000,1,2.11000,2.54000,51.064025,3.709447,1,340,1,12.100001,1,231.10,1,5.35,1,120,-13.75,-878.71,12,0
10/29/2018 15:49:17 ,13,1,1.42000,1,2.11000,2.54000,51.064022,3.709431,1,2110,1,10.900000,1,237.54,1,4.48,1,120,-13.75,-878.71,12,0
10/29/2018 15:49:18 ,14,1,1.15000,1,1.58000,1.95000,51.064018,3.709420,1,2443,1,10.300001,1,237.54,1,4.65,1,120,-13.75,-878.71,12,0
10/29/2018 15:49:20 ,12,1,1.42000,1,2.10000,2.54000,51.063995,3.709420,1,3012,1,10.300001,1,206.22,1,5.37,1,120,-13.75,-878.71,12,0
10/29/2018 15:49:22 ,13,1,1.42000,1,2.10000,2.54000,51.063983,3.709368,1,3042,1,9.700000,1,233.70,1,4.74,1,120,-13.75,-878.71,12,0
