10/29/2018 15:49:42 ,13,1,0.97000,1,1.56000,1.84000,51.063934,3.708931,1,3101,1,4.500000,1,263.17,1,5.09,1,0,0.00,-878.71,0,0
10/29/2018 15:49:44 ,13,1,0.97000,1,1.56000,1.84000,51.063926,3.708888,1,3133,1,4.600000,1,255.98,1,5.39,1,0,0.00,-878.71,0,0
10/29/2018 15:49:45 ,14,1,0.97000,1,1.56000,1.84000,51.063922,3.708868,1,3421,1,4.600000,1,250.54,1,5.35,1,0,0.00,-878.71,0,0
10/29/2018 15:49:47 ,13,1,0.97000,1,1.56000,1.84000,51.063915,3.708829,1,4003,1,4.400000,1,251.41,1,5.39,1,0,0.00,-878.71,0,0
10/29/2018 15:49:49 ,13,1,0.97000,1,1.56000,1.83000,51.063915,3.708785,1,4023,1,5.500000,1,258.47,1,5.04,1,0,0.00,-878.71,0,0
10/29/2018 15:49:51 ,13,1,0.97000,1,1.56000,1.83000,51.063907,3.708741,1,4323,1,6.100000,1,255.48,1,5.39,1,0,0.00,-878.71,0,0
10/29/2018 15:49:53 ,12,1,1.12000,1,1.90000,2.20000,51.063903,3.708693,1,4410,1,6.300000,1,250.95,1,6.09,1,0,0.00,-878.71,0,0
10/29/2018 15:49:55 ,12,1,1.12000,1,1.90000,2.20000,51.063888,3.708652,1,4422,1,5.500000,1,239.33,1,5.96,1,0,0.00,-878.71,0,0
10/29/2018 15:49:56 ,12,1,1.12000,1,1.90000,2.20000,51.063884,3.708633,1,1200,1,4.700000,1,232.46,1,5.41,1,-123,-8.75,-1732.51,12,1
10/29/2018 15:49:57 ,13,1,0.97000,1,1.56000,1.83000,51.063873,3.708618,1,2202,1,4.700000,1,225.14,1,5.59,1,-123,-8.75,-1732.51,12,0
10/29/2018 15:49:58 ,13,1,1.12000,1,1.89000,2.20000,51.063865,3.708604,1,2231,1,4.400000,1,223.90,1,5.09,1,-123,-8.75,-1732.51,12,0
10/29/2018 15:50:00 ,13,1,0.97000,1,1.56000,1.83000,51.063842,3.708587,1,2300,1,4.000000,1,205.27,1,5.19,1,-123,-8.75,-1732.51,12,0
10/29/2018 15:50:02 ,13,1,0.97000,1,1.55000,1.83000,51.063808,3.708559,1,2324,1,4.400000,1,205.02,1,9.78,1,-123,-8.75,-1732.51,12,0
10/29/2018 15:50:04 ,13,1,0.97000,1,1.55000,1.83000,51.063800,3.708510,1,2402,1,3.600000,1,219.58,1,5.85,1,-123,-8.75,-1732.51,12,0
10/29/2018 15:50:06 ,13,1,0.97000,1,1.55000,1.83000,51.063781,3.708471,1,2422,1,2.100000,1,216.23,1,4.39,1,-123,-8.75,-1732.51,12,0
10/29/2018 15:50:08 ,13,1,0.97000,1,1.55000,1.83000,51.063762,3.708448,1,2444,1,0.500000,1,218.50,1,5.30,1,-123,-8.75,-1732.51,12,0
10/29/2018 15:50:10 ,13,1,0.97000,1,1.55000,1.83000,51.063747,3.708430,1,3100,1,1.100000,1,210.02,1,3.41,1,-123,-8.75,-1732.51,12,0
10/29/2018 15:50:12 ,13,1,0.97000,1,1.55000,1.83000,51.063716,3.708397,1,3100,1,1.300000,1,213.52,1,5.74,1,-123,-8.75,-1732.51,12,0
10/29/2018 15:50:14 ,13,1,0.97000,1,1.55000,1.83000,51.063694,3.708378,1,3121,1,2.000000,1,210.71,1,6.41,1,-123,-8.75,-1732.51,12,0
10/29/2018 15:50:16 ,13,1,0.97000,1,1.55000,1.83000,51.063644,3.708381,1,3412,1,2.900000,1,176.38,1,8.41,1,-123,-8.75,-1732.51,12,0
10/29/2018 15:50:18 ,13,1,0.97000,1,1.55000,1.82000,51.063613,3.708360,1,3433,1,2.300000,1,192.91,1,7.26,1,-123,-8.75,-1732.51,12,0
10/29/2018 15:50:19 ,13,1,0.97000,1,1.55000,1.82000,51.063598,3.708358,1,4240,1,2.400000,1,188.05,1,7.37,1,-123,-8.75,-1732.51,12,0
10/29/2018 15:50:21 ,13,1,0.97000,1,1.55000,1.82000,51.063568,3.708339,1,4312,1,2.500000,1,204.39,1,5.72,1,-123,-8.75,-1732.51,12,0
10/29/2018 15:50:23 ,13,1,0.97000,1,1.55000,1.82000,51.063545,3.708315,1,4333,1,3.100000,1,198.95,1,7.00,1,-123,-8.75,-1732.51,12,0
10/29/2018 15:50:25 ,13,1,0.97000,1,1.55000,1.82000,51.063514,3.708294,1,10124,1,2.800000,1,202.51,1,7.02,1,-123,-8.75,-1732.51,12,0
10/29/2018 15:50:27 ,13,1,0.97000,1,1.54000,1.82000,51.063480,3.708284,1,10203,1,2.500000,1,193.08,1,7.15,1,-123,-8.75,-1732.51,12,0
10/29/2018 15:50:29 ,13,1,0.97000,1,1.54000,1.82000,51.063449,3.708270,1,10230,1,2.000000,1,195.22,1,6.39,1,-123,-8.75,-1732.51,12,0
10/29/2018 15:50:30 ,13,1,0.97000,1,1.54000,1.82000,51.063434,3.708260,1,10302,1,1.900000,1,200.86,1,6.32,1,-123,-8.75,-1732.51,12,0
10/29/2018 15:50:32 ,13,1,0.97000,1,1.54000,1.82000,51.063404,3.708235,1,10323,1,1.900000,1,200.62,1,6.33,1,-123,-8.75,-1732.51,12,0
10/29/2018 15:50:34 ,13,1,0.97000,1,1.54000,1.82000,51.063381,3.708202,1,10344,1,2.800000,1,206.37,1,5.93,1,-123,-8.75,-1732.51,12,0
10/29/2018 15:50:36 ,13,1,0.97000,1,1.54000,1.82000,51.063354,3.708177,1,10413,1,2.600000,1,202.45,1,6.30,1,-123,-8.75,-1732.51,12,0
10/29/2018 15:50:38 ,14,1,0.96000,1,1.54000,1.82000,51.063327,3.708161,1,10433,1,3.200000,1,205.31,1,4.98,1,-123,-8.75,-1732.51,12,0
10/29/2018 15:50:40 ,13,1,0.96000,1,1.54000,1.82000,51.063301,3.708142,1,11020,1,2.500000,1,204.48,1,6.44,1,-123,-8.75,-1732.51,12,0
10/29/2018 15:50:42 ,13,1,0.96000,1,1.54000,1.82000,51.063270,3.708122,1,11043,1,3.200000,1,195.76,1,6.93,1,-123,-8.75,-1732.51,12,0
10/29/2018 15:50:44 ,13,1,0.96000,1,1.54000,1.82000,51.063247,3.708095,1,11114,1,4.200000,1,206.74,1,5.80,1,-123,-8.75,-1732.51,12,0
10/29/2018 15:50:46 ,13,1,0.96000,1,1.54000,1.81000,51.063255,3.708018,1,11142,1,4.100000,1,220.91,1,5.11,1,-123,-8.75,-1732.51,12,0
10/29/2018 15:50:47 ,13,1,0.96000,1,1.54000,1.81000,51.063266,3.707973,1,11422,1,3.600000,1,218.89,1,5.69,1,-123,-8.75,-1732.51,12,0
10/29/2018 15:50:49 ,13,1,0.96000,1,1.54000,1.81000,51.063255,3.707931,1,33,1,2.900000,1,214.73,1,4.06,1,-123,-8.75,-1732.51,12,0
10/29/2018 15:50:50 ,13,1,0.96000,1,1.54000,1.81000,51.063247,3.707912,1,2204,1,2.800000,1,215.16,1,5.48,1,-123,-8.75,-1732.51,12,0
10/29/2018 15:50:52 ,13,1,0.96000,1,1.54000,1.81000,51.063228,3.707890,1,2313,1,1.800000,1,215.88,1,4.94,1,-123,-8.75,-1732.51,12,0
10/29/2018 15:50:53 ,13,1,1.04000,1,1.57000,1.88000,51.063228,3.707873,1,3113,1,1.200000,1,215.88,1,4.33,1,-123,-8.75,-1732.51,12,0
10/29/2018 15:50:55 ,14,1,0.96000,1,1.53000,1.81000,51.063224,3.707876,1,3103,1,-2.200000,1,211.44,1,4.76,1,-123,-8.75,-1732.51,12,0
10/29/2018 15:50:57 ,14,1,0.96000,1,1.53000,1.81000,51.063186,3.707849,1,3133,1,-2.700000,1,209.35,1,6.57,1,-123,-8.75,-1732.51,12,0
10/29/2018 15:50:59 ,13,1,0.96000,1,1.53000,1.81000,51.063156,3.707819,1,3432,1,-1.200000,1,211.07,1,5.43,1,-123,-8.75,-1732.51,12,0
10/29/2018 15:51:01 ,13,1,0.96000,1,1.53000,1.81000,51.063117,3.707792,1,4011,1,0.000000,1,183.69,1,8.45,1,-123,-8.75,-1732.51,12,0
10/29/2018 15:51:03 ,14,1,0.96000,1,1.53000,1.81000,51.063079,3.707783,1,4033,1,0.700000,1,194.35,1,5.30,1,-123,-8.75,-1732.51,12,0
10/29/2018 15:51:05 ,13,1,0.96000,1,1.53000,1.81000,51.063053,3.707764,1,4110,1,0.300000,1,203.68,1,5.85,1,-123,-8.75,-1732.51,12,0
10/29/2018 15:51:07 ,13,1,0.96000,1,1.53000,1.81000,51.063026,3.707740,1,4133,1,0.300000,1,206.70,1,6.04,1,-123,-8.75,-1732.51,12,0
10/29/2018 15:51:08 ,13,1,0.96000,1,1.53000,1.81000,51.063011,3.707729,1,4203,1,0.700000,1,209.42,1,5.65,1,-123,-8.75,-1732.51,12,0
10/29/2018 15:51:10 ,13,1,1.13000,1,1.86000,2.18000,51.062988,3.707705,1,4231,1,1.000000,1,210.83,1,5.32,1,-123,-8.75,-1732.51,12,0
10/29/2018 15:51:12 ,12,1,1.13000,1,1.86000,2.18000,51.062980,3.707656,1,4310,1,1.500000,1,204.05,1,5.54,1,-123,-8.75,-1732.51,12,0
10/29/2018 15:51:14 ,13,1,1.13000,1,1.86000,2.18000,51.062992,3.707625,1,4333,1,-1.000000,1,265.58,1,7.85,1,-123,-8.75,-1732.51,12,0
10/29/2018 15:51:16 ,12,1,1.32000,1,2.85000,3.14000,51.062984,3.707615,1,4430,1,-4.600000,1,265.58,1,4.63,1,-123,-8.75,-1732.51,12,0
10/29/2018 15:51:18 ,12,1,1.32000,1,2.85000,3.14000,51.062942,3.707600,1,4414,1,-3.400000,1,213.76,1,5.39,1,-123,-8.75,-1732.51,12,0
10/29/2018 15:51:20 ,13,1,1.15000,1,1.91000,2.23000,51.062904,3.707577,1,4442,1,-1.800000,1,200.75,1,6.37,1,-123,-8.75,-1732.51,12,0
10/29/2018 15:51:22 ,13,1,1.15000,1,1.91000,2.23000,51.062870,3.707554,1,10032,1,0.100000,1,197.48,1,6.13,1,-123,-8.75,-1732.51,12,0
10/29/2018 15:51:23 ,13,1,0.96000,1,1.52000,1.80000,51.062854,3.707545,1,10313,1,0.900000,1,199.08,1,5.37,1,-123,-8.75,-1732.51,12,0
10/29/2018 15:51:25 ,13,1,0.96000,1,1.52000,1.80000,51.062824,3.707527,1,10342,1,1.400000,1,202.02,1,5.94,1,-123,-8.75,-1732.51,12,0
10/29/2018 15:51:26 ,20,1,0.90000,1,1.48000,1.74000,51.062808,3.707513,1,11131,1,2.100000,1,203.90,1,5.26,1,-123,-8.75,-1732.51,12,0
10/29/2018 15:51:27 ,20,1,0.90000,1,1.48000,1.74000,51.062793,3.707506,1,11231,1,2.600000,1,201.18,1,5.07,1,-123,-8.75,-1732.51,12,0
10/29/2018 15:51:29 ,20,1,0.90000,1,1.35000,1.60000,51.062767,3.707495,1,344,1,2.600000,1,201.30,1,3.65,1,-123,-8.75,-1732.51,12,0
10/29/2018 15:51:30 ,20,1,0.86000,1,1.35000,1.60000,51.062747,3.707491,1,1021,1,3.700000,1,204.02,1,4.98,1,-123,-8.75,-1732.51,12,0
10/29/2018 15:51:31 ,20,1,0.86000,1,1.35000,1.60000,51.062736,3.707492,1,2213,1,3.600000,1,186.10,1,3.65,1,-123,-8.75,-1732.51,12,0
10/29/2018 15:51:33 ,14,1,0.90000,1,1.48000,1.73000,51.062705,3.707487,1,3022,1,5.100000,1,181.10,1,6.48,1,-123,-8.75,-1732.51,12,0
10/29/2018 15:51:35 ,13,1,0.96000,1,1.52000,1.80000,51.062675,3.707468,1,3102,1,4.700000,1,190.39,1,5.37,1,-123,-8.75,-1732.51,12,0
10/29/2018 15:51:37 ,14,1,0.90000,1,1.48000,1.73000,51.062648,3.707450,1,2121,1,4.800000,1,190.70,1,5.06,1,121,-14.00,-2015.63,12,1
10/29/2018 15:51:37 ,14,1,0.90000,1,1.48000,1.73000,51.062648,3.707450,1,2121,1,4.800000,1,190.70,1,5.06,1,121,-14.00,-2015.63,12,0
10/29/2018 15:51:39 ,14,1,0.90000,1,1.48000,1.73000,51.062618,3.707432,1,2233,1,4.900000,1,184.02,1,5.91,1,121,-14.00,-2015.63,12,0
10/29/2018 15:51:41 ,14,1,0.90000,1,1.48000,1.73000,51.062587,3.707416,1,2303,1,5.900000,1,190.44,1,6.54,1,121,-14.00,-2015.63,12,0
10/29/2018 15:51:43 ,13,1,1.31000,1,2.04000,2.42000,51.062564,3.707390,1,2404,1,6.800000,1,191.59,1,4.28,1,121,-14.00,-2015.63,12,0
10/29/2018 15:51:45 ,14,1,0.90000,1,1.48000,1.73000,51.062541,3.707362,1,2400,1,7.600000,1,209.00,1,5.00,1,121,-14.00,-2015.63,12,0
10/29/2018 15:51:46 ,20,1,0.90000,1,1.48000,1.73000,51.062526,3.707358,1,2414,1,7.400000,1,205.77,1,5.06,1,121,-14.00,-2015.63,12,0
10/29/2018 15:51:48 ,20,1,0.90000,1,1.48000,1.73000,51.062503,3.707346,1,3014,1,8.500000,1,198.14,1,4.19,1,121,-14.00,-2015.63,12,0
10/29/2018 15:51:50 ,20,1,0.86000,1,1.35000,1.60000,51.062473,3.707329,1,3011,1,8.000000,1,202.72,1,5.61,1,121,-14.00,-2015.63,12,0
10/29/2018 15:51:52 ,20,1,0.86000,1,1.35000,1.60000,51.062446,3.707303,1,3031,1,7.000000,1,212.84,1,5.09,1,121,-14.00,-2015.63,12,0
10/29/2018 15:51:54 ,14,1,1.03000,1,1.63000,1.92000,51.062416,3.707295,1,3113,1,6.100000,1,195.68,1,5.57,1,121,-14.00,-2015.63,12,0
10/29/2018 15:51:55 ,14,1,1.03000,1,1.63000,1.92000,51.062400,3.707291,1,10102,1,5.700000,1,196.83,1,5.09,1,-128,-17.25,12644.52,12,1
10/29/2018 15:51:55 ,14,1,1.03000,1,1.63000,1.92000,51.062400,3.707291,1,10102,1,5.700000,1,196.83,1,5.09,1,-128,-17.25,12644.52,12,0
10/29/2018 15:51:57 ,14,1,0.90000,1,1.47000,1.73000,51.062374,3.707274,1,10414,1,5.200000,1,197.48,1,5.82,1,-128,-17.25,12644.52,12,0
10/29/2018 15:51:58 ,14,1,0.90000,1,1.47000,1.73000,51.062362,3.707259,1,2123,1,5.200000,1,203.03,1,5.39,1,127,-8.25,3145.73,7,1
10/29/2018 15:51:59 ,13,1,0.96000,1,1.51000,1.79000,51.062355,3.707234,1,2240,1,4.800000,1,211.04,1,5.24,1,127,-8.25,3145.73,7,0
10/29/2018 15:51:59 ,13,1,0.96000,1,1.51000,1.79000,51.062355,3.707234,1,11343,1,4.800000,1,211.04,1,5.24,1,-127,-4.75,3196.06,7,1
10/29/2018 15:52:01 ,12,1,1.32000,1,2.81000,3.10000,51.062343,3.707191,1,1230,1,4.000000,1,188.18,1,5.61,1,-127,-4.75,3196.06,7,0
10/29/2018 15:52:02 ,14,1,1.32000,1,2.81000,3.10000,51.062335,3.707175,1,2202,1,3.900000,1,184.75,1,5.72,1,-127,-4.75,3196.06,7,0
10/29/2018 15:52:04 ,20,1,1.00000,1,1.64000,1.92000,51.062316,3.707155,1,2221,1,3.600000,1,190.72,1,5.04,1,-127,-4.75,3196.06,7,0
10/29/2018 15:52:06 ,20,1,0.97000,1,1.52000,1.81000,51.062290,3.707152,1,2243,1,3.400000,1,185.07,1,5.41,1,-127,-4.75,3196.06,7,0
10/29/2018 15:52:07 ,20,1,0.97000,1,1.52000,1.81000,51.062278,3.707145,1,3032,1,3.900000,1,186.61,1,5.57,1,-127,-4.75,3196.06,7,0
10/29/2018 15:52:09 ,14,1,0.93000,1,1.39000,1.67000,51.062248,3.707135,1,3124,1,4.600000,1,179.66,1,5.76,1,-127,-4.75,3196.06,7,0
10/29/2018 15:52:11 ,20,1,0.86000,1,1.35000,1.60000,51.062217,3.707125,1,3133,1,4.300000,1,185.20,1,5.39,1,-127,-4.75,3196.06,7,0
10/29/2018 15:52:13 ,20,1,0.86000,1,1.35000,1.60000,51.062187,3.707101,1,3211,1,5.100000,1,189.23,1,6.59,1,-127,-4.75,3196.06,7,0
10/29/2018 15:52:15 ,20,1,0.86000,1,1.35000,1.60000,51.062160,3.707087,1,3233,1,5.300000,1,187.28,1,4.82,1,-127,-4.75,3196.06,7,0
10/29/2018 15:52:17 ,20,1,0.90000,1,1.47000,1.72000,51.062160,3.707026,1,3304,1,4.500000,1,241.15,1,6.44,1,-127,-4.75,3196.06,7,0
10/29/2018 15:52:19 ,14,1,1.00000,1,1.62000,1.90000,51.062133,3.707012,1,3340,1,4.600000,1,238.39,1,5.43,1,-127,-4.75,3196.06,7,0
10/29/2018 15:52:21 ,13,1,1.08000,1,1.50000,1.85000,51.062091,3.707026,1,3414,1,4.800000,1,193.01,1,6.57,1,-127,-4.75,3196.06,7,0
10/29/2018 15:52:23 ,11,1,1.51000,1,2.40000,2.84000,51.062057,3.707019,1,4000,1,5.300000,1,189.10,1,6.15,1,-127,-4.75,3196.06,7,0
10/29/2018 15:52:25 ,13,1,1.00000,1,1.62000,1.90000,51.062026,3.707010,1,4010,1,5.700000,1,193.94,1,5.69,1,-127,-4.75,3196.06,7,0
10/29/2018 15:52:27 ,12,1,1.36000,1,2.30000,2.67000,51.061992,3.707011,1,4034,1,6.000000,1,189.27,1,5.54,1,-127,-4.75,3196.06,7,0
10/29/2018 15:52:29 ,14,1,1.00000,1,1.62000,1.90000,51.061965,3.707000,1,4101,1,6.500000,1,194.31,1,5.59,1,-127,-4.75,3196.06,7,0
10/29/2018 15:52:31 ,14,1,1.00000,1,1.61000,1.90000,51.061935,3.706986,1,134,1,6.400000,1,202.21,1,5.22,1,-125,-10.50,3078.62,7,1
10/29/2018 15:52:31 ,14,1,1.00000,1,1.61000,1.90000,51.061935,3.706986,1,134,1,6.400000,1,202.21,1,5.22,1,-125,-10.50,3078.62,7,0
10/29/2018 15:52:32 ,12,1,1.36000,1,2.30000,2.67000,51.061927,3.706971,1,2033,1,6.100000,1,212.95,1,4.87,1,-125,-10.50,3078.62,7,0
10/29/2018 15:52:34 ,14,1,1.00000,1,1.61000,1.90000,51.061912,3.706937,1,2214,1,5.500000,1,238.50,1,5.37,1,-125,-10.50,3078.62,7,0
10/29/2018 15:52:35 ,14,1,1.36000,1,2.30000,2.67000,51.061908,3.706914,1,3010,1,5.400000,1,250.73,1,5.74,1,-125,-10.50,3078.62,7,0
10/29/2018 15:52:37 ,20,1,1.00000,1,1.61000,1.89000,51.061885,3.706908,1,3102,1,5.700000,1,250.73,1,3.94,1,-125,-10.50,3078.62,7,0
10/29/2018 15:52:39 ,20,1,0.94000,1,1.39000,1.68000,51.061855,3.706901,1,3044,1,5.300000,1,210.64,1,5.48,1,-125,-10.50,3078.62,7,0
10/29/2018 15:52:41 ,14,1,1.16000,1,1.58000,1.96000,51.061828,3.706881,1,3402,1,5.900000,1,196.54,1,5.83,1,-125,-10.50,3078.62,7,0
10/29/2018 15:52:43 ,14,1,1.00000,1,1.61000,1.89000,51.061805,3.706859,1,3431,1,5.200000,1,204.79,1,5.15,1,-125,-10.50,3078.62,7,0
10/29/2018 15:52:44 ,20,1,0.94000,1,1.39000,1.68000,51.061790,3.706855,1,3440,1,5.200000,1,196.40,1,5.26,1,-125,-10.50,3078.62,7,0
10/29/2018 15:52:46 ,14,1,1.08000,1,1.50000,1.85000,51.061763,3.706843,1,4021,1,5.200000,1,193.44,1,5.37,1,-125,-10.50,3078.62,7,0
10/29/2018 15:52:48 ,14,1,0.94000,1,1.39000,1.67000,51.061733,3.706821,1,4044,1,4.400000,1,203.90,1,6.33,1,-125,-10.50,3078.62,7,0
10/29/2018 15:52:50 ,13,1,1.00000,1,1.61000,1.89000,51.061706,3.706798,1,4124,1,3.800000,1,206.58,1,5.32,1,-125,-10.50,3078.62,7,0
10/29/2018 15:52:50 ,13,1,1.00000,1,1.61000,1.89000,51.061706,3.706798,1,11202,1,3.800000,1,206.58,1,5.32,1,-127,-19.25,-2089.03,12,1
10/29/2018 15:52:52 ,13,1,1.00000,1,1.61000,1.89000,51.061679,3.706782,1,134,1,3.800000,1,201.82,1,4.48,1,-127,-19.25,-2089.03,12,0
10/29/2018 15:52:53 ,14,1,1.00000,1,1.61000,1.89000,51.061664,3.706776,1,422,1,3.700000,1,196.67,1,5.46,1,-127,-19.25,-2089.03,12,0
10/29/2018 15:52:54 ,14,1,1.00000,1,1.61000,1.89000,51.061649,3.706771,1,2032,1,3.800000,1,195.68,1,5.44,1,-127,-19.25,-2089.03,12,0
10/29/2018 15:52:56 ,20,1,0.94000,1,1.39000,1.67000,51.061614,3.706759,1,2221,1,4.300000,1,191.58,1,6.65,1,-127,-19.25,-2089.03,12,0
10/29/2018 15:52:58 ,13,1,1.39000,1,1.62000,2.13000,51.061592,3.706745,1,2312,1,5.100000,1,191.43,1,5.61,1,-127,-19.25,-2089.03,12,0
10/29/2018 15:53:00 ,14,1,0.96000,1,1.49000,1.77000,51.061561,3.706743,1,2331,1,5.900000,1,181.55,1,6.52,1,-127,-19.25,-2089.03,12,0
10/29/2018 15:53:02 ,13,1,1.43000,1,2.00000,2.46000,51.061527,3.706743,1,2414,1,6.000000,1,180.37,1,6.48,1,-127,-19.25,-2089.03,12,0
10/29/2018 15:53:04 ,14,1,1.30000,1,2.00000,2.39000,51.061492,3.706745,1,2424,1,6.800000,1,178.64,1,6.24,1,-127,-19.25,-2089.03,12,0
10/29/2018 15:53:06 ,13,1,1.30000,1,2.00000,2.39000,51.061458,3.706745,1,3230,1,6.800000,1,182.37,1,6.00,1,-127,-19.25,-2089.03,12,0
10/29/2018 15:53:08 ,14,1,1.30000,1,2.00000,2.39000,51.061420,3.706756,1,3301,1,6.900000,1,179.31,1,6.32,1,-127,-19.25,-2089.03,12,0
10/29/2018 15:53:09 ,13,1,1.30000,1,2.00000,2.39000,51.061401,3.706762,1,4044,1,7.100000,1,177.44,1,6.32,1,-127,-19.25,-2089.03,12,0
10/29/2018 15:53:11 ,14,1,1.30000,1,2.00000,2.38000,51.061367,3.706765,1,4113,1,7.500000,1,189.53,1,5.48,1,-127,-19.25,-2089.03,12,0
10/29/2018 15:53:13 ,14,1,1.43000,1,2.00000,2.46000,51.061332,3.706761,1,4202,1,7.900000,1,197.19,1,6.09,1,-127,-19.25,-2089.03,12,0
10/29/2018 15:53:15 ,14,1,1.08000,1,1.55000,1.89000,51.061302,3.706764,1,4434,1,8.200000,1,190.16,1,4.94,1,-127,-19.25,-2089.03,12,0
10/29/2018 15:53:17 ,13,1,1.30000,1,2.00000,2.38000,51.061271,3.706744,1,10011,1,8.200000,1,208.57,1,5.82,1,-127,-19.25,-2089.03,12,0
10/29/2018 15:53:19 ,20,1,0.90000,1,1.44000,1.70000,51.061241,3.706732,1,10031,1,9.000000,1,202.63,1,5.80,1,-127,-19.25,-2089.03,12,0
10/29/2018 15:53:21 ,13,1,1.30000,1,1.99000,2.38000,51.061206,3.706721,1,10120,1,9.900000,1,201.22,1,5.44,1,-127,-19.25,-2089.03,12,0
10/29/2018 15:53:23 ,14,1,0.96000,1,1.48000,1.76000,51.061172,3.706725,1,10134,1,10.500000,1,186.55,1,5.89,1,-127,-19.25,-2089.03,12,0
10/29/2018 15:53:25 ,20,1,0.89000,1,1.44000,1.70000,51.061141,3.706725,1,10200,1,10.900000,1,190.23,1,5.41,1,-127,-19.25,-2089.03,12,0
10/29/2018 15:53:27 ,14,1,0.89000,1,1.44000,1.70000,51.061107,3.706722,1,4220,1,10.500000,1,199.27,1,5.37,1,-128,-17.25,-2155.61,12,1
10/29/2018 15:53:27 ,14,1,0.89000,1,1.44000,1.70000,51.061107,3.706722,1,4220,1,10.500000,1,199.27,1,5.37,1,-128,-17.25,-2155.61,12,0
10/29/2018 15:53:29 ,14,1,0.89000,1,1.44000,1.70000,51.061077,3.706712,1,4321,1,10.300001,1,204.62,1,4.72,1,-128,-17.25,-2155.61,12,0
10/29/2018 15:53:31 ,14,1,0.99000,1,1.59000,1.88000,51.061042,3.706708,1,4343,1,10.600001,1,192.48,1,5.48,1,-128,-17.25,-2155.61,12,0
10/29/2018 15:53:33 ,14,1,0.99000,1,1.59000,1.88000,51.061023,3.706676,1,4420,1,10.900000,1,185.77,1,5.83,1,-128,-17.25,-2155.61,12,0
10/29/2018 15:53:35 ,14,1,0.94000,1,1.38000,1.67000,51.061008,3.706637,1,4442,1,11.400000,1,179.96,1,6.43,1,-128,-17.25,-2155.61,12,0
10/29/2018 15:53:36 ,14,1,0.94000,1,1.38000,1.67000,51.061000,3.706628,1,11002,1,11.700000,1,175.91,1,6.52,1,121,-5.25,-2116.81,12,1
10/29/2018 15:53:36 ,14,1,0.94000,1,1.38000,1.67000,51.061000,3.706628,1,11002,1,11.700000,1,175.91,1,6.52,1,121,-5.25,-2116.81,12,0
10/29/2018 15:53:38 ,14,1,0.94000,1,1.38000,1.67000,51.060985,3.706614,1,11103,1,12.900000,1,168.55,1,5.30,1,121,-5.25,-2116.81,12,0
10/29/2018 15:53:40 ,14,1,0.94000,1,1.38000,1.67000,51.060962,3.706605,1,213,1,12.900000,1,169.90,1,4.41,1,121,-5.25,-2116.81,12,0
10/29/2018 15:53:40 ,13,1,1.08000,1,1.38000,1.67000,51.060962,3.706605,1,10311,1,14.200000,1,169.90,1,4.41,1,-126,-2.50,3112.17,7,1
10/29/2018 15:53:42 ,13,1,1.04000,1,1.38000,1.67000,51.060951,3.706600,1,114,1,15.100001,1,176.94,1,2.69,1,-126,-2.50,3112.17,7,0
10/29/2018 15:53:43 ,14,1,1.35000,1,2.26000,2.64000,51.060939,3.706588,1,2200,1,15.700000,1,180.16,1,4.02,1,-126,-2.50,3112.17,7,0
10/29/2018 15:53:45 ,12,1,1.35000,1,2.26000,2.64000,51.060920,3.706569,1,2243,1,16.700000,1,184.55,1,4.89,1,-126,-2.50,3112.17,7,0
10/29/2018 15:53:46 ,13,1,0.96000,1,1.41000,1.71000,51.060909,3.706553,1,2312,1,17.299999,1,198.79,1,5.11,1,-126,-2.50,3112.17,7,0
10/29/2018 15:53:48 ,13,1,1.16000,1,1.58000,1.96000,51.060882,3.706540,1,2333,1,17.500000,1,187.64,1,5.43,1,-126,-2.50,3112.17,7,0
10/29/2018 15:53:49 ,14,1,1.08000,1,1.49000,1.84000,51.060871,3.706539,1,3120,1,18.299999,1,181.39,1,5.82,1,-126,-2.50,3112.17,7,0
10/29/2018 15:53:51 ,14,1,1.19000,1,1.61000,2.00000,51.060840,3.706541,1,3204,1,19.799999,1,166.69,1,6.09,1,-126,-2.50,3112.17,7,0
10/29/2018 15:53:52 ,14,1,1.19000,1,1.61000,2.00000,51.060825,3.706543,1,3223,1,20.799999,1,164.86,1,6.74,1,-126,-2.50,3112.17,7,0
10/29/2018 15:53:54 ,13,1,1.14000,1,1.80000,2.13000,51.060794,3.706549,1,3303,1,21.700000,1,162.79,1,5.61,1,-126,-2.50,3112.17,7,0
10/29/2018 15:53:55 ,13,1,1.20000,1,1.82000,2.18000,51.060783,3.706557,1,1033,1,22.200000,1,153.85,1,5.72,1,122,-1.50,-1836.84,12,1
10/29/2018 15:53:56 ,13,1,1.20000,1,1.82000,2.18000,51.060768,3.706562,1,2201,1,22.299999,1,152.88,1,5.37,1,122,-1.50,-1836.84,12,0
10/29/2018 15:53:58 ,13,1,1.20000,1,1.82000,2.18000,51.060741,3.706589,1,2230,1,21.500000,1,137.17,1,5.83,1,122,-1.50,-1836.84,12,0
10/29/2018 15:53:59 ,12,1,1.14000,1,1.79000,2.13000,51.060729,3.706601,1,2304,1,21.500000,1,135.35,1,5.80,1,122,-1.50,-1836.84,12,0
10/29/2018 15:54:00 ,12,1,1.14000,1,1.79000,2.13000,51.060714,3.706614,1,2330,1,21.700000,1,133.69,1,5.91,1,122,-1.50,-1836.84,12,0
10/29/2018 15:54:02 ,14,1,1.20000,1,1.82000,2.18000,51.060699,3.706642,1,2402,1,22.500000,1,131.24,1,5.09,1,122,-1.50,-1836.84,12,0
10/29/2018 15:54:04 ,20,1,1.14000,1,1.79000,2.13000,51.060676,3.706657,1,2244,1,24.200000,1,136.14,1,5.02,1,123,-1.50,-1832.12,12,1
10/29/2018 15:54:04 ,20,1,1.14000,1,1.79000,2.13000,51.060676,3.706657,1,2244,1,24.200000,1,136.14,1,5.02,1,123,-1.50,-1832.12,12,0
10/29/2018 15:54:06 ,13,1,1.08000,1,1.75000,2.05000,51.060653,3.706681,1,2403,1,25.500000,1,136.48,1,5.80,1,123,-1.50,-1832.12,12,0
10/29/2018 15:54:08 ,14,1,0.99000,1,1.58000,1.86000,51.060634,3.706713,1,2414,1,25.899999,1,135.67,1,5.76,1,123,-1.50,-1832.12,12,0
10/29/2018 15:54:10 ,13,1,0.99000,1,1.58000,1.86000,51.060615,3.706739,1,2444,1,27.299999,1,131.15,1,5.02,1,123,-1.50,-1832.12,12,0
10/29/2018 15:54:12 ,13,1,1.04000,1,1.65000,1.95000,51.060596,3.706765,1,3020,1,29.600000,1,130.88,1,5.74,1,123,-1.50,-1832.12,12,0
10/29/2018 15:54:13 ,20,1,1.04000,1,1.65000,1.95000,51.060588,3.706783,1,3410,1,30.200000,1,127.89,1,6.07,1,-123,-6.25,3397.39,7,1
10/29/2018 15:54:13 ,20,1,1.04000,1,1.65000,1.95000,51.060588,3.706783,1,3410,1,30.200000,1,127.89,1,6.07,1,-123,-6.25,3397.39,7,0
10/29/2018 15:54:15 ,13,1,1.04000,1,1.65000,1.95000,51.060581,3.706828,1,122,1,30.700000,1,111.64,1,5.93,1,-128,-9.50,3397.39,74,1
10/29/2018 15:54:15 ,13,1,1.04000,1,1.65000,1.95000,51.060581,3.706828,1,122,1,30.700000,1,111.64,1,5.93,1,-128,-9.50,3397.39,74,0
10/29/2018 15:54:16 ,14,1,0.96000,1,1.40000,1.70000,51.060581,3.706847,1,2203,1,29.200000,1,111.73,1,2.74,1,-128,-9.50,3397.39,74,0
10/29/2018 15:54:16 ,14,1,0.96000,1,1.40000,1.70000,51.060581,3.706847,1,4312,1,29.200000,1,111.73,1,2.74,1,-123,2.25,3464.50,7,1
10/29/2018 15:54:17 ,13,1,0.96000,1,1.40000,1.70000,51.060577,3.706872,1,10111,1,27.100000,1,123.84,1,4.74,1,-123,2.25,3464.50,7,0
10/29/2018 15:54:19 ,13,1,0.96000,1,1.40000,1.70000,51.060565,3.706907,1,10200,1,26.399999,1,130.66,1,5.30,1,-123,2.25,3464.50,7,0
10/29/2018 15:54:21 ,13,1,1.04000,1,1.65000,1.95000,51.060546,3.706939,1,10221,1,27.500000,1,128.02,1,6.09,1,-123,2.25,3464.50,7,0
10/29/2018 15:54:23 ,13,1,0.96000,1,1.40000,1.70000,51.060523,3.706971,1,11003,1,27.899999,1,132.77,1,5.76,1,-123,2.25,3464.50,7,0
10/29/2018 15:54:25 ,13,1,0.96000,1,1.40000,1.70000,51.060504,3.707000,1,11033,1,28.899999,1,132.59,1,5.41,1,-123,2.25,3464.50,7,0
10/29/2018 15:54:27 ,13,1,1.14000,1,1.49000,1.87000,51.060482,3.707029,1,11120,1,29.399999,1,136.34,1,6.00,1,-123,2.25,3464.50,7,0
10/29/2018 15:54:29 ,11,1,1.20000,1,1.80000,2.17000,51.060462,3.707067,1,11144,1,29.600000,1,130.09,1,6.20,1,-123,2.25,3464.50,7,0
10/29/2018 15:54:30 ,13,1,1.14000,1,1.49000,1.87000,51.060451,3.707085,1,11333,1,29.399999,1,130.46,1,5.65,1,-123,2.25,3464.50,7,0
10/29/2018 15:54:32 ,13,1,1.14000,1,1.49000,1.87000,51.060428,3.707118,1,44,1,29.399999,1,133.09,1,5.33,1,122,-4.50,-1639.71,12,1
10/29/2018 15:54:32 ,13,1,1.14000,1,1.49000,1.87000,51.060428,3.707118,1,44,1,29.399999,1,133.09,1,5.33,1,122,-4.50,-1639.71,12,0
10/29/2018 15:54:33 ,12,1,1.14000,1,1.49000,1.87000,51.060417,3.707133,1,2004,1,27.899999,1,135.27,1,5.15,1,122,-4.50,-1639.71,12,0
10/29/2018 15:54:35 ,12,1,1.14000,1,1.49000,1.87000,51.060390,3.707160,1,2204,1,27.200000,1,144.20,1,5.83,1,122,-4.50,-1639.71,12,0
10/29/2018 15:54:37 ,13,1,1.47000,1,1.62000,2.19000,51.060367,3.707193,1,2231,1,27.600000,1,138.72,1,6.54,1,122,-4.50,-1639.71,12,0
10/29/2018 15:54:39 ,13,1,1.09000,1,1.48000,1.84000,51.060344,3.707234,1,2300,1,27.200000,1,137.30,1,5.98,1,122,-4.50,-1639.71,12,0
10/29/2018 15:54:41 ,13,1,1.09000,1,1.48000,1.84000,51.060325,3.707271,1,344,1,26.100000,1,139.80,1,5.69,1,127,2.75,-1676.41,12,1
10/29/2018 15:54:41 ,13,1,1.09000,1,1.48000,1.84000,51.060325,3.707271,1,344,1,26.100000,1,139.80,1,5.69,1,127,2.75,-1676.41,12,0
10/29/2018 15:54:43 ,13,1,1.09000,1,1.48000,1.84000,51.060302,3.707311,1,2214,1,25.399999,1,134.87,1,6.28,1,127,2.75,-1676.41,12,0
10/29/2018 15:54:45 ,13,1,1.09000,1,1.48000,1.84000,51.060279,3.707352,1,2242,1,24.899999,1,131.34,1,6.13,1,127,2.75,-1676.41,12,0
10/29/2018 15:54:47 ,13,1,1.09000,1,1.48000,1.84000,51.060260,3.707386,1,2314,1,24.799999,1,134.51,1,5.30,1,127,2.75,-1676.41,12,0
10/29/2018 15:54:47 ,13,1,1.09000,1,1.48000,1.84000,51.060260,3.707386,1,10140,1,24.799999,1,134.51,1,5.30,1,-123,2.50,3464.50,7,1
10/29/2018 15:54:48 ,13,1,1.09000,1,1.48000,1.84000,51.060249,3.707400,1,10213,1,24.899999,1,141.40,1,5.32,1,-123,2.50,3464.50,7,0
10/29/2018 15:54:49 ,13,1,1.09000,1,1.48000,1.84000,51.060241,3.707416,1,1401,1,24.399999,1,141.74,1,5.46,1,-118,5.50,3514.83,7,1
10/29/2018 15:54:50 ,13,1,1.15000,1,1.77000,2.11000,51.060230,3.707433,1,2214,1,24.100000,1,139.17,1,6.02,1,-118,5.50,3514.83,7,0
10/29/2018 15:54:50 ,13,1,1.15000,1,1.77000,2.11000,51.060230,3.707433,1,11111,1,24.100000,1,139.17,1,6.02,1,-117,5.50,3531.60,7,1
10/29/2018 15:54:52 ,13,1,1.15000,1,1.48000,1.84000,51.060199,3.707468,1,201,1,24.100000,1,144.38,1,7.20,1,-117,5.50,3531.60,7,0
10/29/2018 15:54:53 ,13,1,1.09000,1,1.48000,1.84000,51.060188,3.707485,1,1041,1,23.100000,1,143.15,1,6.57,1,-117,5.50,3531.60,7,0
10/29/2018 15:54:55 ,12,1,1.15000,1,1.77000,2.11000,51.060165,3.707523,1,2213,1,22.299999,1,138.76,1,6.87,1,-117,5.50,3531.60,7,0
10/29/2018 15:54:57 ,13,1,1.15000,1,1.77000,2.11000,51.060146,3.707565,1,2234,1,21.000000,1,130.77,1,6.72,1,-117,5.50,3531.60,7,0
10/29/2018 15:54:58 ,13,1,1.32000,1,2.66000,2.97000,51.060138,3.707587,1,3024,1,20.399999,1,127.03,1,6.19,1,-117,5.50,3531.60,7,0
10/29/2018 15:54:59 ,13,1,1.15000,1,1.77000,2.11000,51.060131,3.707610,1,3400,1,19.799999,1,124.24,1,6.28,1,-127,3.75,-1681.65,12,1
10/29/2018 15:54:59 ,13,1,1.15000,1,1.77000,2.11000,51.060131,3.707610,1,3400,1,19.799999,1,124.24,1,6.28,1,-127,3.75,-1681.65,12,0
10/29/2018 15:55:01 ,14,1,1.09000,1,1.48000,1.83000,51.060111,3.707651,1,3431,1,18.600000,1,122.16,1,5.15,1,-127,3.75,-1681.65,12,0
10/29/2018 15:55:02 ,20,1,0.93000,1,1.36000,1.65000,51.060108,3.707667,1,4003,1,18.200000,1,127.56,1,5.04,1,-127,3.75,-1681.65,12,0
10/29/2018 15:55:04 ,13,1,1.09000,1,1.48000,1.83000,51.060092,3.707718,1,4043,1,13.700000,1,128.90,1,5.85,1,-127,3.75,-1681.65,12,0
10/29/2018 15:55:06 ,14,1,0.92000,1,1.35000,1.63000,51.060081,3.707772,1,4101,1,10.500000,1,126.64,1,5.72,1,-127,3.75,-1681.65,12,0
10/29/2018 15:55:08 ,20,1,0.85000,1,1.31000,1.56000,51.060070,3.707813,1,4121,1,8.300001,1,115.95,1,6.04,1,-127,3.75,-1681.65,12,0
10/29/2018 15:55:08 ,20,1,0.85000,1,1.31000,1.56000,51.060070,3.707813,1,10113,1,8.300001,1,115.95,1,6.04,1,-125,4.75,-1711.01,12,1
10/29/2018 15:55:09 ,20,1,0.85000,1,1.31000,1.56000,51.060066,3.707834,1,10134,1,8.200000,1,108.17,1,4.61,1,-125,4.75,-1711.01,12,0
10/29/2018 15:55:11 ,20,1,0.85000,1,1.31000,1.56000,51.060058,3.707877,1,10212,1,7.000000,1,106.47,1,4.89,1,-125,4.75,-1711.01,12,0
10/29/2018 15:55:13 ,20,1,0.93000,1,1.36000,1.65000,51.060062,3.707908,1,10301,1,6.100000,1,75.34,1,3.82,1,-125,4.75,-1711.01,12,0
10/29/2018 15:55:14 ,14,1,0.89000,1,1.40000,1.66000,51.060066,3.707925,1,10331,1,6.000000,1,72.03,1,4.50,1,-125,4.75,-1711.01,12,0
10/29/2018 15:55:16 ,20,1,0.89000,1,1.40000,1.66000,51.060081,3.707964,1,10341,1,5.000000,1,52.87,1,4.35,1,-125,4.75,-1711.01,12,0
10/29/2018 15:55:17 ,20,1,0.93000,1,1.36000,1.65000,51.060089,3.707980,1,11410,1,4.700000,1,46.62,1,5.07,1,-117,0.25,-1623.46,12,1
10/29/2018 15:55:17 ,20,1,0.93000,1,1.36000,1.65000,51.060089,3.707980,1,11410,1,4.700000,1,46.62,1,5.07,1,-117,0.25,-1623.46,12,0
10/29/2018 15:55:19 ,13,1,1.29000,1,1.94000,2.33000,51.060104,3.707993,1,1321,1,4.500000,1,24.30,1,4.09,1,-117,0.25,-1623.46,12,0
10/29/2018 15:55:20 ,14,1,0.99000,1,1.55000,1.84000,51.060104,3.707999,1,2204,1,2.200000,1,24.30,1,0.63,1,-117,0.25,-1623.46,12,0
10/29/2018 15:55:22 ,13,1,0.99000,1,1.55000,1.84000,51.060127,3.708039,1,2224,1,3.300000,1,41.14,1,5.54,1,-117,0.25,-1623.46,12,0
10/29/2018 15:55:23 ,13,1,0.99000,1,1.55000,1.84000,51.060138,3.708057,1,3012,1,3.600000,1,36.12,1,5.06,1,-117,0.25,-1623.46,12,0
10/29/2018 15:55:23 ,13,1,0.99000,1,1.55000,1.84000,51.060138,3.708057,1,3122,1,3.600000,1,36.12,1,5.06,1,-109,6.75,3581.94,7,1
10/29/2018 15:55:24 ,20,1,0.99000,1,1.55000,1.84000,51.060169,3.708055,1,3142,1,5.100000,1,2.47,1,12.24,1,-109,6.75,3581.94,7,0
10/29/2018 15:55:25 ,20,1,0.99000,1,1.55000,1.84000,51.060188,3.708067,1,314,1,5.100000,1,6.70,1,7.93,1,-108,6.50,3581.94,7,1
10/29/2018 15:55:26 ,14,1,0.99000,1,1.55000,1.84000,51.060214,3.708084,1,443,1,6.800000,1,15.43,1,12.37,1,-108,6.50,3581.94,7,0
10/29/2018 15:55:27 ,14,1,0.99000,1,1.55000,1.84000,51.060230,3.708109,1,2431,1,8.400000,1,23.11,1,8.02,1,-108,6.50,3581.94,7,0
10/29/2018 15:55:29 ,12,1,1.99000,1,2.42000,3.13000,51.060207,3.708082,1,3020,1,9.700000,1,313.64,1,12.26,1,-108,6.50,3581.94,7,0
10/29/2018 15:55:31 ,11,1,1.63000,1,2.57000,3.05000,51.060230,3.708007,1,3112,1,4.900000,1,266.33,1,3.24,1,-108,6.50,3581.94,7,0
10/29/2018 15:55:33 ,12,1,2.87000,1,3.42000,4.47000,51.060237,3.707985,1,3404,1,5.000000,1,266.33,1,5.30,1,-108,6.50,3581.94,7,0
10/29/2018 15:55:35 ,13,1,1.35000,1,2.20000,2.58000,51.060276,3.707985,1,3401,1,3.900000,1,290.78,1,7.93,1,-108,6.50,3581.94,7,0
10/29/2018 15:55:36 ,12,1,1.35000,1,2.20000,2.58000,51.060276,3.707982,1,1440,1,4.200000,1,294.01,1,8.82,1,-83,1.50,-1683.23,12,1
10/29/2018 15:55:37 ,13,1,1.29000,1,1.59000,2.05000,51.060272,3.708003,1,2242,1,4.100000,1,294.01,1,3.35,1,-83,1.50,-1683.23,12,0
10/29/2018 15:55:39 ,14,1,1.17000,1,1.57000,1.95000,51.060283,3.708121,1,2304,1,8.600001,1,294.01,1,0.02,1,-83,1.50,-1683.23,12,0
10/29/2018 15:55:41 ,13,1,1.35000,1,2.20000,2.58000,51.060264,3.708173,1,2341,1,7.900000,1,294.01,1,0.26,1,-83,1.50,-1683.23,12,0
10/29/2018 15:55:43 ,13,1,1.17000,1,1.57000,1.95000,51.060256,3.708233,1,2410,1,8.100001,1,294.01,1,0.09,1,-83,1.50,-1683.23,12,0
10/29/2018 15:55:45 ,14,1,1.17000,1,1.57000,1.95000,51.060260,3.708242,1,2422,1,6.700000,1,294.01,1,0.06,1,-83,1.50,-1683.23,12,0
10/29/2018 15:55:45 ,14,1,1.17000,1,1.57000,1.95000,51.060260,3.708242,1,3224,1,6.700000,1,294.01,1,0.06,1,-99,4.50,-1709.44,12,1
10/29/2018 15:55:46 ,13,1,1.17000,1,1.57000,1.95000,51.060264,3.708238,1,3311,1,7.600000,1,294.01,1,0.31,1,-99,4.50,-1709.44,12,0
10/29/2018 15:55:48 ,14,1,1.17000,1,1.57000,1.95000,51.060260,3.708244,1,3322,1,8.200000,1,294.01,1,0.28,1,-99,4.50,-1709.44,12,0
10/29/2018 15:55:50 ,14,1,0.93000,1,1.36000,1.65000,51.060264,3.708248,1,3342,1,9.300001,1,294.01,1,0.06,1,-99,4.50,-1709.44,12,0
