10/29/2018 15:49:47 ,13,1,0.97000,1,1.56000,1.84000,51.063915,3.708770,1,2244,1,2.500000,1,257.46,1,4.09,1,0,0.00,-3663.99,0,0
10/29/2018 15:49:49 ,12,1,1.12000,1,1.90000,2.21000,51.063922,3.708731,1,3044,1,1.000000,1,255.42,1,3.94,1,0,0.00,-3663.99,0,0
10/29/2018 15:49:51 ,12,1,1.12000,1,1.90000,2.20000,51.063919,3.708692,1,3122,1,0.400000,1,254.74,1,3.83,1,0,0.00,-3663.99,0,0
10/29/2018 15:49:52 ,11,1,1.19000,1,1.94000,2.27000,51.063915,3.708676,1,3210,1,-0.200000,1,247.31,1,3.69,1,0,0.00,-3663.99,0,0
10/29/2018 15:49:54 ,13,1,0.97000,1,1.56000,1.83000,51.063896,3.708649,1,3233,1,-0.500000,1,235.39,1,4.89,1,0,0.00,-3663.99,0,0
10/29/2018 15:49:55 ,13,1,0.97000,1,1.56000,1.83000,51.063880,3.708628,1,4011,1,0.400000,1,234.15,1,5.30,1,0,0.00,-3663.99,0,0
10/29/2018 15:49:56 ,13,1,0.97000,1,1.56000,1.83000,51.063873,3.708612,1,1140,1,0.500000,1,226.25,1,5.17,1,127,-7.00,-3663.99,12,1
10/29/2018 15:49:57 ,13,1,0.97000,1,1.56000,1.83000,51.063865,3.708594,1,2202,1,1.000000,1,230.42,1,4.74,1,127,-7.00,-3663.99,12,0
10/29/2018 15:49:59 ,13,1,0.97000,1,1.56000,1.83000,51.063850,3.708548,1,2220,1,1.700000,1,220.81,1,5.59,1,127,-7.00,-3663.99,12,0
10/29/2018 15:50:01 ,13,1,0.97000,1,1.55000,1.83000,51.063838,3.708517,1,2244,1,1.900000,1,216.77,1,5.04,1,127,-7.00,-3663.99,12,0
10/29/2018 15:50:03 ,13,1,1.16000,1,1.95000,2.27000,51.063823,3.708490,1,2324,1,1.200000,1,217.63,1,5.22,1,127,-7.00,-3663.99,12,0
10/29/2018 15:50:04 ,13,1,0.97000,1,1.55000,1.83000,51.063812,3.708480,1,2410,1,0.900000,1,214.91,1,3.63,1,127,-7.00,-3663.99,12,0
10/29/2018 15:50:06 ,13,1,0.97000,1,1.55000,1.83000,51.063789,3.708454,1,2423,1,0.900000,1,208.87,1,5.70,1,127,-7.00,-3663.99,12,0
10/29/2018 15:50:08 ,13,1,0.97000,1,1.55000,1.83000,51.063762,3.708435,1,3002,1,0.200000,1,202.01,1,5.54,1,127,-7.00,-3663.99,12,0
10/29/2018 15:50:10 ,13,1,0.97000,1,1.55000,1.83000,51.063735,3.708421,1,3021,1,-0.500000,1,198.33,1,5.63,1,127,-7.00,-3663.99,12,0
10/29/2018 15:50:12 ,14,1,0.93000,1,1.41000,1.69000,51.063709,3.708384,1,3043,1,0.400000,1,219.74,1,6.39,1,127,-7.00,-3663.99,12,0
10/29/2018 15:50:14 ,13,1,0.97000,1,1.55000,1.83000,51.063682,3.708351,1,3130,1,1.600000,1,220.22,1,6.06,1,127,-7.00,-3663.99,12,0
10/29/2018 15:50:16 ,13,1,0.97000,1,1.55000,1.83000,51.063659,3.708325,1,3143,1,1.500000,1,222.75,1,5.30,1,127,-7.00,-3663.99,12,0
10/29/2018 15:50:18 ,13,1,0.97000,1,1.55000,1.82000,51.063644,3.708288,1,3211,1,1.600000,1,201.98,1,7.04,1,127,-7.00,-3663.99,12,0
10/29/2018 15:50:20 ,13,1,0.97000,1,1.55000,1.82000,51.063617,3.708263,1,4002,1,1.700000,1,208.48,1,6.17,1,127,-7.00,-3663.99,12,0
10/29/2018 15:50:22 ,14,1,0.93000,1,1.41000,1.69000,51.063591,3.708237,1,4034,1,1.500000,1,218.52,1,6.30,1,127,-7.00,-3663.99,12,0
10/29/2018 15:50:23 ,14,1,0.93000,1,1.41000,1.69000,51.063579,3.708222,1,4320,1,1.500000,1,219.95,1,6.13,1,127,-7.00,-3663.99,12,0
10/29/2018 15:50:25 ,13,1,0.97000,1,1.55000,1.82000,51.063552,3.708199,1,4342,1,1.800000,1,215.90,1,5.89,1,127,-7.00,-3663.99,12,0
10/29/2018 15:50:27 ,14,1,0.93000,1,1.41000,1.68000,51.063526,3.708175,1,4404,1,1.900000,1,221.39,1,5.80,1,127,-7.00,-3663.99,12,0
10/29/2018 15:50:29 ,13,1,0.97000,1,1.54000,1.82000,51.063495,3.708155,1,10202,1,1.700000,1,226.24,1,5.63,1,127,-7.00,-3663.99,12,0
10/29/2018 15:50:31 ,13,1,0.97000,1,1.54000,1.82000,51.063468,3.708135,1,10230,1,1.300000,1,231.66,1,5.39,1,127,-7.00,-3663.99,12,0
10/29/2018 15:50:33 ,13,1,0.97000,1,1.54000,1.82000,51.063442,3.708110,1,10314,1,1.500000,1,227.90,1,6.15,1,127,-7.00,-3663.99,12,0
10/29/2018 15:50:35 ,13,1,0.97000,1,1.54000,1.82000,51.063419,3.708082,1,10331,1,1.100000,1,216.34,1,5.69,1,127,-7.00,-3663.99,12,0
10/29/2018 15:50:37 ,13,1,0.97000,1,1.54000,1.82000,51.063392,3.708055,1,10412,1,1.400000,1,220.78,1,6.30,1,127,-7.00,-3663.99,12,0
10/29/2018 15:50:39 ,13,1,0.96000,1,1.54000,1.82000,51.063362,3.708031,1,10432,1,1.500000,1,219.58,1,5.93,1,127,-7.00,-3663.99,12,0
10/29/2018 15:50:41 ,13,1,0.96000,1,1.54000,1.82000,51.063339,3.707999,1,11010,1,1.500000,1,217.13,1,7.13,1,127,-7.00,-3663.99,12,0
10/29/2018 15:50:43 ,13,1,0.96000,1,1.54000,1.82000,51.063312,3.707968,1,11031,1,1.900000,1,215.54,1,5.85,1,127,-7.00,-3663.99,12,0
10/29/2018 15:50:45 ,13,1,0.96000,1,1.54000,1.82000,51.063289,3.707945,1,11103,1,1.100000,1,215.71,1,5.65,1,127,-7.00,-3663.99,12,0
10/29/2018 15:50:46 ,13,1,0.96000,1,1.54000,1.81000,51.063282,3.707930,1,11134,1,0.900000,1,212.50,1,4.80,1,127,-7.00,-3663.99,12,0
10/29/2018 15:50:47 ,13,1,0.96000,1,1.54000,1.81000,51.063274,3.707910,1,11211,1,0.700000,1,208.03,1,5.50,1,127,-7.00,-3663.99,12,0
10/29/2018 15:50:49 ,13,1,0.96000,1,1.54000,1.81000,51.063247,3.707882,1,404,1,0.700000,1,211.25,1,6.26,1,127,-7.00,-3663.99,12,0
10/29/2018 15:50:50 ,13,1,0.96000,1,1.54000,1.81000,51.063236,3.707865,1,1041,1,0.600000,1,214.65,1,6.39,1,127,-7.00,-3663.99,12,0
10/29/2018 15:50:51 ,13,1,0.96000,1,1.54000,1.81000,51.063228,3.707847,1,2202,1,0.500000,1,222.17,1,5.80,1,127,-7.00,-3663.99,12,0
10/29/2018 15:50:53 ,13,1,0.96000,1,1.53000,1.81000,51.063198,3.707822,1,2223,1,0.600000,1,212.31,1,5.61,1,127,-7.00,-3663.99,12,0
10/29/2018 15:50:54 ,13,1,0.96000,1,1.53000,1.81000,51.063182,3.707810,1,3023,1,0.500000,1,215.64,1,6.32,1,127,-7.00,-3663.99,12,0
10/29/2018 15:50:56 ,13,1,0.96000,1,1.53000,1.81000,51.063159,3.707782,1,3102,1,0.200000,1,214.66,1,6.06,1,127,-7.00,-3663.99,12,0
10/29/2018 15:50:57 ,13,1,0.96000,1,1.53000,1.81000,51.063148,3.707761,1,3334,1,0.100000,1,223.00,1,6.41,1,127,-7.00,-3663.99,12,0
10/29/2018 15:50:59 ,13,1,0.96000,1,1.53000,1.81000,51.063117,3.707738,1,3400,1,0.700000,1,221.53,1,5.78,1,127,-7.00,-3663.99,12,0
10/29/2018 15:51:01 ,13,1,0.96000,1,1.53000,1.81000,51.063091,3.707717,1,3441,1,0.700000,1,210.51,1,6.00,1,127,-7.00,-3663.99,12,0
10/29/2018 15:51:03 ,13,1,0.96000,1,1.53000,1.81000,51.063068,3.707693,1,4232,1,0.400000,1,222.39,1,4.98,1,127,-7.00,-3663.99,12,0
10/29/2018 15:51:05 ,13,1,0.96000,1,1.53000,1.81000,51.063045,3.707672,1,4302,1,-0.500000,1,216.03,1,5.63,1,127,-7.00,-3663.99,12,0
10/29/2018 15:51:06 ,13,1,0.96000,1,1.53000,1.81000,51.063034,3.707660,1,4332,1,-1.000000,1,214.48,1,5.15,1,127,-7.00,-3663.99,12,0
10/29/2018 15:51:08 ,12,1,1.13000,1,1.86000,2.18000,51.063014,3.707628,1,4412,1,-0.900000,1,215.21,1,5.13,1,127,-7.00,-3663.99,12,0
10/29/2018 15:51:09 ,12,1,1.13000,1,1.86000,2.18000,51.063011,3.707607,1,10242,1,-1.100000,1,214.95,1,5.52,1,124,-8.50,-3706.45,12,1
10/29/2018 15:51:09 ,12,1,1.13000,1,1.86000,2.18000,51.063011,3.707607,1,10242,1,-1.100000,1,214.95,1,5.52,1,124,-8.50,-3706.45,12,0
10/29/2018 15:51:11 ,12,1,1.13000,1,1.86000,2.18000,51.062980,3.707586,1,10413,1,-1.000000,1,211.36,1,4.76,1,124,-8.50,-3706.45,12,0
10/29/2018 15:51:13 ,12,1,1.13000,1,1.86000,2.18000,51.062961,3.707558,1,11000,1,-1.300000,1,213.51,1,5.54,1,124,-8.50,-3706.45,12,0
10/29/2018 15:51:15 ,11,1,1.32000,1,2.85000,3.14000,51.062938,3.707538,1,10441,1,-1.800000,1,204.64,1,5.80,1,124,-8.50,-3706.45,12,0
10/29/2018 15:51:17 ,11,1,1.32000,1,2.85000,3.14000,51.062915,3.707521,1,11012,1,-2.500000,1,210.00,1,4.94,1,124,-8.50,-3706.45,12,0
10/29/2018 15:51:19 ,0,1,99.99000,1,99.99000,99.99000,51.062915,3.707521,1,30032,1,-2.500000,1,210.00,1,4.94,1,123,-10.00,-3717.99,12,1
10/29/2018 15:51:19 ,0,1,99.99000,1,99.99000,99.99000,51.062915,3.707521,1,30032,1,-2.500000,1,210.00,1,4.94,1,123,-10.00,-3717.99,12,0
10/29/2018 15:51:20 ,4,1,2.09000,1,3.57000,4.13000,51.062889,3.707476,1,1222,1,-3.900000,1,210.00,1,6.20,1,123,-10.00,-3717.99,12,0
10/29/2018 15:51:22 ,0,1,99.99000,1,99.99000,99.99000,51.062873,3.707401,1,20133,1,-3.100000,1,210.00,1,12.43,1,123,-10.00,-3717.99,12,0
10/29/2018 15:51:24 ,0,1,99.99000,1,99.99000,99.99000,51.062873,3.707401,1,101204,1,-3.100000,1,210.00,1,12.43,1,123,-10.00,-3717.99,12,0
10/29/2018 15:51:26 ,0,1,99.99000,1,99.99000,99.99000,51.062873,3.707401,1,132233,1,-3.100000,1,210.00,1,12.43,1,123,-10.00,-3717.99,12,0
10/29/2018 15:51:28 ,0,1,99.99000,1,99.99000,99.99000,51.062873,3.707401,1,214040,1,-3.100000,1,210.00,1,12.43,1,123,-10.00,-3717.99,12,0
10/29/2018 15:51:30 ,0,1,99.99000,1,99.99000,99.99000,51.062873,3.707401,1,300113,1,-3.100000,1,210.00,1,12.43,1,123,-10.00,-3717.99,12,0
10/29/2018 15:51:31 ,0,1,99.99000,1,99.99000,99.99000,51.062873,3.707401,1,313411,1,-3.100000,1,210.00,1,12.43,1,123,-10.00,-3717.99,12,0
10/29/2018 15:51:33 ,0,1,99.99000,1,99.99000,99.99000,51.062873,3.707401,1,344440,1,-3.100000,1,210.00,1,12.43,1,123,-10.00,-3717.99,12,0
10/29/2018 15:51:35 ,0,1,99.99000,1,99.99000,99.99000,51.062873,3.707401,1,431011,1,-3.100000,1,210.00,1,12.43,1,123,-10.00,-3717.99,12,0
10/29/2018 15:51:37 ,0,1,99.99000,1,99.99000,99.99000,51.062873,3.707401,1,1010122,1,-3.100000,1,210.00,1,12.43,1,122,-6.75,-3731.62,12,1
10/29/2018 15:51:37 ,0,1,99.99000,1,99.99000,99.99000,51.062873,3.707401,1,1010122,1,-3.100000,1,210.00,1,12.43,1,122,-6.75,-3731.62,12,0
10/29/2018 15:51:38 ,0,1,99.99000,1,99.99000,99.99000,51.062873,3.707401,1,1023231,1,-3.100000,1,210.00,1,12.43,1,122,-6.75,-3731.62,12,0
10/29/2018 15:51:40 ,0,1,99.99000,1,99.99000,99.99000,51.062873,3.707401,1,1104302,1,-3.100000,1,210.00,1,12.43,1,122,-6.75,-3731.62,12,0
10/29/2018 15:51:42 ,0,1,99.99000,1,99.99000,99.99000,51.062873,3.707401,1,1140323,1,-3.100000,1,210.00,1,12.43,1,122,-6.75,-3731.62,12,0
10/29/2018 15:51:44 ,0,1,99.99000,1,99.99000,99.99000,51.062873,3.707401,1,1221401,1,-3.100000,1,210.00,1,12.43,1,122,-6.75,-3731.62,12,0
10/29/2018 15:51:46 ,0,1,99.99000,1,99.99000,99.99000,51.062873,3.707401,1,1302422,1,-3.100000,1,210.00,1,12.43,1,122,-6.75,-3731.62,12,0
10/29/2018 15:51:46 ,0,1,99.99000,1,99.99000,99.99000,51.062873,3.707401,1,1303401,1,-3.100000,1,210.00,1,12.43,1,122,-10.50,-3749.45,12,1
10/29/2018 15:51:47 ,0,1,99.99000,1,99.99000,99.99000,51.062873,3.707401,1,1321430,1,-3.100000,1,210.00,1,12.43,1,122,-10.50,-3749.45,12,0
10/29/2018 15:51:49 ,4,1,16.49000,1,2.86000,16.73000,51.062873,3.707401,1,1403001,1,-3.100000,1,210.00,1,12.43,1,122,-10.50,-3749.45,12,0
10/29/2018 15:51:51 ,11,1,1.20000,1,1.85000,2.20000,51.062328,3.707386,1,3440,1,-1.500000,1,218.10,1,4.50,1,122,-10.50,-3749.45,12,0
10/29/2018 15:51:52 ,13,1,0.94000,1,1.53000,1.79000,51.062301,3.707397,1,4040,1,-1.500000,1,218.10,1,3.59,1,122,-10.50,-3749.45,12,0
10/29/2018 15:51:54 ,13,1,0.94000,1,1.53000,1.79000,51.062259,3.707386,1,4043,1,1.400000,1,209.60,1,5.59,1,122,-10.50,-3749.45,12,0
10/29/2018 15:51:55 ,12,1,1.03000,1,1.54000,1.86000,51.062316,3.707232,1,10100,1,5.400000,1,216.77,1,4.63,1,123,-2.50,-3758.88,12,1
10/29/2018 15:51:55 ,12,1,1.03000,1,1.54000,1.86000,51.062316,3.707232,1,10100,1,5.400000,1,216.77,1,4.63,1,123,-2.50,-3758.88,12,0
10/29/2018 15:51:57 ,13,1,0.94000,1,1.53000,1.79000,51.062309,3.707155,1,10141,1,7.400000,1,220.00,1,4.30,1,123,-2.50,-3758.88,12,0
10/29/2018 15:51:59 ,12,1,1.03000,1,1.54000,1.86000,51.062301,3.707111,1,10204,1,7.900000,1,205.20,1,4.07,1,123,-2.50,-3758.88,12,0
10/29/2018 15:52:01 ,12,1,1.70000,1,2.06000,2.67000,51.062294,3.707096,1,3102,1,5.700000,1,185.85,1,3.17,1,-125,-4.25,1535.12,7,1
10/29/2018 15:52:01 ,12,1,1.70000,1,2.06000,2.67000,51.062294,3.707096,1,3102,1,5.700000,1,185.85,1,3.17,1,-125,-4.25,1535.12,7,0
10/29/2018 15:52:03 ,12,1,1.70000,1,2.06000,2.67000,51.062278,3.707083,1,242,1,5.100000,1,179.93,1,5.11,1,-123,-1.50,1535.12,7,1
10/29/2018 15:52:03 ,12,1,1.70000,1,2.06000,2.67000,51.062278,3.707083,1,242,1,5.100000,1,179.93,1,5.11,1,-123,-1.50,1535.12,7,0
10/29/2018 15:52:04 ,13,1,1.15000,1,1.89000,2.21000,51.062259,3.707061,1,2131,1,6.200000,1,188.29,1,6.70,1,-123,-1.50,1535.12,7,0
10/29/2018 15:52:05 ,13,1,1.15000,1,1.89000,2.21000,51.062244,3.707065,1,2431,1,6.000000,1,182.54,1,7.02,1,-123,-1.50,1535.12,7,0
10/29/2018 15:52:07 ,14,1,0.96000,1,1.51000,1.79000,51.062213,3.707078,1,3010,1,6.000000,1,175.38,1,5.44,1,-123,-1.50,1535.12,7,0
10/29/2018 15:52:09 ,14,1,0.96000,1,1.51000,1.79000,51.062179,3.707047,1,3033,1,8.200000,1,193.95,1,5.63,1,-123,-1.50,1535.12,7,0
10/29/2018 15:52:11 ,14,1,0.90000,1,1.47000,1.72000,51.062145,3.707035,1,3331,1,8.900000,1,201.77,1,5.26,1,-123,-1.50,1535.12,7,0
10/29/2018 15:52:13 ,14,1,0.90000,1,1.47000,1.72000,51.062126,3.707003,1,3420,1,9.900000,1,201.77,1,4.06,1,-123,-1.50,1535.12,7,0
10/29/2018 15:52:14 ,14,1,0.90000,1,1.47000,1.72000,51.062114,3.707010,1,112,1,8.900000,1,190.75,1,5.70,1,125,-10.00,-3645.11,12,1
10/29/2018 15:52:15 ,14,1,0.90000,1,1.47000,1.72000,51.062095,3.707018,1,1333,1,8.200000,1,182.06,1,6.32,1,125,-10.00,-3645.11,12,0
10/29/2018 15:52:17 ,12,1,1.13000,1,1.84000,2.16000,51.062068,3.706996,1,2242,1,8.500000,1,190.10,1,5.04,1,125,-10.00,-3645.11,12,0
10/29/2018 15:52:19 ,13,1,1.00000,1,1.62000,1.90000,51.062053,3.706967,1,2311,1,7.700000,1,207.55,1,4.39,1,125,-10.00,-3645.11,12,0
10/29/2018 15:52:21 ,14,1,0.96000,1,1.50000,1.78000,51.062030,3.706944,1,2332,1,7.600000,1,220.02,1,4.93,1,125,-10.00,-3645.11,12,0
10/29/2018 15:52:23 ,13,1,1.31000,1,2.02000,2.41000,51.062011,3.706910,1,1401,1,7.600000,1,227.28,1,5.06,1,123,-8.00,-3609.46,12,1
10/29/2018 15:52:23 ,13,1,1.31000,1,2.02000,2.41000,51.062011,3.706910,1,1401,1,7.600000,1,227.28,1,5.06,1,123,-8.00,-3609.46,12,0
10/29/2018 15:52:25 ,13,1,0.96000,1,1.50000,1.78000,51.061992,3.706876,1,2240,1,7.000000,1,236.85,1,5.28,1,123,-8.00,-3609.46,12,0
10/29/2018 15:52:27 ,14,1,0.90000,1,1.46000,1.72000,51.061973,3.706849,1,2310,1,6.500000,1,237.78,1,5.32,1,123,-8.00,-3609.46,12,0
10/29/2018 15:52:28 ,14,1,0.90000,1,1.46000,1.72000,51.061965,3.706836,1,2333,1,5.600000,1,240.13,1,5.41,1,123,-8.00,-3609.46,12,0
10/29/2018 15:52:30 ,13,1,0.96000,1,1.50000,1.78000,51.061950,3.706805,1,2413,1,3.600000,1,258.06,1,5.57,1,123,-8.00,-3609.46,12,0
10/29/2018 15:52:32 ,14,1,0.90000,1,1.46000,1.71000,51.061923,3.706787,1,2424,1,3.900000,1,252.26,1,4.74,1,123,-8.00,-3609.46,12,0
10/29/2018 15:52:32 ,14,1,0.90000,1,1.46000,1.71000,51.061923,3.706787,1,3121,1,3.900000,1,252.26,1,4.74,1,123,-13.25,-3629.91,12,1
10/29/2018 15:52:33 ,14,1,0.90000,1,1.46000,1.71000,51.061904,3.706792,1,3200,1,3.100000,1,238.66,1,4.22,1,123,-13.25,-3629.91,12,0
10/29/2018 15:52:35 ,20,1,0.93000,1,1.38000,1.66000,51.061866,3.706799,1,3213,1,3.400000,1,216.05,1,3.63,1,123,-13.25,-3629.91,12,0
10/29/2018 15:52:36 ,14,1,0.93000,1,1.38000,1.66000,51.061851,3.706806,1,4003,1,2.900000,1,205.40,1,3.46,1,123,-13.25,-3629.91,12,0
10/29/2018 15:52:38 ,20,1,0.86000,1,1.34000,1.59000,51.061817,3.706810,1,4033,1,3.000000,1,195.96,1,4.57,1,123,-13.25,-3629.91,12,0
10/29/2018 15:52:39 ,20,1,0.86000,1,1.34000,1.59000,51.061798,3.706809,1,4322,1,2.900000,1,195.56,1,4.74,1,123,-13.25,-3629.91,12,0
10/29/2018 15:52:41 ,20,1,0.93000,1,1.38000,1.66000,51.061767,3.706812,1,4401,1,2.400000,1,184.12,1,5.07,1,123,-13.25,-3629.91,12,0
10/29/2018 15:52:43 ,14,1,0.88000,1,1.37000,1.63000,51.061725,3.706813,1,4422,1,1.700000,1,193.66,1,6.48,1,123,-13.25,-3629.91,12,0
10/29/2018 15:52:45 ,14,1,0.94000,1,1.39000,1.68000,51.061691,3.706809,1,10214,1,1.800000,1,181.12,1,5.76,1,123,-13.25,-3629.91,12,0
10/29/2018 15:52:47 ,14,1,0.97000,1,1.42000,1.72000,51.061668,3.706801,1,10242,1,1.100000,1,183.91,1,3.20,1,123,-13.25,-3629.91,12,0
10/29/2018 15:52:49 ,20,1,0.86000,1,1.34000,1.59000,51.061634,3.706790,1,10314,1,1.300000,1,193.00,1,5.67,1,123,-13.25,-3629.91,12,0
10/29/2018 15:52:50 ,20,1,0.86000,1,1.34000,1.59000,51.061622,3.706784,1,11133,1,0.800000,1,196.97,1,4.15,1,123,-10.25,-3568.04,12,1
10/29/2018 15:52:50 ,20,1,0.86000,1,1.34000,1.59000,51.061622,3.706784,1,11133,1,0.800000,1,196.97,1,4.15,1,123,-10.25,-3568.04,12,0
10/29/2018 15:52:52 ,13,1,0.97000,1,1.42000,1.72000,51.061603,3.706760,1,223,1,0.300000,1,228.90,1,4.65,1,123,-10.25,-3568.04,12,0
10/29/2018 15:52:53 ,12,1,1.18000,1,1.61000,2.00000,51.061592,3.706752,1,1333,1,-0.200000,1,227.46,1,4.15,1,123,-10.25,-3568.04,12,0
10/29/2018 15:52:54 ,14,1,1.14000,1,1.82000,2.15000,51.061580,3.706739,1,2204,1,-0.400000,1,221.50,1,4.93,1,123,-10.25,-3568.04,12,0
10/29/2018 15:52:56 ,13,1,1.30000,1,2.01000,2.39000,51.061561,3.706697,1,2303,1,-0.300000,1,226.41,1,6.19,1,123,-10.25,-3568.04,12,0
10/29/2018 15:52:58 ,13,1,1.30000,1,2.00000,2.39000,51.061546,3.706641,1,2312,1,-0.100000,1,246.71,1,6.41,1,123,-10.25,-3568.04,12,0
10/29/2018 15:53:00 ,13,1,1.43000,1,2.00000,2.46000,51.061523,3.706609,1,2343,1,-0.700000,1,246.50,1,5.70,1,123,-10.25,-3568.04,12,0
10/29/2018 15:53:02 ,14,1,1.08000,1,1.55000,1.89000,51.061496,3.706599,1,2423,1,-1.000000,1,234.70,1,4.30,1,123,-10.25,-3568.04,12,0
10/29/2018 15:53:04 ,20,1,0.86000,1,1.34000,1.59000,51.061462,3.706592,1,2440,1,-0.900000,1,227.81,1,4.76,1,123,-10.25,-3568.04,12,0
10/29/2018 15:53:06 ,14,1,1.30000,1,2.00000,2.39000,51.061424,3.706593,1,3014,1,-1.000000,1,220.11,1,4.78,1,123,-10.25,-3568.04,12,0
10/29/2018 15:53:08 ,14,1,0.90000,1,1.45000,1.70000,51.061386,3.706588,1,3040,1,-1.000000,1,217.82,1,5.17,1,123,-10.25,-3568.04,12,0
10/29/2018 15:53:09 ,13,1,0.96000,1,1.48000,1.77000,51.061370,3.706582,1,1203,1,-1.400000,1,212.37,1,5.37,1,123,-10.50,-3572.24,12,1
10/29/2018 15:53:09 ,13,1,0.96000,1,1.48000,1.77000,51.061370,3.706582,1,11032,1,-1.400000,1,212.37,1,5.37,1,-124,-8.75,1652.56,7,1
10/29/2018 15:53:09 ,13,1,0.96000,1,1.48000,1.77000,51.061370,3.706582,1,11032,1,-1.400000,1,212.37,1,5.37,1,-124,-8.75,1652.56,7,0
10/29/2018 15:53:11 ,14,1,0.90000,1,1.45000,1.70000,51.061336,3.706565,1,11124,1,-1.000000,1,206.69,1,5.48,1,-124,-8.75,1652.56,7,0
10/29/2018 15:53:12 ,14,1,0.90000,1,1.45000,1.70000,51.061325,3.706554,1,11244,1,-1.600000,1,208.29,1,5.20,1,-124,-8.75,1585.45,7,0
10/29/2018 15:53:12 ,14,1,0.90000,1,1.45000,1.70000,51.061325,3.706554,1,11244,1,-1.600000,1,208.29,1,5.20,1,-125,-6.00,1585.45,7,1
10/29/2018 15:53:14 ,14,1,0.90000,1,1.45000,1.70000,51.061290,3.706550,1,2110,1,-2.200000,1,214.60,1,4.57,1,-125,-6.00,1585.45,7,0
10/29/2018 15:53:16 ,20,1,0.90000,1,1.44000,1.70000,51.061260,3.706536,1,2233,1,-1.200000,1,215.18,1,5.13,1,-125,-6.00,1585.45,7,0
10/29/2018 15:53:18 ,13,1,0.96000,1,1.48000,1.76000,51.061229,3.706525,1,2314,1,-0.600000,1,219.85,1,4.44,1,-125,-6.00,1585.45,7,0
10/29/2018 15:53:20 ,13,1,1.14000,1,1.81000,2.14000,51.061203,3.706513,1,3120,1,-0.200000,1,221.24,1,4.63,1,-125,-6.00,1585.45,7,0
10/29/2018 15:53:22 ,13,1,1.14000,1,1.81000,2.14000,51.061164,3.706519,1,3142,1,-0.100000,1,209.57,1,4.72,1,-125,-6.00,1585.45,7,0
10/29/2018 15:53:24 ,14,1,1.14000,1,1.81000,2.14000,51.061134,3.706512,1,3211,1,-0.100000,1,195.94,1,5.57,1,-125,-6.00,1585.45,7,0
10/29/2018 15:53:26 ,14,1,1.14000,1,1.85000,2.17000,51.061092,3.706512,1,3233,1,-0.100000,1,191.79,1,5.94,1,-125,-6.00,1585.45,7,0
10/29/2018 15:53:27 ,20,1,1.03000,1,1.56000,1.87000,51.061073,3.706516,1,4202,1,-0.200000,1,186.41,1,6.72,1,-128,3.00,-3587.96,12,1
10/29/2018 15:53:27 ,20,1,1.03000,1,1.56000,1.87000,51.061073,3.706516,1,4202,1,-0.200000,1,186.41,1,6.72,1,-128,3.00,-3587.96,12,0
10/29/2018 15:53:29 ,20,1,1.08000,1,1.49000,1.84000,51.061038,3.706530,1,4304,1,0.400000,1,182.78,1,4.91,1,-128,3.00,-3587.96,12,0
10/29/2018 15:53:31 ,20,1,0.86000,1,1.33000,1.58000,51.060997,3.706550,1,4333,1,0.900000,1,185.82,1,4.72,1,-128,3.00,-3587.96,12,0
10/29/2018 15:53:33 ,14,1,1.08000,1,1.76000,2.07000,51.060966,3.706549,1,4402,1,0.900000,1,181.67,1,5.06,1,-128,3.00,-3587.96,12,0
10/29/2018 15:53:35 ,14,1,1.04000,1,1.67000,1.97000,51.060932,3.706540,1,4432,1,1.400000,1,188.96,1,6.48,1,-128,3.00,-3587.96,12,0
10/29/2018 15:53:36 ,11,1,2.06000,1,2.95000,3.60000,51.060916,3.706539,1,10023,1,1.200000,1,193.84,1,5.39,1,-128,3.00,-3587.96,12,0
10/29/2018 15:53:36 ,11,1,2.06000,1,2.95000,3.60000,51.060916,3.706539,1,11013,1,1.200000,1,193.84,1,5.39,1,126,0.50,-3555.46,12,1
10/29/2018 15:53:37 ,12,1,1.43000,1,1.99000,2.45000,51.060905,3.706532,1,11014,1,1.200000,1,194.87,1,5.28,1,126,0.50,-3555.46,12,0
10/29/2018 15:53:38 ,14,1,1.08000,1,1.49000,1.84000,51.060894,3.706526,1,11042,1,1.200000,1,192.35,1,5.48,1,126,0.50,-3555.46,12,0
10/29/2018 15:53:39 ,14,1,1.08000,1,1.49000,1.84000,51.060874,3.706516,1,11121,1,1.900000,1,192.49,1,5.61,1,126,0.50,-3555.46,12,0
10/29/2018 15:53:41 ,13,1,1.16000,1,1.58000,1.96000,51.060852,3.706488,1,11133,1,3.000000,1,197.65,1,5.02,1,126,0.50,-3555.46,12,0
10/29/2018 15:53:42 ,14,1,1.08000,1,1.55000,1.89000,51.060840,3.706473,1,11433,1,3.900000,1,202.68,1,4.54,1,126,0.50,-3555.46,12,0
10/29/2018 15:53:44 ,20,1,1.03000,1,1.55000,1.89000,51.060817,3.706461,1,41,1,4.500000,1,204.05,1,2.93,1,126,0.50,-3555.46,12,0
10/29/2018 15:53:45 ,14,1,1.27000,1,1.91000,2.29000,51.060810,3.706457,1,2230,1,4.800000,1,225.04,1,2.46,1,126,0.50,-3555.46,12,0
10/29/2018 15:53:45 ,14,1,1.27000,1,1.91000,2.29000,51.060810,3.706457,1,4011,1,4.800000,1,225.04,1,2.46,1,-113,-3.75,1669.33,7,1
10/29/2018 15:53:46 ,13,1,1.56000,1,2.56000,3.00000,51.060802,3.706457,1,4112,1,5.300000,1,225.04,1,0.63,1,-113,-3.75,1669.33,7,0
10/29/2018 15:53:47 ,13,1,1.56000,1,2.56000,3.00000,51.060798,3.706454,1,301,1,5.800000,1,225.04,1,1.02,1,-116,5.50,1652.56,7,1
10/29/2018 15:53:48 ,12,1,1.35000,1,2.26000,2.63000,51.060794,3.706452,1,2024,1,6.200000,1,225.04,1,1.11,1,-116,5.50,1652.56,7,0
10/29/2018 15:53:49 ,13,1,1.04000,1,1.66000,1.96000,51.060791,3.706449,1,2434,1,7.000000,1,225.04,1,0.59,1,-116,5.50,1652.56,7,0
10/29/2018 15:53:51 ,11,1,1.20000,1,1.82000,2.18000,51.060775,3.706470,1,2430,1,8.300001,1,141.29,1,5.59,1,-116,5.50,1652.56,7,0
10/29/2018 15:53:53 ,13,1,1.14000,1,1.80000,2.13000,51.060752,3.706506,1,3010,1,8.600001,1,128.15,1,5.89,1,-116,5.50,3948.94,7,0
10/29/2018 15:53:54 ,13,1,1.14000,1,1.80000,2.13000,51.060745,3.706524,1,2330,1,8.700000,1,131.45,1,5.83,1,-116,5.50,3948.94,7,1
