10/29/2018 15:32:54 ,11,1,2.51000,1,3.89000,4.63000,51.065677,3.711950,1,11020,1,8.700000,1,0.00,1,4.48,1,-125,-1.75,1971.32,7,1
10/29/2018 15:32:54 ,11,1,2.51000,1,3.89000,4.63000,51.065677,3.711950,1,11020,1,8.700000,1,0.00,1,4.48,1,-125,-1.75,1971.32,7,0
10/29/2018 15:32:56 ,11,1,1.16000,1,2.68000,2.92000,51.065677,3.711911,1,2144,1,10.100001,1,252.50,1,5.07,1,-127,-3.25,1920.99,7,1
10/29/2018 15:32:56 ,11,1,1.16000,1,2.68000,2.92000,51.065677,3.711911,1,2144,1,10.100001,1,252.50,1,5.07,1,-127,-3.25,1920.99,7,0
10/29/2018 15:32:57 ,11,1,1.16000,1,2.68000,2.92000,51.065677,3.711891,1,3244,1,10.600001,1,253.41,1,5.04,1,123,-0.25,161.48,9,1
10/29/2018 15:32:57 ,11,1,1.16000,1,2.68000,2.92000,51.065677,3.711891,1,3244,1,10.600001,1,253.41,1,5.04,1,123,-0.25,161.48,9,0
10/29/2018 15:32:59 ,11,1,1.16000,1,2.68000,2.92000,51.065677,3.711853,1,3340,1,11.800001,1,252.50,1,4.87,1,123,-0.25,161.48,9,0
10/29/2018 15:33:00 ,11,1,1.16000,1,2.68000,2.92000,51.065677,3.711832,1,222,1,12.300001,1,254.41,1,4.85,1,123,0.50,169.87,9,1
10/29/2018 15:33:01 ,12,1,1.07000,1,2.24000,2.48000,51.065677,3.711813,1,1440,1,12.600001,1,250.25,1,4.67,1,123,0.50,169.87,9,0
10/29/2018 15:33:02 ,12,1,1.07000,1,2.24000,2.48000,51.065677,3.711793,1,10133,1,13.600001,1,251.49,1,5.02,1,124,0.75,161.48,9,1
10/29/2018 15:33:02 ,12,1,1.07000,1,2.24000,2.48000,51.065677,3.711793,1,10133,1,13.600001,1,251.49,1,5.02,1,124,0.75,161.48,9,0
10/29/2018 15:33:04 ,12,1,1.07000,1,2.24000,2.48000,51.065685,3.711749,1,11001,1,15.600001,1,253.30,1,5.11,1,124,0.75,161.48,9,0
10/29/2018 15:33:05 ,12,1,1.07000,1,2.24000,2.48000,51.065685,3.711731,1,1124,1,16.299999,1,252.78,1,4.22,1,122,-3.75,-3430.68,12,1
10/29/2018 15:33:06 ,12,1,1.07000,1,2.24000,2.48000,51.065689,3.711711,1,2201,1,17.000000,1,256.41,1,4.37,1,122,-3.75,-3430.68,12,0
10/29/2018 15:33:07 ,12,1,1.07000,1,2.24000,2.48000,51.065689,3.711690,1,2222,1,17.700000,1,258.51,1,5.24,1,122,-3.75,-3430.68,12,0
10/29/2018 15:33:09 ,12,1,1.07000,1,2.24000,2.48000,51.065689,3.711649,1,2241,1,18.700000,1,255.29,1,4.94,1,122,-3.75,-3430.68,12,0
10/29/2018 15:33:11 ,12,1,1.07000,1,2.24000,2.48000,51.065689,3.711606,1,2323,1,19.600000,1,258.12,1,5.41,1,122,-3.75,-3430.68,12,0
10/29/2018 15:33:13 ,12,1,1.07000,1,2.24000,2.48000,51.065692,3.711563,1,2400,1,20.700000,1,259.46,1,5.56,1,122,-3.75,-3430.68,12,0
10/29/2018 15:33:14 ,12,1,1.07000,1,2.24000,2.48000,51.065692,3.711542,1,2404,1,21.200000,1,259.30,1,5.13,1,122,-4.00,-3486.78,12,1
10/29/2018 15:33:14 ,12,1,1.07000,1,2.24000,2.48000,51.065692,3.711542,1,2404,1,21.200000,1,259.30,1,5.13,1,122,-4.00,-3486.78,12,0
10/29/2018 15:33:16 ,12,1,1.07000,1,2.24000,2.48000,51.065696,3.711500,1,3003,1,22.799999,1,261.80,1,4.74,1,122,-4.00,-3486.78,12,0
10/29/2018 15:33:18 ,12,1,1.07000,1,2.24000,2.48000,51.065696,3.711459,1,3032,1,22.799999,1,260.33,1,5.37,1,122,-4.00,-3486.78,12,0
10/29/2018 15:33:20 ,11,1,2.46000,1,3.52000,4.29000,51.065692,3.711413,1,3103,1,23.200000,1,258.55,1,5.39,1,122,-4.00,-3486.78,12,0
10/29/2018 15:33:22 ,11,1,2.45000,1,3.52000,4.29000,51.065685,3.711369,1,3130,1,23.200000,1,256.93,1,5.48,1,122,-4.00,-3486.78,12,0
10/29/2018 15:33:23 ,11,1,2.45000,1,3.52000,4.29000,51.065681,3.711348,1,4133,1,23.000000,1,259.19,1,5.48,1,124,1.00,-3528.72,12,1
10/29/2018 15:33:23 ,11,1,2.45000,1,3.52000,4.29000,51.065681,3.711348,1,4133,1,23.000000,1,259.19,1,5.48,1,124,1.00,-3528.72,12,0
10/29/2018 15:33:25 ,12,1,1.07000,1,2.23000,2.48000,51.065685,3.711304,1,4230,1,24.299999,1,257.12,1,5.19,1,124,1.00,-3528.72,12,0
10/29/2018 15:33:27 ,12,1,1.07000,1,2.23000,2.48000,51.065673,3.711262,1,4243,1,24.399999,1,258.78,1,5.80,1,124,1.00,-3528.72,12,0
10/29/2018 15:33:29 ,12,1,1.07000,1,2.23000,2.48000,51.065662,3.711219,1,201,1,24.500000,1,255.79,1,5.22,1,-123,2.75,1753.22,7,1
10/29/2018 15:33:29 ,12,1,1.07000,1,2.23000,2.48000,51.065662,3.711219,1,201,1,24.500000,1,255.79,1,5.22,1,-123,2.75,1753.22,7,0
10/29/2018 15:33:30 ,13,1,1.07000,1,2.23000,2.48000,51.065662,3.711197,1,2023,1,24.700000,1,256.88,1,5.17,1,-123,2.75,1753.22,7,0
10/29/2018 15:33:30 ,13,1,1.07000,1,2.23000,2.48000,51.065662,3.711197,1,3410,1,24.700000,1,256.88,1,5.17,1,-126,-2.75,1770.00,7,1
10/29/2018 15:33:31 ,13,1,1.07000,1,2.23000,2.48000,51.065654,3.711175,1,3433,1,24.799999,1,255.01,1,5.32,1,-126,-2.75,1770.00,7,0
10/29/2018 15:33:32 ,12,1,1.07000,1,2.23000,2.48000,51.065650,3.711155,1,124,1,25.000000,1,255.27,1,5.02,1,-124,1.50,1770.00,7,1
