00/00/2000 00:00:00 ,0,0,0.00000,0,0.00000,0.00000,0.000000,0.000000,0,32244002423140,0,0.000000,0,0.00,0,0.00,0,-125,-0.75,1887.44,7,1
10/29/2018 15:32:13 ,12,1,1.21000,1,2.04000,2.37000,51.065204,3.712353,1,11200,1,-3.200000,1,341.12,1,4.54,1,-125,-0.75,1887.44,7,0
10/29/2018 15:32:13 ,12,1,1.21000,1,2.04000,2.37000,51.065204,3.712353,1,20314,1,-3.200000,1,341.12,1,4.54,1,-126,-3.75,1954.55,7,1
10/29/2018 15:32:15 ,12,1,1.21000,1,2.04000,2.37000,51.065235,3.712339,1,2401,1,-2.300000,1,335.44,1,4.91,1,-126,-3.75,1954.55,7,0
10/29/2018 15:32:16 ,12,1,1.21000,1,2.04000,2.37000,51.065250,3.712334,1,22,1,-2.300000,1,337.86,1,4.50,1,-126,-2.50,1920.99,7,1
10/29/2018 15:32:17 ,12,1,1.21000,1,2.04000,2.37000,51.065265,3.712323,1,1244,1,-1.700000,1,338.60,1,4.32,1,-126,-2.50,1920.99,7,0
10/29/2018 15:32:18 ,11,1,2.71000,1,3.93000,4.78000,51.065273,3.712318,1,2212,1,-1.800000,1,338.64,1,4.72,1,123,-0.25,144.70,9,1
10/29/2018 15:32:18 ,11,1,2.71000,1,3.93000,4.78000,51.065273,3.712318,1,2212,1,-1.800000,1,338.64,1,4.72,1,123,-0.25,144.70,9,0
10/29/2018 15:32:20 ,13,1,1.25000,1,2.30000,2.62000,51.065303,3.712309,1,2314,1,-0.800000,1,337.86,1,4.78,1,123,-0.25,144.70,9,0
10/29/2018 15:32:21 ,13,1,1.25000,1,2.30000,2.62000,51.065319,3.712312,1,113,1,-0.800000,1,341.79,1,4.72,1,122,-0.25,148.90,9,1
10/29/2018 15:32:22 ,13,1,1.25000,1,2.30000,2.62000,51.065330,3.712313,1,300,1,-0.800000,1,342.59,1,4.44,1,122,-0.25,148.90,9,0
10/29/2018 15:32:23 ,13,1,1.25000,1,2.30000,2.62000,51.065349,3.712301,1,1403,1,0.100000,1,339.27,1,5.37,1,122,-0.25,148.90,9,0
10/29/2018 15:32:24 ,11,1,2.71000,1,3.93000,4.77000,51.065368,3.712285,1,2444,1,0.800000,1,329.36,1,6.89,1,122,-0.25,148.90,9,0
10/29/2018 15:32:26 ,11,1,2.70000,1,3.93000,4.77000,51.065399,3.712256,1,3022,1,0.500000,1,326.89,1,7.59,1,122,-0.25,148.90,9,0
10/29/2018 15:32:28 ,13,1,1.25000,1,2.30000,2.62000,51.065429,3.712238,1,3031,1,0.700000,1,328.16,1,6.20,1,122,-0.25,-3420.72,9,0
10/29/2018 15:32:28 ,13,1,1.25000,1,2.30000,2.62000,51.065429,3.712238,1,3031,1,0.700000,1,328.16,1,6.20,1,122,-7.50,-3420.72,12,1
10/29/2018 15:32:29 ,11,1,2.70000,1,3.93000,4.77000,51.065444,3.712225,1,3140,1,0.600000,1,330.07,1,6.63,1,122,-7.50,-3420.72,12,0
10/29/2018 15:32:30 ,11,1,2.70000,1,3.92000,4.77000,51.065460,3.712216,1,3212,1,0.500000,1,334.24,1,6.20,1,122,-7.50,-3420.72,12,0
10/29/2018 15:32:32 ,12,1,1.29000,1,2.55000,2.86000,51.065490,3.712206,1,3234,1,1.300000,1,334.29,1,4.63,1,122,-7.50,-3420.72,12,0
10/29/2018 15:32:34 ,11,1,1.55000,1,2.55000,2.99000,51.065517,3.712195,1,3310,1,1.700000,1,329.11,1,5.06,1,122,-7.50,-3420.72,12,0
10/29/2018 15:32:36 ,12,1,1.29000,1,2.55000,2.86000,51.065544,3.712195,1,3334,1,2.200000,1,339.60,1,4.94,1,122,-7.50,-3420.72,12,0
10/29/2018 15:32:37 ,11,1,1.55000,1,2.55000,2.99000,51.065559,3.712187,1,4324,1,2.300000,1,340.61,1,6.19,1,122,-1.25,-3379.30,12,1
10/29/2018 15:32:37 ,11,1,1.55000,1,2.55000,2.99000,51.065559,3.712187,1,4324,1,2.300000,1,340.61,1,6.19,1,122,-1.25,-3379.30,12,0
10/29/2018 15:32:39 ,10,1,2.86000,1,3.94000,4.87000,51.065586,3.712173,1,4431,1,2.100000,1,343.18,1,6.02,1,122,-1.25,-3379.30,12,0
10/29/2018 15:32:41 ,10,1,2.86000,1,3.94000,4.86000,51.065616,3.712166,1,10004,1,2.200000,1,344.28,1,5.35,1,122,-1.25,-3379.30,12,0
10/29/2018 15:32:43 ,12,1,1.29000,1,2.55000,2.86000,51.065643,3.712152,1,10013,1,2.500000,1,346.36,1,4.35,1,122,-1.25,-3379.30,12,0
10/29/2018 15:32:45 ,11,1,1.17000,1,2.68000,2.93000,51.065662,3.712118,1,10043,1,3.300000,1,312.55,1,4.70,1,122,-1.25,-3379.30,12,0
10/29/2018 15:32:46 ,11,1,1.17000,1,2.68000,2.93000,51.065666,3.712102,1,11114,1,4.000000,1,290.13,1,4.09,1,123,-1.00,-3348.89,12,1
10/29/2018 15:32:46 ,11,1,1.17000,1,2.68000,2.93000,51.065666,3.712102,1,11114,1,4.000000,1,290.13,1,4.09,1,123,-1.00,-3348.89,12,0
10/29/2018 15:32:47 ,11,1,1.17000,1,2.68000,2.93000,51.065670,3.712086,1,11343,1,5.200000,1,268.89,1,4.41,1,123,-1.00,-3348.89,12,0
10/29/2018 15:32:48 ,11,1,1.17000,1,2.68000,2.93000,51.065673,3.712065,1,2422,1,5.200000,1,260.66,1,4.85,1,-121,3.00,2004.88,7,1
10/29/2018 15:32:49 ,11,1,2.52000,1,3.90000,4.64000,51.065670,3.712043,1,4131,1,5.900000,1,262.32,1,5.06,1,-121,3.00,2004.88,7,0
10/29/2018 15:32:50 ,11,1,1.17000,1,2.68000,2.92000,51.065673,3.712022,1,321,1,6.500000,1,259.17,1,4.93,1,-125,-2.50,1954.55,7,1
10/29/2018 15:32:51 ,11,1,1.17000,1,2.68000,2.92000,51.065673,3.712007,1,1432,1,7.200000,1,251.82,1,4.07,1,-125,-2.50,1954.55,7,0
