10/29/2018 15:34:17 ,13,1,1.27000,1,2.31000,2.63000,51.065528,3.710280,1,341,1,33.799999,1,250.41,1,4.67,1,-121,3.50,1686.11,7,1
10/29/2018 15:34:18 ,13,1,1.27000,1,2.31000,2.63000,51.065521,3.710258,1,2221,1,32.500000,1,252.37,1,5.20,1,-121,3.50,1686.11,7,0
10/29/2018 15:34:18 ,13,1,1.27000,1,2.31000,2.63000,51.065521,3.710258,1,10101,1,32.500000,1,252.37,1,5.20,1,-124,-4.25,1669.33,7,1
10/29/2018 15:34:19 ,14,1,0.96000,1,1.86000,2.09000,51.065521,3.710237,1,10111,1,32.799999,1,253.80,1,4.94,1,-124,-4.25,1669.33,7,0
10/29/2018 15:34:20 ,14,1,0.96000,1,1.86000,2.09000,51.065521,3.710216,1,10414,1,33.500000,1,253.68,1,5.06,1,-124,-4.25,1669.33,7,0
10/29/2018 15:34:21 ,14,1,0.96000,1,1.86000,2.09000,51.065521,3.710195,1,241,1,33.500000,1,257.03,1,4.94,1,123,-0.25,-98.57,9,1
10/29/2018 15:34:22 ,12,1,1.06000,1,2.22000,2.46000,51.065517,3.710174,1,422,1,31.200000,1,256.67,1,4.67,1,123,-0.25,-98.57,9,0
10/29/2018 15:34:23 ,12,1,1.06000,1,2.22000,2.46000,51.065517,3.710153,1,2032,1,31.899999,1,252.88,1,5.17,1,123,-0.25,-98.57,9,0
10/29/2018 15:34:25 ,13,1,1.06000,1,2.22000,2.46000,51.065509,3.710117,1,2222,1,32.000000,1,248.23,1,4.09,1,123,-0.25,-98.57,9,0
10/29/2018 15:34:27 ,12,1,1.06000,1,2.22000,2.46000,51.065509,3.710072,1,3022,1,33.200000,1,245.91,1,4.93,1,123,-0.25,-98.57,9,0
10/29/2018 15:34:28 ,12,1,1.06000,1,2.22000,2.46000,51.065505,3.710052,1,4,1,33.200000,1,249.06,1,5.11,1,121,-12.75,-3597.40,12,1
10/29/2018 15:34:29 ,12,1,1.06000,1,2.22000,2.46000,51.065502,3.710034,1,124,1,32.400001,1,249.38,1,4.74,1,121,-12.75,-3597.40,12,0
10/29/2018 15:34:30 ,12,1,1.06000,1,2.22000,2.46000,51.065502,3.710015,1,1342,1,33.299999,1,250.77,1,4.74,1,121,-12.75,-3597.40,12,0
10/29/2018 15:34:31 ,12,1,1.06000,1,2.22000,2.46000,51.065502,3.709995,1,2204,1,33.700000,1,253.18,1,4.82,1,121,-12.75,-3597.40,12,0
10/29/2018 15:34:33 ,12,1,1.06000,1,2.22000,2.46000,51.065502,3.709952,1,2234,1,34.400001,1,259.89,1,5.04,1,121,-12.75,-3597.40,12,0
10/29/2018 15:34:35 ,12,1,1.06000,1,2.22000,2.46000,51.065502,3.709909,1,2310,1,34.500000,1,260.22,1,5.33,1,121,-12.75,-3597.40,12,0
10/29/2018 15:34:37 ,12,1,1.06000,1,2.22000,2.46000,51.065498,3.709866,1,233,1,36.099998,1,253.74,1,5.48,1,121,-8.75,-3634.10,12,1
10/29/2018 15:34:37 ,12,1,1.06000,1,2.22000,2.46000,51.065498,3.709866,1,233,1,36.099998,1,253.74,1,5.48,1,121,-8.75,-3634.10,12,0
10/29/2018 15:34:39 ,12,1,1.06000,1,2.22000,2.46000,51.065498,3.709828,1,2213,1,36.500000,1,253.87,1,4.87,1,121,-8.75,-3634.10,12,0
10/29/2018 15:34:41 ,11,1,1.11000,1,2.32000,2.57000,51.065483,3.709782,1,2242,1,32.900001,1,258.42,1,5.43,1,121,-8.75,-3634.10,12,0
10/29/2018 15:34:43 ,11,1,2.37000,1,3.43000,4.17000,51.065475,3.709739,1,2331,1,32.200000,1,252.68,1,5.13,1,121,-8.75,-3634.10,12,0
10/29/2018 15:34:45 ,11,1,2.37000,1,3.43000,4.17000,51.065467,3.709705,1,2400,1,32.000000,1,255.29,1,3.89,1,121,-8.75,-3634.10,12,0
10/29/2018 15:34:46 ,12,1,1.06000,1,2.22000,2.46000,51.065467,3.709699,1,2414,1,32.000000,1,236.90,1,0.89,1,121,-8.75,-3634.10,12,0
10/29/2018 15:34:48 ,12,1,1.06000,1,2.22000,2.46000,51.065464,3.709707,1,3014,1,29.799999,1,183.86,1,1.48,1,121,-8.75,-3634.10,12,0
10/29/2018 15:34:50 ,14,1,0.96000,1,1.85000,2.08000,51.065467,3.709707,1,3040,1,30.000000,1,183.86,1,0.37,1,121,-8.75,-3634.10,12,0
10/29/2018 15:34:51 ,14,1,0.96000,1,1.85000,2.08000,51.065467,3.709707,1,1113,1,29.899999,1,183.86,1,0.61,1,-125,-8.75,1652.56,7,1
10/29/2018 15:34:52 ,14,1,0.96000,1,1.85000,2.08000,51.065467,3.709706,1,2200,1,29.899999,1,176.19,1,0.70,1,-125,-8.75,1652.56,7,0
10/29/2018 15:34:54 ,12,1,2.32000,1,3.37000,4.09000,51.065467,3.709705,1,2044,1,29.600000,1,176.19,1,0.09,1,-122,-9.25,1669.33,183,1
10/29/2018 15:34:54 ,12,1,2.32000,1,3.37000,4.09000,51.065467,3.709705,1,2044,1,29.600000,1,176.19,1,0.09,1,-122,-9.25,1669.33,183,0
