00/00/2000 00:00:00 ,0,0,0.00000,0,0.00000,0.00000,0.000000,0.000000,0,0,0,0.000000,0,0.00,0,0.00,0,-122,-2.75,1971.32,7,1
10/30/2018 13:16:40 ,0,0,0.00000,0,0.00000,0.00000,0.000000,0.000000,0,32244002423140,0,0.000000,0,0.00,0,0.00,0,-120,0.50,-226.49,7,1
10/30/2018 13:16:41 ,0,1,99.99000,1,99.99000,99.99000,0.000000,0.000000,0,32244002423140,0,0.000000,0,0.00,0,0.00,0,-120,0.50,-226.49,7,0
10/30/2018 13:16:41 ,0,1,99.99000,1,99.99000,99.99000,0.000000,0.000000,0,32244002423140,0,0.000000,0,0.00,0,0.00,0,-121,-1.25,-226.49,7,1
10/30/2018 13:16:43 ,0,1,99.99000,1,99.99000,99.99000,0.000000,0.000000,0,32244002423140,0,0.000000,0,0.00,0,0.00,0,-120,1.50,1971.32,7,1
10/30/2018 13:16:43 ,0,1,99.99000,1,99.99000,99.99000,0.000000,0.000000,0,32244002423140,0,0.000000,0,0.00,0,0.00,0,-120,1.50,1971.32,7,0
10/30/2018 13:16:43 ,0,1,99.99000,1,99.99000,99.99000,0.000000,0.000000,0,32244002423140,0,0.000000,0,0.00,0,0.00,0,-117,2.75,-192.94,7,1
10/30/2018 13:16:44 ,0,1,99.99000,1,99.99000,99.99000,0.000000,0.000000,0,32244002423140,0,0.000000,0,0.00,0,0.00,0,-119,2.00,1920.99,7,1
10/30/2018 13:16:44 ,0,1,99.99000,1,99.99000,99.99000,0.000000,0.000000,0,32244002423140,0,0.000000,0,0.00,0,0.00,0,-119,2.00,1920.99,7,0
10/30/2018 13:16:45 ,0,1,99.99000,1,99.99000,99.99000,0.000000,0.000000,0,32244002423140,0,0.000000,0,0.00,0,0.00,0,-115,5.00,-226.49,7,1
10/30/2018 13:16:46 ,0,1,99.99000,1,99.99000,99.99000,0.000000,0.000000,0,32244002423140,0,0.000000,0,0.00,0,0.00,0,-118,3.50,1954.55,7,1
10/30/2018 13:16:46 ,0,1,99.99000,1,99.99000,99.99000,0.000000,0.000000,0,32244002423140,0,0.000000,0,0.00,0,0.00,0,-118,3.50,1954.55,7,0
10/30/2018 13:16:46 ,0,1,99.99000,1,99.99000,99.99000,0.000000,0.000000,0,32244002423140,0,0.000000,0,0.00,0,0.00,0,-119,2.75,-260.05,7,1
10/30/2018 13:16:47 ,0,1,99.99000,1,99.99000,99.99000,0.000000,0.000000,0,32244002423140,0,0.000000,0,0.00,0,0.00,0,-117,3.00,1937.77,7,1
10/30/2018 13:16:47 ,0,1,99.99000,1,99.99000,99.99000,0.000000,0.000000,0,32244002423140,0,0.000000,0,0.00,0,0.00,0,-117,3.00,1937.77,7,0
10/30/2018 13:16:48 ,0,1,99.99000,1,99.99000,99.99000,0.000000,0.000000,0,32244002423140,0,0.000000,0,0.00,0,0.00,0,-118,3.00,-276.82,7,1
10/30/2018 13:16:49 ,0,1,99.99000,1,99.99000,99.99000,0.000000,0.000000,0,32244002423140,0,0.000000,0,0.00,0,0.00,0,-117,4.00,1920.99,7,1
10/30/2018 13:16:49 ,0,1,99.99000,1,99.99000,99.99000,0.000000,0.000000,0,32244002423140,0,0.000000,0,0.00,0,0.00,0,-117,4.00,1920.99,7,0
10/30/2018 13:16:49 ,0,1,99.99000,1,99.99000,99.99000,0.000000,0.000000,0,32244002423140,0,0.000000,0,0.00,0,0.00,0,-117,3.25,-276.82,7,1
10/30/2018 13:16:50 ,0,1,99.99000,1,99.99000,99.99000,0.000000,0.000000,0,32244002423140,0,0.000000,0,0.00,0,0.00,0,-119,2.25,1904.21,7,1
10/30/2018 13:16:50 ,0,1,99.99000,1,99.99000,99.99000,0.000000,0.000000,0,32244002423140,0,0.000000,0,0.00,0,0.00,0,-119,2.25,1904.21,7,0
10/30/2018 13:16:51 ,0,1,99.99000,1,99.99000,99.99000,0.000000,0.000000,0,32244002423140,0,0.000000,0,0.00,0,0.00,0,-117,3.00,-276.82,7,1
10/30/2018 13:16:52 ,0,1,99.99000,1,99.99000,99.99000,0.000000,0.000000,0,32244002423140,0,0.000000,0,0.00,0,0.00,0,-118,2.75,1904.21,7,1
10/30/2018 13:16:52 ,0,1,99.99000,1,99.99000,99.99000,0.000000,0.000000,0,32244002423140,0,0.000000,0,0.00,0,0.00,0,-118,2.75,1904.21,7,0
10/30/2018 13:16:52 ,0,1,99.99000,1,99.99000,99.99000,0.000000,0.000000,0,32244002423140,0,0.000000,0,0.00,0,0.00,0,-119,-0.25,-310.38,7,1
10/30/2018 13:16:53 ,0,1,99.99000,1,99.99000,99.99000,0.000000,0.000000,0,32244002423140,0,0.000000,0,0.00,0,0.00,0,-119,0.00,1904.21,7,1
10/30/2018 13:16:53 ,0,1,99.99000,1,99.99000,99.99000,0.000000,0.000000,0,32244002423140,0,0.000000,0,0.00,0,0.00,0,-119,0.00,1904.21,7,0
10/30/2018 13:16:54 ,0,1,99.99000,1,99.99000,99.99000,0.000000,0.000000,0,32244002423140,0,0.000000,0,0.00,0,0.00,0,-118,0.75,-276.82,7,1
10/30/2018 13:16:55 ,0,1,99.99000,1,99.99000,99.99000,0.000000,0.000000,0,32244002423140,0,0.000000,0,0.00,0,0.00,0,-119,0.50,1887.44,7,1
10/30/2018 13:16:55 ,0,1,99.99000,1,99.99000,99.99000,0.000000,0.000000,0,32244002423140,0,0.000000,0,0.00,0,0.00,0,-119,0.50,1887.44,7,0
10/30/2018 13:16:56 ,0,1,99.99000,1,99.99000,99.99000,0.000000,0.000000,0,32244002423140,0,0.000000,0,0.00,0,0.00,0,-117,2.50,-327.16,7,1
10/30/2018 13:16:57 ,0,1,99.99000,1,99.99000,99.99000,0.000000,0.000000,0,32244002423140,0,0.000000,0,0.00,0,0.00,0,-118,1.00,1870.66,7,1
10/30/2018 13:16:57 ,0,1,99.99000,1,99.99000,99.99000,0.000000,0.000000,0,32244002423140,0,0.000000,0,0.00,0,0.00,0,-118,1.00,1870.66,7,0
10/30/2018 13:16:57 ,0,1,99.99000,1,99.99000,99.99000,0.000000,0.000000,0,32244002423140,0,0.000000,0,0.00,0,0.00,0,-118,2.50,-310.38,7,1
10/30/2018 13:16:58 ,0,1,99.99000,1,99.99000,99.99000,0.000000,0.000000,0,32244002423140,0,0.000000,0,0.00,0,0.00,0,-122,-3.50,1837.11,7,1
10/30/2018 13:16:58 ,0,1,99.99000,1,99.99000,99.99000,0.000000,0.000000,0,32244002423140,0,0.000000,0,0.00,0,0.00,0,-122,-3.50,1837.11,7,0
10/30/2018 13:16:59 ,0,1,99.99000,1,99.99000,99.99000,0.000000,0.000000,0,32244002423140,0,0.000000,0,0.00,0,0.00,0,-122,0.00,-343.93,7,1
10/30/2018 13:17:00 ,0,1,99.99000,1,99.99000,99.99000,0.000000,0.000000,0,32244002423140,0,0.000000,0,0.00,0,0.00,0,-122,-5.25,1837.11,7,1
10/30/2018 13:17:00 ,0,1,99.99000,1,99.99000,99.99000,0.000000,0.000000,0,32244002423140,0,0.000000,0,0.00,0,0.00,0,-122,-5.25,1837.11,7,0
10/30/2018 13:17:00 ,0,1,99.99000,1,99.99000,99.99000,0.000000,0.000000,0,32244002423140,0,0.000000,0,0.00,0,0.00,0,-121,-6.00,-243.27,7,1
10/30/2018 13:17:01 ,0,1,99.99000,1,99.99000,99.99000,0.000000,0.000000,0,32244002423140,0,0.000000,0,0.00,0,0.00,0,-120,0.00,1870.66,7,1
10/30/2018 13:17:01 ,0,1,99.99000,1,99.99000,99.99000,0.000000,0.000000,0,32244002423140,0,0.000000,0,0.00,0,0.00,0,-120,0.00,1870.66,7,0
10/30/2018 13:17:02 ,0,1,99.99000,1,99.99000,99.99000,0.000000,0.000000,0,32244002423140,0,0.000000,0,0.00,0,0.00,0,-123,-7.25,-327.16,7,1
10/30/2018 13:17:03 ,0,1,99.99000,1,99.99000,99.99000,0.000000,0.000000,0,32244002423140,0,0.000000,0,0.00,0,0.00,0,-121,-3.25,1786.77,7,1
10/30/2018 13:17:03 ,0,1,99.99000,1,99.99000,99.99000,0.000000,0.000000,0,32244002423140,0,0.000000,0,0.00,0,0.00,0,-121,-3.25,1786.77,7,0
10/30/2018 13:17:04 ,0,1,99.99000,1,99.99000,99.99000,0.000000,0.000000,0,32244002423140,0,0.000000,0,0.00,0,0.00,0,-121,-3.25,1786.77,7,0
10/30/2018 13:17:04 ,0,1,99.99000,1,99.99000,99.99000,0.000000,0.000000,0,32244002423140,0,0.000000,0,0.00,0,0.00,0,-121,-2.25,1853.88,7,1
10/30/2018 13:17:05 ,0,1,99.99000,1,99.99000,99.99000,0.000000,0.000000,0,32244002423140,0,0.000000,0,0.00,0,0.00,0,-120,-3.50,-411.04,7,1
10/30/2018 13:17:05 ,0,1,99.99000,1,99.99000,99.99000,0.000000,0.000000,0,32244002423140,0,0.000000,0,0.00,0,0.00,0,-120,-3.50,-411.04,7,0
10/30/2018 13:17:06 ,0,1,99.99000,1,99.99000,99.99000,0.000000,0.000000,0,32244002423140,0,0.000000,0,0.00,0,0.00,0,-117,-1.75,1837.11,7,1
10/30/2018 13:17:06 ,0,1,99.99000,1,99.99000,99.99000,0.000000,0.000000,0,32244002423140,0,0.000000,0,0.00,0,0.00,0,-117,-1.75,1837.11,7,0
10/30/2018 13:17:06 ,0,1,99.99000,1,99.99000,99.99000,0.000000,0.000000,0,32244002423140,0,0.000000,0,0.00,0,0.00,0,-121,0.50,-360.71,7,1
10/30/2018 13:17:07 ,0,1,99.99000,1,99.99000,99.99000,0.000000,0.000000,0,32244002423140,0,0.000000,0,0.00,0,0.00,0,-119,0.25,1837.11,7,1
10/30/2018 13:17:07 ,0,1,99.99000,1,99.99000,99.99000,0.000000,0.000000,0,32244002423140,0,0.000000,0,0.00,0,0.00,0,-119,0.25,1837.11,7,0
10/30/2018 13:17:08 ,0,1,99.99000,1,99.99000,99.99000,0.000000,0.000000,0,32244002423140,0,0.000000,0,0.00,0,0.00,0,-116,-2.50,-377.49,7,1
10/30/2018 13:17:09 ,0,1,99.99000,1,99.99000,99.99000,0.000000,0.000000,0,32244002423140,0,0.000000,0,0.00,0,0.00,0,-122,-1.50,1786.77,7,1
10/30/2018 13:17:09 ,0,1,99.99000,1,99.99000,99.99000,0.000000,0.000000,0,32244002423140,0,0.000000,0,0.00,0,0.00,0,-122,-1.50,1786.77,7,0
10/30/2018 13:17:10 ,0,1,99.99000,1,99.99000,99.99000,0.000000,0.000000,0,32244002423140,0,0.000000,0,0.00,0,0.00,0,-120,-9.00,-427.82,7,1
10/30/2018 13:17:11 ,0,1,99.99000,1,99.99000,99.99000,0.000000,0.000000,0,32244002423140,0,0.000000,0,0.00,0,0.00,0,-122,-5.25,1853.88,7,1
10/30/2018 13:17:11 ,0,1,99.99000,1,99.99000,99.99000,0.000000,0.000000,0,32244002423140,0,0.000000,0,0.00,0,0.00,0,-122,-5.25,1853.88,7,0
10/30/2018 13:17:12 ,0,1,99.99000,1,99.99000,99.99000,0.000000,0.000000,0,32244002423140,0,0.000000,0,0.00,0,0.00,0,-122,-5.25,1853.88,7,0
10/30/2018 13:17:12 ,0,1,99.99000,1,99.99000,99.99000,0.000000,0.000000,0,32244002423140,0,0.000000,0,0.00,0,0.00,0,-121,-8.25,1937.77,7,1
10/30/2018 13:17:13 ,0,1,99.99000,1,99.99000,99.99000,0.000000,0.000000,0,32244002423140,0,0.000000,0,0.00,0,0.00,0,-118,0.75,-377.49,7,1
10/30/2018 13:17:14 ,0,1,99.99000,1,99.99000,99.99000,0.000000,0.000000,0,32244002423140,0,0.000000,0,0.00,0,0.00,0,-118,-0.25,1803.55,7,1
10/30/2018 13:17:14 ,0,1,99.99000,1,99.99000,99.99000,0.000000,0.000000,0,32244002423140,0,0.000000,0,0.00,0,0.00,0,-118,-0.25,1803.55,7,0
10/30/2018 13:17:14 ,0,1,99.99000,1,99.99000,99.99000,0.000000,0.000000,0,32244002423140,0,0.000000,0,0.00,0,0.00,0,-120,-5.75,-394.26,7,1
10/30/2018 13:17:15 ,0,1,99.99000,1,99.99000,99.99000,0.000000,0.000000,0,32244002423140,0,0.000000,0,0.00,0,0.00,0,-121,-1.75,1786.77,7,1
10/30/2018 13:17:15 ,0,1,99.99000,1,99.99000,99.99000,0.000000,0.000000,0,32244002423140,0,0.000000,0,0.00,0,0.00,0,-121,-1.75,1786.77,7,0
10/30/2018 13:17:16 ,0,1,99.99000,1,99.99000,99.99000,0.000000,0.000000,0,32244002423140,0,0.000000,0,0.00,0,0.00,0,-123,-7.00,-343.93,7,1
10/30/2018 13:17:17 ,0,1,99.99000,1,99.99000,99.99000,0.000000,0.000000,0,32244002423140,0,0.000000,0,0.00,0,0.00,0,-124,-8.00,1702.89,7,1
10/30/2018 13:17:17 ,0,1,99.99000,1,99.99000,99.99000,0.000000,0.000000,0,32244002423140,0,0.000000,0,0.00,0,0.00,0,-124,-8.00,1702.89,7,0
10/30/2018 13:17:17 ,0,1,99.99000,1,99.99000,99.99000,0.000000,0.000000,0,32244002423140,0,0.000000,0,0.00,0,0.00,0,-120,1.00,-411.04,7,1
10/30/2018 13:17:18 ,0,1,99.99000,1,99.99000,99.99000,0.000000,0.000000,0,32244002423140,0,0.000000,0,0.00,0,0.00,0,-120,-2.50,1803.55,7,1
10/30/2018 13:17:18 ,0,1,99.99000,1,99.99000,99.99000,0.000000,0.000000,0,32244002423140,0,0.000000,0,0.00,0,0.00,0,-120,-2.50,1803.55,7,0
10/30/2018 13:17:19 ,0,1,99.99000,1,99.99000,99.99000,0.000000,0.000000,0,32244002423140,0,0.000000,0,0.00,0,0.00,0,-123,-6.00,-411.04,7,1
10/30/2018 13:17:20 ,0,1,99.99000,1,99.99000,99.99000,0.000000,0.000000,0,32244002423140,0,0.000000,0,0.00,0,0.00,0,-120,-3.50,1837.11,7,1
10/30/2018 13:17:20 ,0,1,99.99000,1,99.99000,99.99000,0.000000,0.000000,0,32244002423140,0,0.000000,0,0.00,0,0.00,0,-120,-3.50,1837.11,7,0
10/30/2018 13:17:20 ,0,1,99.99000,1,99.99000,99.99000,0.000000,0.000000,0,32244002423140,0,0.000000,0,0.00,0,0.00,0,-117,3.50,-411.04,7,1
10/30/2018 13:17:21 ,0,1,99.99000,1,99.99000,99.99000,0.000000,0.000000,0,32244002423140,0,0.000000,0,0.00,0,0.00,0,-123,-7.00,1719.66,7,1
10/30/2018 13:17:21 ,0,1,99.99000,1,99.99000,99.99000,0.000000,0.000000,0,32244002423140,0,0.000000,0,0.00,0,0.00,0,-123,-7.00,1719.66,7,0
10/30/2018 13:17:22 ,0,1,99.99000,1,99.99000,99.99000,0.000000,0.000000,0,32244002423140,0,0.000000,0,0.00,0,0.00,0,-120,-0.25,-411.04,7,1
10/30/2018 13:17:23 ,0,1,99.99000,1,99.99000,99.99000,0.000000,0.000000,0,32244002423140,0,0.000000,0,0.00,0,0.00,0,-123,-6.75,1770.00,7,1
10/30/2018 13:17:23 ,0,1,99.99000,1,99.99000,99.99000,0.000000,0.000000,0,32244002423140,0,0.000000,0,0.00,0,0.00,0,-123,-6.75,1770.00,7,0
10/30/2018 13:17:23 ,0,1,99.99000,1,99.99000,99.99000,0.000000,0.000000,0,32244002423140,0,0.000000,0,0.00,0,0.00,0,-123,-1.00,-394.26,7,1
10/30/2018 13:17:25 ,0,1,99.99000,1,99.99000,99.99000,0.000000,0.000000,0,32244002423140,0,0.000000,0,0.00,0,0.00,0,-121,1.00,1736.44,7,1
10/30/2018 13:17:25 ,0,1,99.99000,1,99.99000,99.99000,0.000000,0.000000,0,32244002423140,0,0.000000,0,0.00,0,0.00,0,-121,1.00,1736.44,7,0
10/30/2018 13:17:25 ,0,1,99.99000,1,99.99000,99.99000,0.000000,0.000000,0,32244002423140,0,0.000000,0,0.00,0,0.00,0,-121,0.25,-377.49,7,1
10/30/2018 13:17:26 ,0,1,99.99000,1,99.99000,99.99000,0.000000,0.000000,0,32244002423140,0,0.000000,0,0.00,0,0.00,0,-120,0.00,1770.00,7,1
10/30/2018 13:17:26 ,0,1,99.99000,1,99.99000,99.99000,0.000000,0.000000,0,32244002423140,0,0.000000,0,0.00,0,0.00,0,-120,0.00,1770.00,7,0
10/30/2018 13:17:27 ,0,1,99.99000,1,99.99000,99.99000,0.000000,0.000000,0,32244002423140,0,0.000000,0,0.00,0,0.00,0,-117,3.25,-427.82,7,1
10/30/2018 13:17:28 ,0,1,99.99000,1,99.99000,99.99000,0.000000,0.000000,0,32244002423140,0,0.000000,0,0.00,0,0.00,0,-118,1.50,1736.44,7,1
10/30/2018 13:17:28 ,0,1,99.99000,1,99.99000,99.99000,0.000000,0.000000,0,32244002423140,0,0.000000,0,0.00,0,0.00,0,-118,1.50,1736.44,7,0
10/30/2018 13:17:28 ,0,1,99.99000,1,99.99000,99.99000,0.000000,0.000000,0,32244002423140,0,0.000000,0,0.00,0,0.00,0,-121,0.25,-444.60,7,1
10/30/2018 13:17:29 ,0,1,99.99000,1,99.99000,99.99000,0.000000,0.000000,0,32244002423140,0,0.000000,0,0.00,0,0.00,0,-120,3.25,1753.22,7,1
10/30/2018 13:17:29 ,0,1,99.99000,1,99.99000,99.99000,0.000000,0.000000,0,32244002423140,0,0.000000,0,0.00,0,0.00,0,-120,3.25,1753.22,7,0
10/30/2018 13:17:31 ,0,1,99.99000,1,99.99000,99.99000,0.000000,0.000000,0,32244002423140,0,0.000000,0,0.00,0,0.00,0,-118,-1.00,1719.66,7,1
10/30/2018 13:17:31 ,0,1,99.99000,1,99.99000,99.99000,0.000000,0.000000,0,32244002423140,0,0.000000,0,0.00,0,0.00,0,-118,-1.00,1719.66,7,0
10/30/2018 13:17:31 ,0,1,99.99000,1,99.99000,99.99000,0.000000,0.000000,0,32244002423140,0,0.000000,0,0.00,0,0.00,0,-125,-6.25,-427.82,7,1
10/30/2018 13:17:32 ,0,1,99.99000,1,99.99000,99.99000,0.000000,0.000000,0,32244002423140,0,0.000000,0,0.00,0,0.00,0,-121,2.50,1736.44,7,1
10/30/2018 13:17:32 ,0,1,99.99000,1,99.99000,99.99000,0.000000,0.000000,0,32244002423140,0,0.000000,0,0.00,0,0.00,0,-121,2.50,1736.44,7,0
10/30/2018 13:17:33 ,0,1,99.99000,1,99.99000,99.99000,0.000000,0.000000,0,32244002423140,0,0.000000,0,0.00,0,0.00,0,-123,-3.00,-444.60,7,1
10/30/2018 13:17:34 ,0,1,99.99000,1,99.99000,99.99000,0.000000,0.000000,0,32244002423140,0,0.000000,0,0.00,0,0.00,0,-120,3.25,1719.66,7,1
10/30/2018 13:17:34 ,0,1,99.99000,1,99.99000,99.99000,0.000000,0.000000,0,32244002423140,0,0.000000,0,0.00,0,0.00,0,-120,3.25,1719.66,7,0
10/30/2018 13:17:34 ,0,1,99.99000,1,99.99000,99.99000,0.000000,0.000000,0,32244002423140,0,0.000000,0,0.00,0,0.00,0,-124,-3.25,-461.37,7,1
10/30/2018 13:17:35 ,0,1,99.99000,1,99.99000,99.99000,0.000000,0.000000,0,32244002423140,0,0.000000,0,0.00,0,0.00,0,-121,1.75,1736.44,7,1
10/30/2018 13:17:35 ,0,1,99.99000,1,99.99000,99.99000,0.000000,0.000000,0,32244002423140,0,0.000000,0,0.00,0,0.00,0,-121,1.75,1736.44,7,0
10/30/2018 13:17:36 ,0,1,99.99000,1,99.99000,99.99000,0.000000,0.000000,0,32244002423140,0,0.000000,0,0.00,0,0.00,0,-120,3.00,-444.60,7,1
10/30/2018 13:17:37 ,0,1,99.99000,1,99.99000,99.99000,0.000000,0.000000,0,32244002423140,0,0.000000,0,0.00,0,0.00,0,-119,3.75,1736.44,7,1
10/30/2018 13:17:37 ,0,1,99.99000,1,99.99000,99.99000,0.000000,0.000000,0,32244002423140,0,0.000000,0,0.00,0,0.00,0,-119,3.75,1736.44,7,0
10/30/2018 13:17:38 ,0,1,99.99000,1,99.99000,99.99000,0.000000,0.000000,0,32244002423140,0,0.000000,0,0.00,0,0.00,0,-115,5.50,-461.37,7,1
10/30/2018 13:17:39 ,0,1,99.99000,1,99.99000,99.99000,0.000000,0.000000,0,32244002423140,0,0.000000,0,0.00,0,0.00,0,-126,-5.50,1736.44,7,1
10/30/2018 13:17:39 ,0,1,99.99000,1,99.99000,99.99000,0.000000,0.000000,0,32244002423140,0,0.000000,0,0.00,0,0.00,0,-126,-5.50,1736.44,7,0
10/30/2018 13:17:39 ,0,1,99.99000,1,99.99000,99.99000,0.000000,0.000000,0,32244002423140,0,0.000000,0,0.00,0,0.00,0,-116,5.25,-444.60,7,1
10/30/2018 13:17:40 ,0,1,99.99000,1,99.99000,99.99000,0.000000,0.000000,0,32244002423140,0,0.000000,0,0.00,0,0.00,0,-119,4.50,1702.89,7,1
10/30/2018 13:17:40 ,0,1,99.99000,1,99.99000,99.99000,0.000000,0.000000,0,32244002423140,0,0.000000,0,0.00,0,0.00,0,-119,4.50,1702.89,7,0
10/30/2018 13:17:41 ,0,1,99.99000,1,99.99000,99.99000,0.000000,0.000000,0,32244002423140,0,0.000000,0,0.00,0,0.00,0,-119,4.00,-461.37,7,1
10/30/2018 13:17:41 ,0,1,99.99000,1,99.99000,99.99000,0.000000,0.000000,0,32244002423140,0,0.000000,0,0.00,0,0.00,0,-120,3.25,1702.89,7,1
10/30/2018 13:17:41 ,0,1,99.99000,1,99.99000,99.99000,0.000000,0.000000,0,32244002423140,0,0.000000,0,0.00,0,0.00,0,-120,3.25,1702.89,7,0
10/30/2018 13:17:42 ,0,1,99.99000,1,99.99000,99.99000,0.000000,0.000000,0,32244002423140,0,0.000000,0,0.00,0,0.00,0,-111,-0.75,-461.37,7,1
10/30/2018 13:17:43 ,0,1,99.99000,1,99.99000,99.99000,0.000000,0.000000,0,32244002423140,0,0.000000,0,0.00,0,0.00,0,-122,1.50,1702.89,7,1
10/30/2018 13:17:43 ,0,1,99.99000,1,99.99000,99.99000,0.000000,0.000000,0,32244002423140,0,0.000000,0,0.00,0,0.00,0,-122,1.50,1702.89,7,0
10/30/2018 13:17:44 ,0,1,99.99000,1,99.99000,99.99000,0.000000,0.000000,0,32244002423140,0,0.000000,0,0.00,0,0.00,0,-113,6.00,-461.37,7,1
10/30/2018 13:17:45 ,0,1,99.99000,1,99.99000,99.99000,0.000000,0.000000,0,32244002423140,0,0.000000,0,0.00,0,0.00,0,-116,5.25,1702.89,7,1
10/30/2018 13:17:45 ,0,1,99.99000,1,99.99000,99.99000,0.000000,0.000000,0,32244002423140,0,0.000000,0,0.00,0,0.00,0,-116,5.25,1702.89,7,0
10/30/2018 13:17:45 ,0,1,99.99000,1,99.99000,99.99000,0.000000,0.000000,0,32244002423140,0,0.000000,0,0.00,0,0.00,0,-115,5.25,-461.37,7,1
10/30/2018 13:17:46 ,0,1,99.99000,1,99.99000,99.99000,0.000000,0.000000,0,32244002423140,0,0.000000,0,0.00,0,0.00,0,-111,6.25,1719.66,7,1
10/30/2018 13:17:46 ,0,1,99.99000,1,99.99000,99.99000,0.000000,0.000000,0,32244002423140,0,0.000000,0,0.00,0,0.00,0,-111,6.25,1719.66,7,0
10/30/2018 13:17:47 ,0,1,99.99000,1,99.99000,99.99000,0.000000,0.000000,0,32244002423140,0,0.000000,0,0.00,0,0.00,0,-114,5.75,-461.37,7,1
10/30/2018 13:17:48 ,0,1,99.99000,1,99.99000,99.99000,0.000000,0.000000,0,32244002423140,0,0.000000,0,0.00,0,0.00,0,-116,2.50,1719.66,7,1
10/30/2018 13:17:48 ,0,1,99.99000,1,99.99000,99.99000,0.000000,0.000000,0,32244002423140,0,0.000000,0,0.00,0,0.00,0,-116,2.50,1719.66,7,0
10/30/2018 13:17:48 ,0,1,99.99000,1,99.99000,99.99000,0.000000,0.000000,0,32244002423140,0,0.000000,0,0.00,0,0.00,0,-109,6.25,-461.37,7,1
10/30/2018 13:17:49 ,0,1,99.99000,1,99.99000,99.99000,0.000000,0.000000,0,32244002423140,0,0.000000,0,0.00,0,0.00,0,-113,6.00,1702.89,7,1
10/30/2018 13:17:49 ,0,1,99.99000,1,99.99000,99.99000,0.000000,0.000000,0,32244002423140,0,0.000000,0,0.00,0,0.00,0,-113,6.00,1702.89,7,0
10/30/2018 13:17:50 ,0,1,99.99000,1,99.99000,99.99000,0.000000,0.000000,0,32244002423140,0,0.000000,0,0.00,0,0.00,0,-124,-2.25,-461.37,7,1
10/30/2018 13:17:51 ,0,1,99.99000,1,99.99000,99.99000,0.000000,0.000000,0,32244002423140,0,0.000000,0,0.00,0,0.00,0,-116,5.50,1702.89,7,1
10/30/2018 13:17:51 ,0,1,99.99000,1,99.99000,99.99000,0.000000,0.000000,0,32244002423140,0,0.000000,0,0.00,0,0.00,0,-116,5.50,1702.89,7,0
10/30/2018 13:17:52 ,0,1,99.99000,1,99.99000,99.99000,0.000000,0.000000,0,32244002423140,0,0.000000,0,0.00,0,0.00,0,-112,-2.25,-461.37,7,1
10/30/2018 13:17:53 ,0,1,99.99000,1,99.99000,99.99000,0.000000,0.000000,0,32244002423140,0,0.000000,0,0.00,0,0.00,0,-116,6.00,1686.11,7,1
10/30/2018 13:17:53 ,0,1,99.99000,1,99.99000,99.99000,0.000000,0.000000,0,32244002423140,0,0.000000,0,0.00,0,0.00,0,-116,6.00,1686.11,7,0
10/30/2018 13:17:53 ,0,1,99.99000,1,99.99000,99.99000,0.000000,0.000000,0,32244002423140,0,0.000000,0,0.00,0,0.00,0,-112,6.00,-478.15,7,1
10/30/2018 13:17:54 ,0,1,99.99000,1,99.99000,99.99000,0.000000,0.000000,0,32244002423140,0,0.000000,0,0.00,0,0.00,0,-116,5.25,1702.89,7,1
10/30/2018 13:17:54 ,0,1,99.99000,1,99.99000,99.99000,0.000000,0.000000,0,32244002423140,0,0.000000,0,0.00,0,0.00,0,-116,5.25,1702.89,7,0
10/30/2018 13:17:55 ,0,1,99.99000,1,99.99000,99.99000,0.000000,0.000000,0,32244002423140,0,0.000000,0,0.00,0,0.00,0,-107,6.25,-461.37,7,1
10/30/2018 13:17:56 ,0,1,99.99000,1,99.99000,99.99000,0.000000,0.000000,0,32244002423140,0,0.000000,0,0.00,0,0.00,0,-109,6.75,1686.11,7,1
10/30/2018 13:17:56 ,0,1,99.99000,1,99.99000,99.99000,0.000000,0.000000,0,32244002423140,0,0.000000,0,0.00,0,0.00,0,-109,6.75,1686.11,7,0
10/30/2018 13:17:56 ,0,1,99.99000,1,99.99000,99.99000,0.000000,0.000000,0,32244002423140,0,0.000000,0,0.00,0,0.00,0,-108,6.50,-461.37,7,1
10/30/2018 13:17:57 ,0,1,99.99000,1,99.99000,99.99000,0.000000,0.000000,0,32244002423140,0,0.000000,0,0.00,0,0.00,0,-110,5.25,1686.11,7,1
10/30/2018 13:17:57 ,0,1,99.99000,1,99.99000,99.99000,0.000000,0.000000,0,32244002423140,0,0.000000,0,0.00,0,0.00,0,-110,5.25,1686.11,7,0
10/30/2018 13:17:58 ,0,1,99.99000,1,99.99000,99.99000,0.000000,0.000000,0,32244002423140,0,0.000000,0,0.00,0,0.00,0,-111,6.25,-461.37,7,1
10/30/2018 13:17:59 ,0,1,99.99000,1,99.99000,99.99000,0.000000,0.000000,0,32244002423140,0,0.000000,0,0.00,0,0.00,0,-113,6.00,1686.11,7,1
10/30/2018 13:17:59 ,0,1,99.99000,1,99.99000,99.99000,0.000000,0.000000,0,32244002423140,0,0.000000,0,0.00,0,0.00,0,-113,6.00,1686.11,7,0
10/30/2018 13:17:59 ,0,1,99.99000,1,99.99000,99.99000,0.000000,0.000000,0,32244002423140,0,0.000000,0,0.00,0,0.00,0,-117,5.00,-478.15,7,1
10/30/2018 13:18:00 ,0,1,99.99000,1,99.99000,99.99000,0.000000,0.000000,0,32244002423140,0,0.000000,0,0.00,0,0.00,0,-111,6.00,1702.89,7,1
10/30/2018 13:18:00 ,0,1,99.99000,1,99.99000,99.99000,0.000000,0.000000,0,32244002423140,0,0.000000,0,0.00,0,0.00,0,-111,6.00,1702.89,7,0
10/30/2018 13:18:01 ,0,1,99.99000,1,99.99000,99.99000,0.000000,0.000000,0,32244002423140,0,0.000000,0,0.00,0,0.00,0,-107,-1.00,-511.71,7,1
10/30/2018 13:18:02 ,0,1,99.99000,1,99.99000,99.99000,0.000000,0.000000,0,32244002423140,0,0.000000,0,0.00,0,0.00,0,-112,6.50,1686.11,7,1
10/30/2018 13:18:02 ,0,1,99.99000,1,99.99000,99.99000,0.000000,0.000000,0,32244002423140,0,0.000000,0,0.00,0,0.00,0,-112,6.50,1686.11,7,0
10/30/2018 13:18:02 ,0,1,99.99000,1,99.99000,99.99000,0.000000,0.000000,0,32244002423140,0,0.000000,0,0.00,0,0.00,0,-113,6.50,-461.37,7,1
10/30/2018 13:18:03 ,0,1,99.99000,1,99.99000,99.99000,0.000000,0.000000,0,32244002423140,0,0.000000,0,0.00,0,0.00,0,-109,6.50,1686.11,7,1
10/30/2018 13:18:03 ,0,1,99.99000,1,99.99000,99.99000,0.000000,0.000000,0,32244002423140,0,0.000000,0,0.00,0,0.00,0,-109,6.50,1686.11,7,0
10/30/2018 13:18:04 ,0,1,99.99000,1,99.99000,99.99000,0.000000,0.000000,0,32244002423140,0,0.000000,0,0.00,0,0.00,0,-108,6.50,-478.15,7,1
10/30/2018 13:18:05 ,0,1,99.99000,1,99.99000,99.99000,0.000000,0.000000,0,32244002423140,0,0.000000,0,0.00,0,0.00,0,-111,6.50,1686.11,7,1
10/30/2018 13:18:05 ,0,1,99.99000,1,99.99000,99.99000,0.000000,0.000000,0,32244002423140,0,0.000000,0,0.00,0,0.00,0,-111,6.50,1686.11,7,0
10/30/2018 13:18:05 ,0,1,99.99000,1,99.99000,99.99000,0.000000,0.000000,0,32244002423140,0,0.000000,0,0.00,0,0.00,0,-115,5.25,-461.37,7,1
10/30/2018 13:18:06 ,0,1,99.99000,1,99.99000,99.99000,0.000000,0.000000,0,32244002423140,0,0.000000,0,0.00,0,0.00,0,-110,6.25,1686.11,7,1
10/30/2018 13:18:06 ,0,1,99.99000,1,99.99000,99.99000,0.000000,0.000000,0,32244002423140,0,0.000000,0,0.00,0,0.00,0,-110,6.25,1686.11,7,0
10/30/2018 13:18:07 ,0,1,99.99000,1,99.99000,99.99000,0.000000,0.000000,0,32244002423140,0,0.000000,0,0.00,0,0.00,0,-113,5.75,-478.15,7,1
10/30/2018 13:18:08 ,0,1,99.99000,1,99.99000,99.99000,0.000000,0.000000,0,32244002423140,0,0.000000,0,0.00,0,0.00,0,-111,6.25,1686.11,7,1
10/30/2018 13:18:08 ,0,1,99.99000,1,99.99000,99.99000,0.000000,0.000000,0,32244002423140,0,0.000000,0,0.00,0,0.00,0,-111,6.25,1686.11,7,0
10/30/2018 13:18:09 ,0,1,99.99000,1,99.99000,99.99000,0.000000,0.000000,0,32244002423140,0,0.000000,0,0.00,0,0.00,0,-111,6.25,-478.15,7,1
10/30/2018 13:18:10 ,0,1,99.99000,1,99.99000,99.99000,0.000000,0.000000,0,32244002423140,0,0.000000,0,0.00,0,0.00,0,-105,6.25,1686.11,7,1
10/30/2018 13:18:10 ,0,1,99.99000,1,99.99000,99.99000,0.000000,0.000000,0,32244002423140,0,0.000000,0,0.00,0,0.00,0,-105,6.25,1686.11,7,0
10/30/2018 13:18:10 ,0,1,99.99000,1,99.99000,99.99000,0.000000,0.000000,0,32244002423140,0,0.000000,0,0.00,0,0.00,0,-103,0.75,-494.93,7,1
10/30/2018 13:18:11 ,0,1,99.99000,1,99.99000,99.99000,0.000000,0.000000,0,32244002423140,0,0.000000,0,0.00,0,0.00,0,-104,5.75,1686.11,7,1
10/30/2018 13:18:11 ,0,1,99.99000,1,99.99000,99.99000,0.000000,0.000000,0,32244002423140,0,0.000000,0,0.00,0,0.00,0,-104,5.75,1686.11,7,0
10/30/2018 13:18:12 ,0,1,99.99000,1,99.99000,99.99000,0.000000,0.000000,0,32244002423140,0,0.000000,0,0.00,0,0.00,0,-109,6.50,-461.37,7,1
10/30/2018 13:18:13 ,0,1,99.99000,1,99.99000,99.99000,0.000000,0.000000,0,32244002423140,0,0.000000,0,0.00,0,0.00,0,-101,3.00,2071.99,7,1
10/30/2018 13:18:13 ,0,1,99.99000,1,99.99000,99.99000,0.000000,0.000000,0,32244002423140,0,0.000000,0,0.00,0,0.00,0,-101,3.00,2071.99,7,0
10/30/2018 13:18:13 ,0,1,99.99000,1,99.99000,99.99000,0.000000,0.000000,0,32244002423140,0,0.000000,0,0.00,0,0.00,0,-111,6.00,-461.37,7,1
10/30/2018 13:18:14 ,0,1,99.99000,1,99.99000,99.99000,0.000000,0.000000,0,32244002423140,0,0.000000,0,0.00,0,0.00,0,-106,3.75,2071.99,7,1
10/30/2018 13:18:14 ,0,1,99.99000,1,99.99000,99.99000,0.000000,0.000000,0,32244002423140,0,0.000000,0,0.00,0,0.00,0,-106,3.75,2071.99,7,0
10/30/2018 13:18:15 ,0,1,99.99000,1,99.99000,99.99000,0.000000,0.000000,0,32244002423140,0,0.000000,0,0.00,0,0.00,0,-122,-1.25,-461.37,7,1
10/30/2018 13:18:16 ,0,1,99.99000,1,99.99000,99.99000,0.000000,0.000000,0,32244002423140,0,0.000000,0,0.00,0,0.00,0,-109,6.50,1686.11,7,1
10/30/2018 13:18:16 ,0,1,99.99000,1,99.99000,99.99000,0.000000,0.000000,0,32244002423140,0,0.000000,0,0.00,0,0.00,0,-109,6.50,1686.11,7,0
10/30/2018 13:18:16 ,0,1,99.99000,1,99.99000,99.99000,0.000000,0.000000,0,32244002423140,0,0.000000,0,0.00,0,0.00,0,-113,5.75,-478.15,7,1
10/30/2018 13:18:17 ,0,1,99.99000,1,99.99000,99.99000,0.000000,0.000000,0,32244002423140,0,0.000000,0,0.00,0,0.00,0,-121,3.75,1702.89,7,1
10/30/2018 13:18:17 ,0,1,99.99000,1,99.99000,99.99000,0.000000,0.000000,0,32244002423140,0,0.000000,0,0.00,0,0.00,0,-121,3.75,1702.89,7,0
10/30/2018 13:18:18 ,0,1,99.99000,1,99.99000,99.99000,0.000000,0.000000,0,32244002423140,0,0.000000,0,0.00,0,0.00,0,-106,6.25,-461.37,7,1
10/30/2018 13:18:19 ,0,1,99.99000,1,99.99000,99.99000,0.000000,0.000000,0,32244002423140,0,0.000000,0,0.00,0,0.00,0,-101,6.00,1686.11,7,1
10/30/2018 13:18:19 ,0,1,99.99000,1,99.99000,99.99000,0.000000,0.000000,0,32244002423140,0,0.000000,0,0.00,0,0.00,0,-101,6.00,1686.11,7,0
10/30/2018 13:18:20 ,0,1,99.99000,1,99.99000,99.99000,0.000000,0.000000,0,32244002423140,0,0.000000,0,0.00,0,0.00,0,-99,-3.75,-478.15,7,1
10/30/2018 13:18:20 ,0,1,99.99000,1,99.99000,99.99000,0.000000,0.000000,0,32244002423140,0,0.000000,0,0.00,0,0.00,0,-108,6.50,1686.11,7,1
10/30/2018 13:18:20 ,0,1,99.99000,1,99.99000,99.99000,0.000000,0.000000,0,32244002423140,0,0.000000,0,0.00,0,0.00,0,-108,6.50,1686.11,7,0
10/30/2018 13:18:21 ,0,1,99.99000,1,99.99000,99.99000,0.000000,0.000000,0,32244002423140,0,0.000000,0,0.00,0,0.00,0,-110,6.00,-478.15,7,1
10/30/2018 13:18:22 ,0,1,99.99000,1,99.99000,99.99000,0.000000,0.000000,0,32244002423140,0,0.000000,0,0.00,0,0.00,0,-108,6.50,1686.11,7,1
10/30/2018 13:18:22 ,0,1,99.99000,1,99.99000,99.99000,0.000000,0.000000,0,32244002423140,0,0.000000,0,0.00,0,0.00,0,-108,6.50,1686.11,7,0
10/30/2018 13:18:23 ,0,1,99.99000,1,99.99000,99.99000,0.000000,0.000000,0,32244002423140,0,0.000000,0,0.00,0,0.00,0,-102,6.00,-478.15,7,1
10/30/2018 13:18:23 ,0,1,99.99000,1,99.99000,99.99000,0.000000,0.000000,0,32244002423140,0,0.000000,0,0.00,0,0.00,0,-101,6.00,1669.33,7,1
10/30/2018 13:18:23 ,0,1,99.99000,1,99.99000,99.99000,0.000000,0.000000,0,32244002423140,0,0.000000,0,0.00,0,0.00,0,-101,6.00,1669.33,7,0
10/30/2018 13:18:24 ,0,1,99.99000,1,99.99000,99.99000,0.000000,0.000000,0,32244002423140,0,0.000000,0,0.00,0,0.00,0,-111,6.25,-478.15,7,1
10/30/2018 13:18:25 ,0,1,99.99000,1,99.99000,99.99000,0.000000,0.000000,0,32244002423140,0,0.000000,0,0.00,0,0.00,0,-111,6.25,1669.33,7,1
10/30/2018 13:18:25 ,0,1,99.99000,1,99.99000,99.99000,0.000000,0.000000,0,32244002423140,0,0.000000,0,0.00,0,0.00,0,-111,6.25,1669.33,7,0
10/30/2018 13:18:26 ,0,1,99.99000,1,99.99000,99.99000,0.000000,0.000000,0,32244002423140,0,0.000000,0,0.00,0,0.00,0,-102,5.75,-494.93,7,1
10/30/2018 13:18:27 ,0,1,99.99000,1,99.99000,99.99000,0.000000,0.000000,0,32244002423140,0,0.000000,0,0.00,0,0.00,0,-102,6.00,1686.11,7,1
10/30/2018 13:18:27 ,0,1,99.99000,1,99.99000,99.99000,0.000000,0.000000,0,32244002423140,0,0.000000,0,0.00,0,0.00,0,-102,6.00,1686.11,7,0
10/30/2018 13:18:27 ,0,1,99.99000,1,99.99000,99.99000,0.000000,0.000000,0,32244002423140,0,0.000000,0,0.00,0,0.00,0,-106,6.25,-478.15,7,1
10/30/2018 13:18:28 ,0,1,99.99000,1,99.99000,99.99000,0.000000,0.000000,0,32244002423140,0,0.000000,0,0.00,0,0.00,0,-101,4.00,1686.11,7,1
10/30/2018 13:18:28 ,0,1,99.99000,1,99.99000,99.99000,0.000000,0.000000,0,32244002423140,0,0.000000,0,0.00,0,0.00,0,-101,4.00,1686.11,7,0
10/30/2018 13:18:29 ,0,1,99.99000,1,99.99000,99.99000,0.000000,0.000000,0,32244002423140,0,0.000000,0,0.00,0,0.00,0,-101,5.50,-444.60,7,1
10/30/2018 13:18:30 ,0,1,99.99000,1,99.99000,99.99000,0.000000,0.000000,0,32244002423140,0,0.000000,0,0.00,0,0.00,0,-111,6.50,1669.33,7,1
10/30/2018 13:18:30 ,0,1,99.99000,1,99.99000,99.99000,0.000000,0.000000,0,32244002423140,0,0.000000,0,0.00,0,0.00,0,-111,6.50,1669.33,7,0
10/30/2018 13:18:30 ,0,1,99.99000,1,99.99000,99.99000,0.000000,0.000000,0,32244002423140,0,0.000000,0,0.00,0,0.00,0,-110,6.25,-478.15,7,1
10/30/2018 13:18:31 ,0,1,99.99000,1,99.99000,99.99000,0.000000,0.000000,0,32244002423140,0,0.000000,0,0.00,0,0.00,0,-103,5.75,1669.33,7,1
10/30/2018 13:18:31 ,0,1,99.99000,1,99.99000,99.99000,0.000000,0.000000,0,32244002423140,0,0.000000,0,0.00,0,0.00,0,-103,5.75,1669.33,7,0
10/30/2018 13:18:32 ,0,1,99.99000,1,99.99000,99.99000,0.000000,0.000000,0,32244002423140,0,0.000000,0,0.00,0,0.00,0,-109,6.25,-494.93,7,1
10/30/2018 13:18:33 ,0,1,99.99000,1,99.99000,99.99000,0.000000,0.000000,0,32244002423140,0,0.000000,0,0.00,0,0.00,0,-102,6.25,1652.56,7,1
10/30/2018 13:18:33 ,0,1,99.99000,1,99.99000,99.99000,0.000000,0.000000,0,32244002423140,0,0.000000,0,0.00,0,0.00,0,-102,6.25,1652.56,7,0
10/30/2018 13:18:34 ,0,1,99.99000,1,99.99000,99.99000,0.000000,0.000000,0,32244002423140,0,0.000000,0,0.00,0,0.00,0,-110,6.25,-494.93,7,1
10/30/2018 13:18:34 ,0,1,99.99000,1,99.99000,99.99000,0.000000,0.000000,0,32244002423140,0,0.000000,0,0.00,0,0.00,0,-116,5.50,1669.33,7,1
10/30/2018 13:18:34 ,0,1,99.99000,1,99.99000,99.99000,0.000000,0.000000,0,32244002423140,0,0.000000,0,0.00,0,0.00,0,-116,5.50,1669.33,7,0
10/30/2018 13:18:35 ,0,1,99.99000,1,99.99000,99.99000,0.000000,0.000000,0,32244002423140,0,0.000000,0,0.00,0,0.00,0,-116,5.50,-511.71,7,1
10/30/2018 13:18:36 ,0,1,99.99000,1,99.99000,99.99000,0.000000,0.000000,0,32244002423140,0,0.000000,0,0.00,0,0.00,0,-111,6.50,1652.56,7,1
10/30/2018 13:18:36 ,0,1,99.99000,1,99.99000,99.99000,0.000000,0.000000,0,32244002423140,0,0.000000,0,0.00,0,0.00,0,-111,6.50,1652.56,7,0
10/30/2018 13:18:37 ,0,1,99.99000,1,99.99000,99.99000,0.000000,0.000000,0,32244002423140,0,0.000000,0,0.00,0,0.00,0,-123,0.50,-511.71,7,1
10/30/2018 13:18:38 ,0,1,99.99000,1,99.99000,99.99000,0.000000,0.000000,0,32244002423140,0,0.000000,0,0.00,0,0.00,0,-109,-0.75,1652.56,7,1
10/30/2018 13:18:38 ,0,1,99.99000,1,99.99000,99.99000,0.000000,0.000000,0,32244002423140,0,0.000000,0,0.00,0,0.00,0,-109,-0.75,1652.56,7,0
10/30/2018 13:18:38 ,0,1,99.99000,1,99.99000,99.99000,0.000000,0.000000,0,32244002423140,0,0.000000,0,0.00,0,0.00,0,-116,4.75,-511.71,7,1
10/30/2018 13:18:39 ,0,1,99.99000,1,99.99000,99.99000,0.000000,0.000000,0,32244002423140,0,0.000000,0,0.00,0,0.00,0,-121,2.50,1635.78,7,1
10/30/2018 13:18:39 ,0,1,99.99000,1,99.99000,99.99000,0.000000,0.000000,0,32244002423140,0,0.000000,0,0.00,0,0.00,0,-121,2.50,1635.78,7,0
10/30/2018 13:18:40 ,0,1,99.99000,1,99.99000,99.99000,0.000000,0.000000,0,32244002423140,0,0.000000,0,0.00,0,0.00,0,-120,3.50,-511.71,7,1
10/30/2018 13:18:41 ,0,1,99.99000,1,99.99000,99.99000,0.000000,0.000000,0,32244002423140,0,0.000000,0,0.00,0,0.00,0,-111,6.25,1635.78,7,1
10/30/2018 13:18:41 ,0,1,99.99000,1,99.99000,99.99000,0.000000,0.000000,0,32244002423140,0,0.000000,0,0.00,0,0.00,0,-111,6.25,1635.78,7,0
10/30/2018 13:18:41 ,0,1,99.99000,1,99.99000,99.99000,0.000000,0.000000,0,32244002423140,0,0.000000,0,0.00,0,0.00,0,-124,-6.25,-511.71,7,1
10/30/2018 13:18:42 ,0,1,99.99000,1,99.99000,99.99000,0.000000,0.000000,0,32244002423140,0,0.000000,0,0.00,0,0.00,0,-117,4.50,1652.56,7,1
10/30/2018 13:18:42 ,0,1,99.99000,1,99.99000,99.99000,0.000000,0.000000,0,32244002423140,0,0.000000,0,0.00,0,0.00,0,-117,4.50,1652.56,7,0
10/30/2018 13:18:43 ,0,1,99.99000,1,99.99000,99.99000,0.000000,0.000000,0,32244002423140,0,0.000000,0,0.00,0,0.00,0,-120,3.00,-511.71,7,1
10/30/2018 13:18:44 ,0,1,99.99000,1,99.99000,99.99000,0.000000,0.000000,0,32244002423140,0,0.000000,0,0.00,0,0.00,0,-108,6.50,1619.00,7,1
10/30/2018 13:18:44 ,0,1,99.99000,1,99.99000,99.99000,0.000000,0.000000,0,32244002423140,0,0.000000,0,0.00,0,0.00,0,-108,6.50,1619.00,7,0
10/30/2018 13:18:44 ,0,1,99.99000,1,99.99000,99.99000,0.000000,0.000000,0,32244002423140,0,0.000000,0,0.00,0,0.00,0,-117,5.00,-511.71,7,1
10/30/2018 13:18:45 ,0,1,99.99000,1,99.99000,99.99000,0.000000,0.000000,0,32244002423140,0,0.000000,0,0.00,0,0.00,0,-114,6.00,1619.00,7,1
10/30/2018 13:18:45 ,0,1,99.99000,1,99.99000,99.99000,0.000000,0.000000,0,32244002423140,0,0.000000,0,0.00,0,0.00,0,-114,6.00,1619.00,7,0
10/30/2018 13:18:46 ,0,1,99.99000,1,99.99000,99.99000,0.000000,0.000000,0,32244002423140,0,0.000000,0,0.00,0,0.00,0,-112,6.00,-528.48,7,1
10/30/2018 13:18:47 ,0,1,99.99000,1,99.99000,99.99000,0.000000,0.000000,0,32244002423140,0,0.000000,0,0.00,0,0.00,0,-105,1.00,1635.78,7,1
10/30/2018 13:18:47 ,0,1,99.99000,1,99.99000,99.99000,0.000000,0.000000,0,32244002423140,0,0.000000,0,0.00,0,0.00,0,-105,1.00,1635.78,7,0
10/30/2018 13:18:47 ,0,1,99.99000,1,99.99000,99.99000,0.000000,0.000000,0,32244002423140,0,0.000000,0,0.00,0,0.00,0,-115,5.75,-545.26,7,1
10/30/2018 13:18:48 ,0,1,99.99000,1,99.99000,99.99000,0.000000,0.000000,0,32244002423140,0,0.000000,0,0.00,0,0.00,0,-103,6.00,1619.00,7,1
10/30/2018 13:18:48 ,0,1,99.99000,1,99.99000,99.99000,0.000000,0.000000,0,32244002423140,0,0.000000,0,0.00,0,0.00,0,-103,6.00,1619.00,7,0
10/30/2018 13:18:49 ,0,1,99.99000,1,99.99000,99.99000,0.000000,0.000000,0,32244002423140,0,0.000000,0,0.00,0,0.00,0,-107,6.00,-528.48,7,1
10/30/2018 13:18:50 ,0,1,99.99000,1,99.99000,99.99000,0.000000,0.000000,0,32244002423140,0,0.000000,0,0.00,0,0.00,0,-103,5.75,1619.00,7,1
10/30/2018 13:18:50 ,0,1,99.99000,1,99.99000,99.99000,0.000000,0.000000,0,32244002423140,0,0.000000,0,0.00,0,0.00,0,-103,5.75,1619.00,7,0
10/30/2018 13:18:51 ,0,1,99.99000,1,99.99000,99.99000,0.000000,0.000000,0,32244002423140,0,0.000000,0,0.00,0,0.00,0,-114,6.00,-528.48,7,1
10/30/2018 13:18:52 ,0,1,99.99000,1,99.99000,99.99000,0.000000,0.000000,0,32244002423140,0,0.000000,0,0.00,0,0.00,0,-107,6.25,1635.78,7,1
10/30/2018 13:18:52 ,0,1,99.99000,1,99.99000,99.99000,0.000000,0.000000,0,32244002423140,0,0.000000,0,0.00,0,0.00,0,-107,6.25,1635.78,7,0
10/30/2018 13:18:52 ,0,1,99.99000,1,99.99000,99.99000,0.000000,0.000000,0,32244002423140,0,0.000000,0,0.00,0,0.00,0,-111,6.00,-511.71,7,1
10/30/2018 13:18:53 ,0,1,99.99000,1,99.99000,99.99000,0.000000,0.000000,0,32244002423140,0,0.000000,0,0.00,0,0.00,0,-97,6.00,1619.00,7,1
10/30/2018 13:18:53 ,0,1,99.99000,1,99.99000,99.99000,0.000000,0.000000,0,32244002423140,0,0.000000,0,0.00,0,0.00,0,-97,6.00,1619.00,7,0
10/30/2018 13:18:54 ,0,1,99.99000,1,99.99000,99.99000,0.000000,0.000000,0,32244002423140,0,0.000000,0,0.00,0,0.00,0,-114,6.00,-528.48,7,1
10/30/2018 13:18:55 ,0,1,99.99000,1,99.99000,99.99000,0.000000,0.000000,0,32244002423140,0,0.000000,0,0.00,0,0.00,0,-109,3.75,2122.32,7,1
10/30/2018 13:18:55 ,0,1,99.99000,1,99.99000,99.99000,0.000000,0.000000,0,32244002423140,0,0.000000,0,0.00,0,0.00,0,-109,3.75,2122.32,7,0
10/30/2018 13:18:55 ,0,1,99.99000,1,99.99000,99.99000,0.000000,0.000000,0,32244002423140,0,0.000000,0,0.00,0,0.00,0,-114,5.75,-528.48,7,1
10/30/2018 13:18:56 ,0,1,99.99000,1,99.99000,99.99000,0.000000,0.000000,0,32244002423140,0,0.000000,0,0.00,0,0.00,0,-114,5.00,1602.22,7,1
10/30/2018 13:18:56 ,0,1,99.99000,1,99.99000,99.99000,0.000000,0.000000,0,32244002423140,0,0.000000,0,0.00,0,0.00,0,-114,5.00,1602.22,7,0
10/30/2018 13:18:57 ,0,1,99.99000,1,99.99000,99.99000,0.000000,0.000000,0,32244002423140,0,0.000000,0,0.00,0,0.00,0,-115,5.50,-545.26,7,1
10/30/2018 13:18:58 ,0,1,99.99000,1,99.99000,99.99000,0.000000,0.000000,0,32244002423140,0,0.000000,0,0.00,0,0.00,0,-122,1.00,1585.45,7,1
10/30/2018 13:18:58 ,0,1,99.99000,1,99.99000,99.99000,0.000000,0.000000,0,32244002423140,0,0.000000,0,0.00,0,0.00,0,-122,1.00,1585.45,7,0
10/30/2018 13:18:58 ,0,1,99.99000,1,99.99000,99.99000,0.000000,0.000000,0,32244002423140,0,0.000000,0,0.00,0,0.00,0,-119,3.00,-545.26,7,1
10/30/2018 13:18:59 ,0,1,99.99000,1,99.99000,99.99000,0.000000,0.000000,0,32244002423140,0,0.000000,0,0.00,0,0.00,0,-116,5.50,1602.22,7,1
10/30/2018 13:18:59 ,0,1,99.99000,1,99.99000,99.99000,0.000000,0.000000,0,32244002423140,0,0.000000,0,0.00,0,0.00,0,-116,5.50,1602.22,7,0
10/30/2018 13:19:00 ,0,1,99.99000,1,99.99000,99.99000,0.000000,0.000000,0,32244002423140,0,0.000000,0,0.00,0,0.00,0,-121,3.00,-562.04,7,1
10/30/2018 13:19:01 ,0,1,99.99000,1,99.99000,99.99000,0.000000,0.000000,0,32244002423140,0,0.000000,0,0.00,0,0.00,0,-120,4.00,1619.00,7,1
10/30/2018 13:19:01 ,0,1,99.99000,1,99.99000,99.99000,0.000000,0.000000,0,32244002423140,0,0.000000,0,0.00,0,0.00,0,-120,4.00,1619.00,7,0
10/30/2018 13:19:01 ,0,1,99.99000,1,99.99000,99.99000,0.000000,0.000000,0,32244002423140,0,0.000000,0,0.00,0,0.00,0,-123,0.50,-562.04,7,1
10/30/2018 13:19:02 ,3,1,1.83000,1,1.00000,2.09000,0.000000,0.000000,0,32244002423140,0,0.000000,0,0.00,0,0.00,0,-109,6.25,1602.22,7,1
10/30/2018 13:19:02 ,3,1,1.83000,1,1.00000,2.09000,0.000000,0.000000,0,32244002423140,0,0.000000,0,0.00,0,0.00,0,-109,6.25,1602.22,7,0
10/30/2018 13:19:03 ,3,1,1.83000,1,1.00000,2.09000,0.000000,0.000000,0,32244002423140,0,0.000000,0,0.00,0,0.00,0,-108,6.25,-562.04,7,1
10/30/2018 13:19:04 ,3,1,1.84000,1,1.00000,2.09000,0.000000,0.000000,0,32244002423140,0,0.000000,0,0.00,0,0.00,0,-103,5.75,1585.45,7,1
10/30/2018 13:19:04 ,3,1,1.84000,1,1.00000,2.09000,0.000000,0.000000,0,32244002423140,0,0.000000,0,0.00,0,0.00,0,-103,5.75,1585.45,7,0
10/30/2018 13:19:05 ,10,1,1.84000,1,1.00000,2.09000,0.000000,0.000000,0,32244002423140,0,0.000000,0,0.00,0,0.00,0,-109,6.25,-562.04,7,1
10/30/2018 13:19:06 ,10,1,1.84000,1,1.00000,2.09000,0.000000,0.000000,0,32244002423140,0,0.000000,0,0.00,0,0.00,0,-101,1.75,1602.22,7,1
10/30/2018 13:19:06 ,10,1,1.84000,1,1.00000,2.09000,0.000000,0.000000,0,32244002423140,0,0.000000,0,0.00,0,0.00,0,-101,1.75,1602.22,7,0
10/30/2018 13:19:06 ,11,1,1.84000,1,1.00000,2.09000,0.000000,0.000000,0,32244002423140,0,0.000000,0,0.00,0,0.00,0,-105,6.00,-562.04,7,1
10/30/2018 13:19:07 ,11,1,1.84000,1,1.00000,2.09000,0.000000,0.000000,0,32244002423140,0,0.000000,0,0.00,0,0.00,0,-114,5.75,1602.22,7,1
10/30/2018 13:19:07 ,11,1,1.84000,1,1.00000,2.09000,0.000000,0.000000,0,32244002423140,0,0.000000,0,0.00,0,0.00,0,-114,5.75,1602.22,7,0
10/30/2018 13:19:08 ,10,1,2.21000,1,3.04000,3.76000,0.000000,0.000000,0,32244002423140,0,0.000000,0,0.00,0,0.00,0,-108,5.00,-562.04,7,1
10/30/2018 13:19:09 ,13,1,1.84000,1,1.00000,2.09000,0.000000,0.000000,0,32244002423140,0,0.000000,0,0.00,0,0.00,0,-107,6.50,1585.45,7,1
10/30/2018 13:19:09 ,13,1,1.84000,1,1.00000,2.09000,0.000000,0.000000,0,32244002423140,0,0.000000,0,0.00,0,0.00,0,-107,6.50,1585.45,7,0
10/30/2018 13:19:09 ,13,1,1.84000,1,1.00000,2.09000,0.000000,0.000000,0,32244002423140,0,0.000000,0,0.00,0,0.00,0,-107,6.25,-562.04,7,1
10/30/2018 13:19:10 ,12,1,1.84000,1,1.00000,2.09000,0.000000,0.000000,0,32244002423140,0,0.000000,0,0.00,0,0.00,0,-99,5.75,1602.22,7,1
10/30/2018 13:19:10 ,12,1,1.84000,1,1.00000,2.09000,0.000000,0.000000,0,32244002423140,0,0.000000,0,0.00,0,0.00,0,-99,5.75,1602.22,7,0
10/30/2018 13:19:11 ,11,1,1.53000,1,1.84000,2.39000,0.000000,0.000000,0,32244002423140,0,0.000000,0,0.00,0,0.00,0,-101,6.25,-578.81,7,1
10/30/2018 13:19:12 ,12,1,1.53000,1,1.84000,2.39000,51.060848,3.707940,1,342,1,-23.100000,1,0.00,1,5.94,1,-105,6.50,1602.22,7,1
10/30/2018 13:19:12 ,12,1,1.53000,1,1.84000,2.39000,51.060848,3.707940,1,342,1,-23.100000,1,0.00,1,5.94,1,-105,6.50,1602.22,7,0
10/30/2018 13:19:12 ,12,1,1.53000,1,1.84000,2.39000,51.060848,3.707940,1,10321,1,-23.100000,1,0.00,1,5.94,1,-100,5.25,-562.04,7,1
10/30/2018 13:19:13 ,12,1,1.18000,1,1.24000,1.72000,51.060825,3.707898,1,10041,1,-22.100000,1,0.00,1,6.78,1,-102,6.00,1602.22,7,1
10/30/2018 13:19:13 ,12,1,1.18000,1,1.24000,1.72000,51.060825,3.707898,1,10041,1,-22.100000,1,0.00,1,6.78,1,-102,6.00,1602.22,7,0
10/30/2018 13:19:14 ,12,1,1.94000,1,2.26000,2.98000,51.060802,3.707964,1,2004,1,-22.399999,1,131.31,1,16.91,1,-105,5.75,-578.81,7,1
10/30/2018 13:19:15 ,11,1,2.98000,1,2.41000,3.83000,51.060749,3.707960,1,1231,1,-20.399999,1,143.26,1,19.58,1,-107,6.25,1602.22,7,1
10/30/2018 13:19:15 ,11,1,2.98000,1,2.41000,3.83000,51.060749,3.707960,1,1231,1,-20.399999,1,143.26,1,19.58,1,-107,6.25,1602.22,7,0
10/30/2018 13:19:15 ,11,1,2.98000,1,2.41000,3.83000,51.060749,3.707960,1,11214,1,-20.399999,1,143.26,1,19.58,1,-106,6.00,-562.04,7,1
10/30/2018 13:19:16 ,11,1,2.98000,1,2.41000,3.83000,51.060749,3.707960,1,23433,1,-20.399999,1,143.26,1,19.58,1,-100,5.00,1602.22,7,1
10/30/2018 13:19:16 ,11,1,2.98000,1,2.41000,3.83000,51.060749,3.707960,1,23433,1,-20.399999,1,143.26,1,19.58,1,-100,5.00,1602.22,7,0
10/30/2018 13:19:17 ,0,1,99.99000,1,99.99000,99.99000,51.060749,3.707960,1,33421,1,-20.399999,1,143.26,1,19.58,1,-99,5.75,-562.04,7,1
10/30/2018 13:19:18 ,0,1,99.99000,1,99.99000,99.99000,51.060749,3.707960,1,101142,1,-20.399999,1,143.26,1,19.58,1,-103,6.00,1585.45,7,1
10/30/2018 13:19:18 ,0,1,99.99000,1,99.99000,99.99000,51.060749,3.707960,1,101142,1,-20.399999,1,143.26,1,19.58,1,-103,6.00,1585.45,7,0
10/30/2018 13:19:19 ,0,1,99.99000,1,99.99000,99.99000,51.060749,3.707960,1,111132,1,-20.399999,1,143.26,1,19.58,1,-97,5.50,-562.04,7,1
10/30/2018 13:19:20 ,0,1,99.99000,1,99.99000,99.99000,51.060749,3.707960,1,123403,1,-20.399999,1,143.26,1,19.58,1,-100,5.50,1602.22,7,1
10/30/2018 13:19:20 ,0,1,99.99000,1,99.99000,99.99000,51.060749,3.707960,1,123403,1,-20.399999,1,143.26,1,19.58,1,-100,5.50,1602.22,7,0
10/30/2018 13:19:20 ,0,1,99.99000,1,99.99000,99.99000,51.060749,3.707960,1,133333,1,-20.399999,1,143.26,1,19.58,1,-102,6.00,-545.26,7,1
10/30/2018 13:19:21 ,4,1,93.30001,1,1.00000,93.31000,51.060749,3.707960,1,201104,1,-20.399999,1,143.26,1,19.58,1,-106,6.25,1619.00,7,1
10/30/2018 13:19:21 ,4,1,93.30001,1,1.00000,93.31000,51.060749,3.707960,1,201104,1,-20.399999,1,143.26,1,19.58,1,-106,6.25,1619.00,7,0
10/30/2018 13:19:22 ,4,1,92.85000,1,1.00000,92.86000,51.060749,3.707960,1,211044,1,-20.399999,1,143.26,1,19.58,1,-105,6.00,-562.04,7,1
10/30/2018 13:19:23 ,4,1,92.41001,1,1.00000,92.42000,51.060749,3.707960,1,223321,1,-20.399999,1,143.26,1,19.58,1,-105,4.25,2139.09,7,1
10/30/2018 13:19:23 ,4,1,92.41001,1,1.00000,92.42000,51.060749,3.707960,1,223321,1,-20.399999,1,143.26,1,19.58,1,-105,4.25,2139.09,7,0
10/30/2018 13:19:23 ,4,1,92.41001,1,1.00000,92.42000,51.060749,3.707960,1,233301,1,-20.399999,1,143.26,1,19.58,1,-108,6.50,-562.04,7,1
10/30/2018 13:19:24 ,0,1,99.99000,1,99.99000,99.99000,51.060749,3.707960,1,301021,1,-20.399999,1,143.26,1,19.58,1,-108,6.50,1619.00,7,1
10/30/2018 13:19:24 ,0,1,99.99000,1,99.99000,99.99000,51.060749,3.707960,1,301021,1,-20.399999,1,143.26,1,19.58,1,-108,6.50,1619.00,7,0
10/30/2018 13:19:25 ,0,1,99.99000,1,99.99000,99.99000,51.060749,3.707960,1,311013,1,-20.399999,1,143.26,1,19.58,1,-112,6.00,-562.04,7,1
10/30/2018 13:19:26 ,0,1,99.99000,1,99.99000,99.99000,51.060749,3.707960,1,323233,1,-20.399999,1,143.26,1,19.58,1,-116,5.50,1602.22,7,1
10/30/2018 13:19:26 ,0,1,99.99000,1,99.99000,99.99000,51.060749,3.707960,1,323233,1,-20.399999,1,143.26,1,19.58,1,-116,5.50,1602.22,7,0
10/30/2018 13:19:26 ,0,1,99.99000,1,99.99000,99.99000,51.060749,3.707960,1,333214,1,-20.399999,1,143.26,1,19.58,1,-118,4.75,-562.04,7,1
10/30/2018 13:19:27 ,12,1,9.99000,1,4.64000,11.02000,51.060451,3.708412,1,10020,1,-9.300001,1,143.26,1,13.56,1,-106,6.25,1602.22,7,1
10/30/2018 13:19:27 ,12,1,9.99000,1,4.64000,11.02000,51.060451,3.708412,1,10020,1,-9.300001,1,143.26,1,13.56,1,-106,6.25,1602.22,7,0
10/30/2018 13:19:28 ,0,1,99.99000,1,99.99000,99.99000,51.060451,3.708412,1,20010,1,-9.300001,1,143.26,1,13.56,1,-109,6.25,-562.04,7,1
10/30/2018 13:19:29 ,0,1,99.99000,1,99.99000,99.99000,51.060451,3.708412,1,32230,1,-9.300001,1,143.26,1,13.56,1,-106,6.50,1602.22,7,1
10/30/2018 13:19:29 ,0,1,99.99000,1,99.99000,99.99000,51.060451,3.708412,1,32230,1,-9.300001,1,143.26,1,13.56,1,-106,6.50,1602.22,7,0
10/30/2018 13:19:29 ,0,1,99.99000,1,99.99000,99.99000,51.060451,3.708412,1,42220,1,-9.300001,1,143.26,1,13.56,1,-103,5.75,-578.81,7,1
10/30/2018 13:19:30 ,0,1,99.99000,1,99.99000,99.99000,51.060451,3.708412,1,104433,1,-9.300001,1,143.26,1,13.56,1,-99,5.50,1585.45,7,1
10/30/2018 13:19:30 ,0,1,99.99000,1,99.99000,99.99000,51.060451,3.708412,1,104433,1,-9.300001,1,143.26,1,13.56,1,-99,5.50,1585.45,7,0
10/30/2018 13:19:31 ,13,1,9.98000,1,4.65000,11.01000,51.060684,3.708177,1,2413,1,-5.200000,1,143.26,1,0.54,1,-93,5.75,-578.81,7,1
10/30/2018 13:19:32 ,12,1,2.61000,1,2.63000,3.70000,51.060646,3.708167,1,2143,1,2.400000,1,143.26,1,0.81,1,-94,5.50,1602.22,7,1
10/30/2018 13:19:32 ,12,1,2.61000,1,2.63000,3.70000,51.060646,3.708167,1,2143,1,2.400000,1,143.26,1,0.81,1,-94,5.50,1602.22,7,0
10/30/2018 13:19:33 ,12,1,2.61000,1,2.63000,3.70000,51.060653,3.708175,1,112,1,2.400000,1,143.26,1,4.65,1,-86,-1.00,-562.04,7,1
10/30/2018 13:19:33 ,12,1,2.61000,1,2.63000,3.70000,51.060653,3.708175,1,12331,1,2.400000,1,143.26,1,4.65,1,-91,6.25,1619.00,7,1
10/30/2018 13:19:33 ,12,1,2.61000,1,2.63000,3.70000,51.060653,3.708175,1,12331,1,2.400000,1,143.26,1,4.65,1,-91,6.25,1619.00,7,0
10/30/2018 13:19:34 ,12,1,2.61000,1,2.63000,3.70000,51.060684,3.708151,1,1411,1,2.400000,1,143.26,1,3.57,1,-95,5.75,-545.26,7,1
10/30/2018 13:19:35 ,13,1,2.50000,1,2.48000,3.52000,51.060646,3.708196,1,3101,1,2.200000,1,143.26,1,1.43,1,-93,5.25,1602.22,7,1
10/30/2018 13:19:35 ,13,1,2.50000,1,2.48000,3.52000,51.060646,3.708196,1,3101,1,2.200000,1,143.26,1,1.43,1,-93,5.25,1602.22,7,0
10/30/2018 13:19:36 ,12,1,2.51000,1,2.48000,3.52000,51.060695,3.708181,1,104,1,1.900000,1,143.26,1,1.91,1,-95,5.50,-545.26,7,1
10/30/2018 13:19:37 ,12,1,2.51000,1,2.64000,3.64000,51.060710,3.708160,1,300,1,1.900000,1,143.26,1,4.32,1,-102,5.75,1602.22,7,1
10/30/2018 13:19:37 ,12,1,2.51000,1,2.64000,3.64000,51.060710,3.708160,1,300,1,1.900000,1,143.26,1,4.32,1,-102,5.75,1602.22,7,0
10/30/2018 13:19:37 ,12,1,2.50000,1,2.64000,3.64000,51.060710,3.708160,1,2023,1,3.200000,1,143.26,1,4.32,1,-90,5.50,-545.26,7,1
10/30/2018 13:19:38 ,13,1,2.50000,1,2.48000,3.52000,51.060722,3.708161,1,4014,1,5.000000,1,143.26,1,2.26,1,-98,5.75,1602.22,7,1
10/30/2018 13:19:38 ,13,1,2.50000,1,2.48000,3.52000,51.060722,3.708161,1,4014,1,5.000000,1,143.26,1,2.26,1,-98,5.75,1602.22,7,0
10/30/2018 13:19:39 ,14,1,2.37000,1,2.01000,3.11000,51.060684,3.708180,1,1001,1,9.200000,1,143.26,1,2.74,1,-91,6.00,-545.26,7,1
10/30/2018 13:19:40 ,13,1,2.37000,1,2.01000,3.11000,51.060691,3.708197,1,221,1,9.700000,1,143.26,1,2.78,1,-92,6.00,1602.22,7,1
10/30/2018 13:19:40 ,13,1,2.37000,1,2.01000,3.11000,51.060691,3.708197,1,221,1,9.700000,1,143.26,1,2.78,1,-92,6.00,1602.22,7,0
10/30/2018 13:19:40 ,13,1,2.37000,1,2.01000,3.11000,51.060691,3.708197,1,10204,1,9.700000,1,143.26,1,2.78,1,-91,6.00,-545.26,7,1
10/30/2018 13:19:41 ,13,1,2.39000,1,2.23000,3.27000,51.060691,3.708211,1,4432,1,6.400000,1,143.26,1,2.87,1,-91,6.50,1635.78,7,1
10/30/2018 13:19:41 ,13,1,2.39000,1,2.23000,3.27000,51.060691,3.708211,1,4432,1,6.400000,1,143.26,1,2.87,1,-91,6.50,1635.78,7,0
10/30/2018 13:19:42 ,13,1,2.37000,1,2.01000,3.11000,51.060688,3.708234,1,1424,1,4.300000,1,143.26,1,3.50,1,-87,1.75,-545.26,7,1
10/30/2018 13:19:43 ,14,1,2.37000,1,2.01000,3.11000,51.060680,3.708254,1,1121,1,2.800000,1,143.26,1,3.69,1,-103,6.00,1635.78,7,1
10/30/2018 13:19:43 ,14,1,2.37000,1,2.01000,3.11000,51.060680,3.708254,1,1121,1,2.800000,1,143.26,1,3.69,1,-103,6.00,1635.78,7,0
10/30/2018 13:19:43 ,14,1,2.37000,1,2.01000,3.11000,51.060680,3.708254,1,11110,1,2.800000,1,143.26,1,3.69,1,-96,6.00,-545.26,7,1
10/30/2018 13:19:44 ,14,1,2.38000,1,2.01000,3.11000,51.060680,3.708265,1,10332,1,1.200000,1,143.26,1,3.43,1,-95,5.00,1635.78,7,1
10/30/2018 13:19:44 ,14,1,2.38000,1,2.01000,3.11000,51.060680,3.708265,1,10332,1,1.200000,1,143.26,1,3.43,1,-95,5.00,1635.78,7,0
10/30/2018 13:19:45 ,14,1,2.38000,1,2.01000,3.11000,51.060672,3.708281,1,2331,1,1.300000,1,143.26,1,4.39,1,-91,6.00,-545.26,7,1
10/30/2018 13:19:46 ,14,1,2.38000,1,2.01000,3.11000,51.060676,3.708291,1,2100,1,1.200000,1,143.26,1,2.94,1,-100,6.00,1635.78,7,1
10/30/2018 13:19:46 ,14,1,2.38000,1,2.01000,3.11000,51.060676,3.708291,1,2100,1,1.200000,1,143.26,1,2.94,1,-100,6.00,1635.78,7,0
10/30/2018 13:19:47 ,14,1,2.38000,1,2.01000,3.11000,51.060665,3.708304,1,14,1,1.200000,1,143.26,1,2.96,1,-91,6.25,-545.26,7,1
10/30/2018 13:19:47 ,14,1,2.38000,1,2.01000,3.11000,51.060665,3.708304,1,12231,1,1.200000,1,143.26,1,2.96,1,-96,6.25,1602.22,7,1
10/30/2018 13:19:47 ,14,1,2.38000,1,2.01000,3.11000,51.060665,3.708304,1,12231,1,1.200000,1,143.26,1,2.96,1,-96,6.25,1602.22,7,0
10/30/2018 13:19:48 ,14,1,2.38000,1,2.01000,3.11000,51.060680,3.708313,1,2003,1,1.200000,1,143.26,1,2.33,1,-93,5.75,-528.48,7,1
10/30/2018 13:19:49 ,14,1,2.38000,1,2.01000,3.11000,51.060653,3.708326,1,3012,1,2.500000,1,143.26,1,2.98,1,-93,6.00,1619.00,7,1
10/30/2018 13:19:49 ,14,1,2.38000,1,2.01000,3.11000,51.060653,3.708326,1,3012,1,2.500000,1,143.26,1,2.98,1,-93,6.00,1619.00,7,0
10/30/2018 13:19:50 ,14,1,2.38000,1,2.01000,3.11000,51.060646,3.708335,1,4,1,2.800000,1,143.26,1,3.06,1,-95,6.25,-545.26,7,1
10/30/2018 13:19:51 ,14,1,2.38000,1,2.01000,3.11000,51.060619,3.708340,1,144,1,2.800000,1,143.26,1,2.48,1,-94,5.50,1619.00,7,1
10/30/2018 13:19:51 ,14,1,2.38000,1,2.01000,3.11000,51.060619,3.708340,1,144,1,2.800000,1,143.26,1,2.48,1,-94,5.50,1619.00,7,0
10/30/2018 13:19:51 ,14,1,1.13000,1,2.01000,3.11000,51.060619,3.708340,1,2113,1,4.700000,1,143.26,1,2.48,1,-88,0.75,-578.81,7,1
10/30/2018 13:19:52 ,20,1,1.12000,1,1.19000,1.63000,51.060630,3.708339,1,3421,1,3.500000,1,143.26,1,0.46,1,-92,5.75,1635.78,7,1
10/30/2018 13:19:52 ,20,1,1.12000,1,1.19000,1.63000,51.060630,3.708339,1,3421,1,3.500000,1,143.26,1,0.46,1,-92,5.75,1635.78,7,0
10/30/2018 13:19:53 ,20,1,1.12000,1,1.19000,1.63000,51.060611,3.708340,1,422,1,5.300000,1,143.26,1,0.43,1,-93,5.75,-545.26,7,1
10/30/2018 13:19:54 ,20,1,0.93000,1,1.19000,1.63000,51.060592,3.708353,1,130,1,7.300000,1,143.26,1,1.07,1,-86,5.00,1635.78,7,1
10/30/2018 13:19:54 ,20,1,0.93000,1,1.19000,1.63000,51.060592,3.708353,1,130,1,7.300000,1,143.26,1,1.07,1,-86,5.00,1635.78,7,0
10/30/2018 13:19:54 ,20,1,0.93000,1,1.17000,1.50000,51.060592,3.708353,1,10122,1,7.300000,1,143.26,1,1.07,1,-95,5.75,-545.26,7,1
10/30/2018 13:19:55 ,20,1,0.93000,1,1.17000,1.50000,51.060596,3.708348,1,4311,1,8.300001,1,18.60,1,2.65,1,-100,5.75,1635.78,7,1
10/30/2018 13:19:55 ,20,1,0.93000,1,1.17000,1.50000,51.060596,3.708348,1,4311,1,8.300001,1,18.60,1,2.65,1,-100,5.75,1635.78,7,0
10/30/2018 13:19:56 ,20,1,1.12000,1,1.19000,1.63000,51.060585,3.708365,1,1334,1,9.200000,1,18.60,1,1.70,1,-92,6.00,-545.26,7,1
10/30/2018 13:19:57 ,14,1,1.11000,1,1.34000,1.74000,51.060573,3.708387,1,1034,1,10.000000,1,18.60,1,2.19,1,-94,5.75,1635.78,7,1
10/30/2018 13:19:57 ,14,1,1.11000,1,1.34000,1.74000,51.060573,3.708387,1,1034,1,10.000000,1,18.60,1,2.19,1,-94,5.75,1635.78,7,0
10/30/2018 13:19:57 ,14,1,1.11000,1,1.34000,1.74000,51.060573,3.708387,1,11031,1,10.000000,1,18.60,1,2.19,1,-91,6.00,-545.26,7,1
10/30/2018 13:19:58 ,14,1,1.11000,1,1.34000,1.74000,51.060554,3.708397,1,10243,1,11.500000,1,18.60,1,0.72,1,-92,5.75,1635.78,7,1
10/30/2018 13:19:58 ,14,1,1.11000,1,1.34000,1.74000,51.060554,3.708397,1,10243,1,11.500000,1,18.60,1,0.72,1,-92,5.75,1635.78,7,0
10/30/2018 13:19:59 ,20,1,0.93000,1,1.17000,1.50000,51.060543,3.708419,1,2303,1,13.100001,1,18.60,1,2.52,1,-93,5.75,-545.26,7,1
10/30/2018 13:20:00 ,20,1,0.93000,1,1.17000,1.50000,51.060546,3.708433,1,2011,1,13.400000,1,18.60,1,2.72,1,-91,5.75,1635.78,7,1
10/30/2018 13:20:00 ,20,1,0.93000,1,1.17000,1.50000,51.060546,3.708433,1,2011,1,13.400000,1,18.60,1,2.72,1,-91,5.75,1635.78,7,0
10/30/2018 13:20:00 ,20,1,0.93000,1,1.17000,1.50000,51.060546,3.708433,1,12003,1,13.400000,1,18.60,1,2.72,1,-90,5.75,-545.26,7,1
10/30/2018 13:20:01 ,20,1,0.93000,1,1.17000,1.50000,51.060535,3.708450,1,10213,1,13.400000,1,18.60,1,1.85,1,-98,6.00,1635.78,7,1
10/30/2018 13:20:01 ,20,1,0.93000,1,1.17000,1.50000,51.060535,3.708450,1,10213,1,13.400000,1,18.60,1,1.85,1,-98,6.00,1635.78,7,0
10/30/2018 13:20:01 ,20,1,0.93000,1,1.17000,1.50000,51.060535,3.708450,1,20212,1,13.400000,1,18.60,1,1.85,1,-87,5.75,-545.26,7,1
10/30/2018 13:20:03 ,20,1,1.12000,1,1.19000,1.63000,51.060512,3.708478,1,2433,1,13.000000,1,18.60,1,2.37,1,-100,5.50,1635.78,7,1
10/30/2018 13:20:03 ,20,1,1.12000,1,1.19000,1.63000,51.060512,3.708478,1,2433,1,13.000000,1,18.60,1,2.37,1,-100,5.50,1635.78,7,0
10/30/2018 13:20:04 ,20,1,1.12000,1,1.19000,1.63000,51.060501,3.708503,1,400,1,13.000000,1,89.13,1,4.76,1,-93,5.75,-545.26,7,1
10/30/2018 13:20:05 ,14,1,1.12000,1,1.19000,1.63000,51.060482,3.708521,1,103,1,12.300001,1,126.21,1,4.63,1,-87,6.25,1635.78,7,1
10/30/2018 13:20:05 ,14,1,1.12000,1,1.19000,1.63000,51.060482,3.708521,1,103,1,12.300001,1,126.21,1,4.63,1,-87,6.25,1635.78,7,0
10/30/2018 13:20:05 ,14,1,1.12000,1,1.19000,1.63000,51.060482,3.708521,1,10101,1,12.300001,1,126.21,1,4.63,1,-91,6.25,-545.26,7,1
10/30/2018 13:20:06 ,20,1,0.93000,1,1.17000,1.49000,51.060474,3.708546,1,3312,1,12.300001,1,131.20,1,5.44,1,-93,5.75,1635.78,7,1
10/30/2018 13:20:06 ,20,1,0.93000,1,1.17000,1.49000,51.060474,3.708546,1,3312,1,12.300001,1,131.20,1,5.44,1,-93,5.75,1635.78,7,0
10/30/2018 13:20:07 ,20,1,0.93000,1,1.17000,1.49000,51.060462,3.708558,1,322,1,11.500000,1,141.65,1,4.52,1,-92,6.25,-545.26,7,1
10/30/2018 13:20:08 ,14,1,0.93000,1,1.17000,1.49000,51.060447,3.708555,1,20,1,12.400000,1,167.40,1,6.00,1,-94,5.75,1635.78,7,1
10/30/2018 13:20:08 ,14,1,0.93000,1,1.17000,1.49000,51.060447,3.708555,1,20,1,12.400000,1,167.40,1,6.00,1,-94,5.75,1635.78,7,0
10/30/2018 13:20:08 ,14,1,0.93000,1,1.17000,1.49000,51.060447,3.708555,1,10014,1,12.400000,1,167.40,1,6.00,1,-98,5.50,-528.48,7,1
10/30/2018 13:20:09 ,14,1,1.11000,1,1.33000,1.74000,51.060436,3.708564,1,4234,1,12.800001,1,168.75,1,4.91,1,-94,6.00,1635.78,7,1
10/30/2018 13:20:09 ,14,1,1.11000,1,1.33000,1.74000,51.060436,3.708564,1,4234,1,12.800001,1,168.75,1,4.91,1,-94,6.00,1635.78,7,0
10/30/2018 13:20:10 ,14,1,1.11000,1,1.33000,1.74000,51.060428,3.708586,1,1233,1,13.500000,1,160.83,1,4.43,1,-92,-8.75,-528.48,7,1
10/30/2018 13:20:11 ,20,1,0.93000,1,1.17000,1.49000,51.060424,3.708605,1,441,1,14.400000,1,153.88,1,3.04,1,-97,6.25,1635.78,7,1
10/30/2018 13:20:11 ,20,1,0.93000,1,1.17000,1.49000,51.060424,3.708605,1,441,1,14.400000,1,153.88,1,3.04,1,-97,6.25,1635.78,7,0
10/30/2018 13:20:11 ,20,1,0.93000,1,1.17000,1.49000,51.060424,3.708605,1,10433,1,14.400000,1,153.88,1,3.04,1,-94,5.75,-528.48,7,1
10/30/2018 13:20:12 ,20,1,0.93000,1,1.17000,1.49000,51.060409,3.708624,1,10201,1,14.100001,1,148.87,1,3.65,1,-93,6.00,1635.78,7,1
10/30/2018 13:20:12 ,20,1,0.93000,1,1.17000,1.49000,51.060409,3.708624,1,10201,1,14.100001,1,148.87,1,3.65,1,-93,6.00,1635.78,7,0
10/30/2018 13:20:13 ,20,1,0.93000,1,1.17000,1.49000,51.060401,3.708638,1,2234,1,14.600001,1,148.87,1,2.74,1,-101,5.50,-528.48,7,1
10/30/2018 13:20:14 ,20,1,0.93000,1,1.17000,1.49000,51.060394,3.708656,1,1413,1,14.400000,1,143.35,1,3.96,1,-93,6.00,1652.56,7,1
10/30/2018 13:20:14 ,20,1,0.93000,1,1.17000,1.49000,51.060394,3.708656,1,1413,1,14.400000,1,143.35,1,3.96,1,-93,6.00,1652.56,7,0
10/30/2018 13:20:14 ,20,1,0.93000,1,1.17000,1.49000,51.060394,3.708656,1,11420,1,14.400000,1,143.35,1,3.96,1,-90,4.75,-528.48,7,1
10/30/2018 13:20:15 ,20,1,0.93000,1,1.17000,1.49000,51.060382,3.708675,1,10302,1,14.400000,1,139.66,1,4.76,1,-91,6.25,1652.56,7,1
10/30/2018 13:20:15 ,20,1,0.93000,1,1.17000,1.49000,51.060382,3.708675,1,10302,1,14.400000,1,139.66,1,4.76,1,-91,6.25,1652.56,7,0
10/30/2018 13:20:16 ,20,1,0.93000,1,1.17000,1.49000,51.060375,3.708700,1,3122,1,14.700000,1,130.95,1,5.06,1,-92,6.00,-528.48,7,1
10/30/2018 13:20:17 ,20,1,0.93000,1,1.17000,1.49000,51.060363,3.708721,1,2323,1,14.500000,1,132.28,1,5.04,1,-96,6.25,1652.56,7,1
10/30/2018 13:20:17 ,20,1,0.93000,1,1.17000,1.49000,51.060363,3.708721,1,2323,1,14.500000,1,132.28,1,5.04,1,-96,6.25,1652.56,7,0
10/30/2018 13:20:18 ,20,1,0.93000,1,1.17000,1.49000,51.060356,3.708738,1,322,1,14.500000,1,137.07,1,5.11,1,-105,6.75,-528.48,7,1
10/30/2018 13:20:19 ,20,1,0.93000,1,1.17000,1.49000,51.060340,3.708757,1,20,1,13.700000,1,137.76,1,5.96,1,-88,5.75,1652.56,7,1
10/30/2018 13:20:19 ,20,1,0.93000,1,1.17000,1.49000,51.060340,3.708757,1,20,1,13.700000,1,137.76,1,5.96,1,-88,5.75,1652.56,7,0
10/30/2018 13:20:19 ,20,1,0.93000,1,1.17000,1.49000,51.060340,3.708757,1,10014,1,13.700000,1,137.76,1,5.96,1,-92,5.75,-528.48,7,1
10/30/2018 13:20:20 ,20,1,0.93000,1,1.17000,1.49000,51.060329,3.708774,1,3240,1,13.500000,1,138.78,1,5.02,1,-90,5.75,1652.56,7,1
10/30/2018 13:20:20 ,20,1,0.93000,1,1.17000,1.49000,51.060329,3.708774,1,3240,1,13.500000,1,138.78,1,5.02,1,-90,5.75,1652.56,7,0
10/30/2018 13:20:21 ,20,1,0.93000,1,1.17000,1.49000,51.060321,3.708788,1,233,1,13.000000,1,141.94,1,4.80,1,-100,5.75,-528.48,7,1
10/30/2018 13:20:22 ,20,1,0.93000,1,1.17000,1.49000,51.060310,3.708796,1,433,1,13.000000,1,141.96,1,4.09,1,-91,6.25,1652.56,7,1
10/30/2018 13:20:22 ,20,1,0.93000,1,1.17000,1.49000,51.060310,3.708796,1,433,1,13.000000,1,141.96,1,4.09,1,-91,6.25,1652.56,7,0
10/30/2018 13:20:22 ,20,1,0.93000,1,1.17000,1.49000,51.060310,3.708796,1,2234,1,12.300001,1,141.96,1,4.09,1,-96,6.25,-528.48,7,1
10/30/2018 13:20:23 ,20,1,0.93000,1,1.17000,1.49000,51.060302,3.708806,1,4203,1,11.800001,1,141.70,1,3.52,1,-87,6.25,1652.56,7,1
10/30/2018 13:20:23 ,20,1,0.93000,1,1.17000,1.49000,51.060302,3.708806,1,4203,1,11.800001,1,141.70,1,3.52,1,-87,6.25,1652.56,7,0
10/30/2018 13:20:24 ,20,1,1.11000,1,1.33000,1.74000,51.060287,3.708818,1,1221,1,10.800001,1,136.66,1,4.19,1,-86,6.50,-511.71,7,1
10/30/2018 13:20:25 ,20,1,1.11000,1,1.33000,1.74000,51.060268,3.708827,1,421,1,10.200000,1,138.80,1,3.87,1,-93,6.00,1669.33,7,1
10/30/2018 13:20:25 ,20,1,1.11000,1,1.33000,1.74000,51.060268,3.708827,1,421,1,10.200000,1,138.80,1,3.87,1,-93,6.00,1669.33,7,0
10/30/2018 13:20:25 ,20,1,1.11000,1,1.33000,1.74000,51.060268,3.708827,1,10424,1,10.200000,1,138.80,1,3.87,1,-91,6.25,-494.93,7,1
10/30/2018 13:20:26 ,20,1,0.93000,1,1.17000,1.49000,51.060253,3.708842,1,10122,1,10.300001,1,144.53,1,4.78,1,-91,6.25,1669.33,7,1
10/30/2018 13:20:26 ,20,1,0.93000,1,1.17000,1.49000,51.060253,3.708842,1,10122,1,10.300001,1,144.53,1,4.78,1,-91,6.25,1669.33,7,0
10/30/2018 13:20:27 ,20,1,0.93000,1,1.17000,1.49000,51.060237,3.708853,1,2140,1,10.000000,1,150.91,1,5.54,1,-96,6.25,-511.71,7,1
10/30/2018 13:20:28 ,20,1,0.93000,1,1.17000,1.49000,51.060230,3.708873,1,1333,1,10.000000,1,144.25,1,5.24,1,-90,-3.50,1669.33,7,1
10/30/2018 13:20:28 ,20,1,0.93000,1,1.17000,1.49000,51.060230,3.708873,1,1333,1,10.000000,1,144.25,1,5.24,1,-90,-3.50,1669.33,7,0
10/30/2018 13:20:28 ,20,1,0.93000,1,1.17000,1.49000,51.060230,3.708873,1,11342,1,10.000000,1,144.25,1,5.24,1,-100,5.75,-494.93,7,1
10/30/2018 13:20:29 ,20,1,0.93000,1,1.17000,1.49000,51.060218,3.708886,1,10340,1,10.000000,1,144.62,1,5.72,1,-101,6.00,1669.33,7,1
10/30/2018 13:20:29 ,20,1,0.93000,1,1.17000,1.49000,51.060218,3.708886,1,10340,1,10.000000,1,144.62,1,5.72,1,-101,6.00,1669.33,7,0
10/30/2018 13:20:30 ,20,1,0.93000,1,1.17000,1.49000,51.060222,3.708908,1,3043,1,10.200000,1,134.13,1,4.69,1,-100,5.50,-494.93,7,1
10/30/2018 13:20:31 ,20,1,0.93000,1,1.17000,1.49000,51.060218,3.708926,1,2241,1,10.300001,1,131.53,1,5.26,1,-94,6.00,1669.33,7,1
10/30/2018 13:20:31 ,20,1,0.93000,1,1.17000,1.49000,51.060218,3.708926,1,2241,1,10.300001,1,131.53,1,5.26,1,-94,6.00,1669.33,7,0
10/30/2018 13:20:32 ,20,1,0.93000,1,1.17000,1.49000,51.060214,3.708945,1,311,1,10.300001,1,134.96,1,5.15,1,-91,6.25,-478.15,7,1
10/30/2018 13:20:32 ,14,1,0.93000,1,1.17000,1.49000,51.060214,3.708945,1,10432,1,11.100001,1,134.96,1,5.15,1,-89,6.00,1686.11,7,1
10/30/2018 13:20:32 ,14,1,0.93000,1,1.17000,1.49000,51.060214,3.708945,1,10432,1,11.100001,1,134.96,1,5.15,1,-89,6.00,1686.11,7,0
10/30/2018 13:20:33 ,14,1,0.93000,1,1.17000,1.49000,51.060211,3.708964,1,1313,1,11.100001,1,131.46,1,5.19,1,-87,5.75,-478.15,7,1
10/30/2018 13:20:34 ,20,1,0.93000,1,1.17000,1.49000,51.060203,3.708982,1,3201,1,12.100001,1,134.92,1,5.70,1,-88,6.00,1702.89,7,1
10/30/2018 13:20:34 ,20,1,0.93000,1,1.17000,1.49000,51.060203,3.708982,1,3201,1,12.100001,1,134.92,1,5.70,1,-88,6.00,1702.89,7,0
10/30/2018 13:20:35 ,20,1,0.93000,1,1.17000,1.49000,51.060192,3.708999,1,222,1,12.300001,1,134.77,1,6.13,1,-87,6.50,-478.15,7,1
10/30/2018 13:20:36 ,20,1,0.93000,1,1.17000,1.49000,51.060188,3.709017,1,401,1,12.300001,1,130.63,1,4.94,1,-85,5.50,1702.89,7,1
10/30/2018 13:20:36 ,20,1,0.93000,1,1.17000,1.49000,51.060188,3.709017,1,401,1,12.300001,1,130.63,1,4.94,1,-85,5.50,1702.89,7,0
10/30/2018 13:20:36 ,20,1,0.93000,1,1.17000,1.49000,51.060188,3.709017,1,2231,1,12.500000,1,130.63,1,4.94,1,-86,5.50,-461.37,7,1
10/30/2018 13:20:37 ,20,1,0.93000,1,1.16000,1.49000,51.060184,3.709030,1,4123,1,13.000000,1,126.59,1,4.17,1,-88,-6.50,1736.44,7,1
10/30/2018 13:20:37 ,20,1,0.93000,1,1.16000,1.49000,51.060184,3.709030,1,4123,1,13.000000,1,126.59,1,4.17,1,-88,-6.50,1736.44,7,0
10/30/2018 13:20:38 ,20,1,1.11000,1,1.33000,1.73000,51.060165,3.709034,1,1133,1,13.400000,1,149.92,1,5.82,1,-99,5.75,-461.37,7,1
10/30/2018 13:20:39 ,20,1,1.08000,1,1.26000,1.66000,51.060157,3.709053,1,330,1,13.700000,1,144.35,1,6.26,1,-93,6.00,1736.44,7,1
10/30/2018 13:20:39 ,20,1,1.08000,1,1.26000,1.66000,51.060157,3.709053,1,330,1,13.700000,1,144.35,1,6.26,1,-93,6.00,1736.44,7,0
10/30/2018 13:20:39 ,20,1,1.08000,1,1.26000,1.66000,51.060157,3.709053,1,10341,1,13.700000,1,144.35,1,6.26,1,-100,5.25,-427.82,7,1
10/30/2018 13:20:40 ,14,1,1.27000,1,1.64000,2.08000,51.060146,3.709066,1,10101,1,13.900000,1,144.92,1,6.83,1,-93,6.00,1753.22,7,1
10/30/2018 13:20:40 ,14,1,1.27000,1,1.64000,2.08000,51.060146,3.709066,1,10101,1,13.900000,1,144.92,1,6.83,1,-93,6.00,1753.22,7,0
10/30/2018 13:20:41 ,14,1,1.08000,1,1.26000,1.66000,51.060138,3.709092,1,2110,1,14.100001,1,136.55,1,7.28,1,-98,5.75,-444.60,7,1
10/30/2018 13:20:42 ,14,1,1.08000,1,1.26000,1.66000,51.060127,3.709109,1,1310,1,14.200000,1,135.39,1,6.98,1,-91,6.50,1753.22,7,1
10/30/2018 13:20:42 ,14,1,1.08000,1,1.26000,1.66000,51.060127,3.709109,1,1310,1,14.200000,1,135.39,1,6.98,1,-91,6.50,1753.22,7,0
10/30/2018 13:20:42 ,14,1,1.08000,1,1.26000,1.66000,51.060127,3.709109,1,11322,1,14.200000,1,135.39,1,6.98,1,-92,5.75,-427.82,7,1
10/30/2018 13:20:43 ,14,1,1.08000,1,1.26000,1.66000,51.060111,3.709127,1,10104,1,14.200000,1,138.55,1,8.00,1,-90,6.00,1770.00,7,1
10/30/2018 13:20:43 ,14,1,1.08000,1,1.26000,1.66000,51.060111,3.709127,1,10104,1,14.200000,1,138.55,1,8.00,1,-90,6.00,1770.00,7,0
10/30/2018 13:20:44 ,13,1,1.27000,1,1.64000,2.08000,51.060092,3.709150,1,3040,1,13.700000,1,138.99,1,8.80,1,-96,5.75,-411.04,7,1
10/30/2018 13:20:45 ,13,1,1.27000,1,1.64000,2.07000,51.060073,3.709159,1,2224,1,13.700000,1,144.65,1,8.35,1,-95,5.75,1770.00,7,1
10/30/2018 13:20:45 ,13,1,1.27000,1,1.64000,2.07000,51.060073,3.709159,1,2224,1,13.700000,1,144.65,1,8.35,1,-95,5.75,1770.00,7,0
10/30/2018 13:20:46 ,13,1,1.27000,1,1.64000,2.07000,51.060058,3.709175,1,241,1,13.700000,1,144.37,1,7.59,1,-91,6.00,-360.71,7,1
10/30/2018 13:20:46 ,13,1,1.27000,1,1.64000,2.07000,51.060058,3.709175,1,10102,1,13.400000,1,144.37,1,7.59,1,-82,5.50,1770.00,7,1
10/30/2018 13:20:46 ,13,1,1.27000,1,1.64000,2.07000,51.060058,3.709175,1,10102,1,13.400000,1,144.37,1,7.59,1,-82,5.50,1770.00,7,0
10/30/2018 13:20:47 ,13,1,1.27000,1,1.64000,2.07000,51.060039,3.709185,1,2131,1,13.400000,1,146.08,1,7.04,1,-89,5.50,-377.49,7,1
10/30/2018 13:20:48 ,13,1,1.27000,1,1.64000,2.07000,51.060028,3.709199,1,3142,1,13.100001,1,145.19,1,6.65,1,-87,6.25,1786.77,7,1
10/30/2018 13:20:48 ,13,1,1.27000,1,1.64000,2.07000,51.060028,3.709199,1,3142,1,13.100001,1,145.19,1,6.65,1,-87,6.25,1786.77,7,0
10/30/2018 13:20:49 ,13,1,1.34000,1,1.64000,2.12000,51.060001,3.709204,1,224,1,12.500000,1,157.56,1,8.95,1,-83,6.00,-360.71,7,1
10/30/2018 13:20:50 ,13,1,1.34000,1,1.64000,2.12000,51.059978,3.709215,1,344,1,12.500000,1,162.49,1,9.78,1,-88,6.25,1803.55,7,1
10/30/2018 13:20:50 ,13,1,1.34000,1,1.64000,2.12000,51.059978,3.709215,1,344,1,12.500000,1,162.49,1,9.78,1,-88,6.25,1803.55,7,0
10/30/2018 13:20:50 ,13,1,1.34000,1,1.64000,2.12000,51.059978,3.709215,1,2111,1,12.400000,1,162.49,1,9.78,1,-92,5.75,-360.71,7,1
10/30/2018 13:20:51 ,12,1,1.34000,1,1.64000,2.12000,51.059944,3.709223,1,4104,1,12.200000,1,168.03,1,11.87,1,-83,6.50,1803.55,7,1
10/30/2018 13:20:51 ,12,1,1.34000,1,1.64000,2.12000,51.059944,3.709223,1,4104,1,12.200000,1,168.03,1,11.87,1,-83,6.50,1803.55,7,0
10/30/2018 13:20:52 ,13,1,1.42000,1,1.94000,2.40000,51.059913,3.709238,1,1123,1,11.700000,1,169.15,1,12.67,1,-87,6.25,-360.71,7,1
10/30/2018 13:20:53 ,14,1,1.08000,1,1.26000,1.66000,51.059909,3.709262,1,313,1,11.300001,1,164.49,1,8.78,1,-89,5.75,1820.33,7,1
10/30/2018 13:20:53 ,14,1,1.08000,1,1.26000,1.66000,51.059909,3.709262,1,313,1,11.300001,1,164.49,1,8.78,1,-89,5.75,1820.33,7,0
10/30/2018 13:20:53 ,14,1,1.08000,1,1.26000,1.66000,51.059909,3.709262,1,10333,1,11.300001,1,164.49,1,8.78,1,-87,6.50,-343.93,7,1
10/30/2018 13:20:54 ,14,1,1.12000,1,1.28000,1.70000,51.059902,3.709281,1,10020,1,11.200000,1,158.29,1,6.76,1,-97,6.50,1820.33,7,1
10/30/2018 13:20:54 ,14,1,1.12000,1,1.28000,1.70000,51.059902,3.709281,1,10020,1,11.200000,1,158.29,1,6.76,1,-97,6.50,1820.33,7,0
10/30/2018 13:20:55 ,12,1,1.14000,1,1.44000,1.84000,51.059902,3.709300,1,2102,1,11.000000,1,147.40,1,6.07,1,-88,6.00,-343.93,7,1
10/30/2018 13:20:56 ,14,1,0.93000,1,1.16000,1.49000,51.059890,3.709314,1,1212,1,10.300001,1,141.33,1,4.56,1,-79,-6.75,1803.55,7,1
10/30/2018 13:20:56 ,14,1,0.93000,1,1.16000,1.49000,51.059890,3.709314,1,1212,1,10.300001,1,141.33,1,4.56,1,-79,-6.75,1803.55,7,0
10/30/2018 13:20:56 ,14,1,0.93000,1,1.16000,1.49000,51.059890,3.709314,1,11240,1,10.300001,1,141.33,1,4.56,1,-87,6.50,-343.93,7,1
10/30/2018 13:20:57 ,14,1,0.93000,1,1.16000,1.49000,51.059879,3.709323,1,10401,1,10.300001,1,145.15,1,5.02,1,-82,6.50,1820.33,7,1
10/30/2018 13:20:57 ,14,1,0.93000,1,1.16000,1.49000,51.059879,3.709323,1,10401,1,10.300001,1,145.15,1,5.02,1,-82,6.50,1820.33,7,0
10/30/2018 13:20:58 ,14,1,0.93000,1,1.16000,1.49000,51.059856,3.709321,1,3001,1,8.900000,1,157.14,1,4.63,1,-89,5.75,-327.16,7,1
10/30/2018 13:20:59 ,14,1,0.93000,1,1.16000,1.48000,51.059837,3.709321,1,2140,1,7.600000,1,164.69,1,4.63,1,-88,5.75,1853.88,7,1
10/30/2018 13:20:59 ,14,1,0.93000,1,1.16000,1.48000,51.059837,3.709321,1,2140,1,7.600000,1,164.69,1,4.63,1,-88,5.75,1853.88,7,0
10/30/2018 13:21:00 ,14,1,0.93000,1,1.16000,1.48000,51.059814,3.709313,1,144,1,7.600000,1,182.65,1,5.50,1,-87,6.25,-310.38,7,1
10/30/2018 13:21:00 ,14,1,0.93000,1,1.16000,1.48000,51.059814,3.709313,1,12330,1,7.600000,1,182.65,1,5.50,1,-78,6.00,1853.88,7,1
10/30/2018 13:21:00 ,14,1,0.93000,1,1.16000,1.48000,51.059814,3.709313,1,12330,1,7.600000,1,182.65,1,5.50,1,-78,6.00,1853.88,7,0
10/30/2018 13:21:01 ,14,1,0.93000,1,1.16000,1.48000,51.059795,3.709298,1,2221,1,7.600000,1,199.50,1,6.19,1,-80,5.75,-293.60,7,1
10/30/2018 13:21:02 ,14,1,0.93000,1,1.16000,1.48000,51.059776,3.709281,1,3102,1,5.800000,1,208.58,1,5.13,1,-88,5.50,1853.88,7,1
10/30/2018 13:21:02 ,14,1,0.93000,1,1.16000,1.48000,51.059776,3.709281,1,3102,1,5.800000,1,208.58,1,5.13,1,-88,5.50,1853.88,7,0
10/30/2018 13:21:03 ,14,1,0.93000,1,1.16000,1.48000,51.059764,3.709263,1,142,1,5.200000,1,222.11,1,5.06,1,-76,4.75,-293.60,7,1
10/30/2018 13:21:04 ,14,1,0.93000,1,1.16000,1.48000,51.059757,3.709250,1,312,1,5.200000,1,232.17,1,3.78,1,-85,5.75,1853.88,7,1
10/30/2018 13:21:04 ,14,1,0.93000,1,1.16000,1.48000,51.059757,3.709250,1,312,1,5.200000,1,232.17,1,3.78,1,-85,5.75,1853.88,7,0
10/30/2018 13:21:04 ,14,1,0.93000,1,1.16000,1.48000,51.059757,3.709250,1,2121,1,4.300000,1,232.17,1,3.78,1,-82,6.25,-293.60,7,1
10/30/2018 13:21:05 ,14,1,0.93000,1,1.16000,1.48000,51.059738,3.709234,1,4024,1,4.400000,1,237.08,1,4.35,1,-85,5.75,1870.66,7,1
10/30/2018 13:21:05 ,14,1,0.93000,1,1.16000,1.48000,51.059738,3.709234,1,4024,1,4.400000,1,237.08,1,4.35,1,-85,5.75,1870.66,7,0
10/30/2018 13:21:06 ,14,1,1.11000,1,1.33000,1.73000,51.059726,3.709219,1,1104,1,4.000000,1,234.34,1,4.69,1,-80,5.50,-293.60,7,1
10/30/2018 13:21:07 ,13,1,1.11000,1,1.33000,1.73000,51.059715,3.709204,1,234,1,3.800000,1,235.29,1,4.41,1,-83,5.50,1870.66,7,1
10/30/2018 13:21:07 ,13,1,1.11000,1,1.33000,1.73000,51.059715,3.709204,1,234,1,3.800000,1,235.29,1,4.41,1,-83,5.50,1870.66,7,0
10/30/2018 13:21:07 ,13,1,1.11000,1,1.33000,1.73000,51.059715,3.709204,1,10313,1,3.800000,1,235.29,1,4.41,1,-83,6.75,-293.60,7,1
10/30/2018 13:21:08 ,14,1,1.11000,1,1.33000,1.73000,51.059703,3.709188,1,4432,1,3.500000,1,233.53,1,4.74,1,-80,6.00,1853.88,7,1
10/30/2018 13:21:08 ,14,1,1.11000,1,1.33000,1.73000,51.059703,3.709188,1,4432,1,3.500000,1,233.53,1,4.74,1,-80,6.00,1853.88,7,0
10/30/2018 13:21:09 ,14,1,1.11000,1,1.33000,1.73000,51.059692,3.709172,1,2014,1,3.400000,1,233.71,1,4.83,1,-79,5.75,-276.82,7,1
10/30/2018 13:21:10 ,14,1,1.11000,1,1.33000,1.73000,51.059680,3.709153,1,1200,1,3.200000,1,235.02,1,4.70,1,-78,5.75,1870.66,7,1
10/30/2018 13:21:10 ,14,1,1.11000,1,1.33000,1.73000,51.059680,3.709153,1,1200,1,3.200000,1,235.02,1,4.70,1,-78,5.75,1870.66,7,0
10/30/2018 13:21:10 ,14,1,1.11000,1,1.33000,1.73000,51.059680,3.709153,1,11230,1,3.200000,1,235.02,1,4.70,1,-80,5.75,-276.82,7,1
10/30/2018 13:21:10 ,14,1,1.11000,1,1.33000,1.73000,51.059680,3.709153,1,23402,1,3.200000,1,235.02,1,4.70,1,-73,6.25,1887.44,7,1
10/30/2018 13:21:10 ,14,1,1.11000,1,1.33000,1.73000,51.059680,3.709153,1,23402,1,3.200000,1,235.02,1,4.70,1,-73,6.25,1887.44,7,0
10/30/2018 13:21:12 ,14,1,1.11000,1,1.33000,1.73000,51.059665,3.709117,1,2422,1,3.200000,1,236.64,1,4.82,1,-89,5.50,-260.05,7,1
10/30/2018 13:21:13 ,14,1,1.11000,1,1.33000,1.73000,51.059661,3.709097,1,2043,1,2.900000,1,240.37,1,4.78,1,-79,5.75,1904.21,7,1
10/30/2018 13:21:13 ,14,1,1.11000,1,1.33000,1.73000,51.059661,3.709097,1,2043,1,2.900000,1,240.37,1,4.78,1,-79,5.75,1904.21,7,0
10/30/2018 13:21:14 ,14,1,1.11000,1,1.33000,1.73000,51.059646,3.709082,1,123,1,2.900000,1,238.26,1,4.41,1,-79,5.75,-226.49,7,1
10/30/2018 13:21:14 ,14,1,1.11000,1,1.33000,1.73000,51.059646,3.709082,1,12311,1,2.900000,1,238.26,1,4.41,1,-75,5.75,1920.99,7,1
10/30/2018 13:21:14 ,14,1,1.11000,1,1.33000,1.73000,51.059646,3.709082,1,12311,1,2.900000,1,238.26,1,4.41,1,-75,5.75,1920.99,7,0
10/30/2018 13:21:15 ,14,1,1.11000,1,1.33000,1.73000,51.059635,3.709066,1,2110,1,2.900000,1,236.85,1,4.61,1,-81,6.00,-276.82,7,1
10/30/2018 13:21:16 ,14,1,1.11000,1,1.33000,1.73000,51.059638,3.709044,1,3032,1,2.200000,1,250.51,1,4.78,1,-77,7.50,1904.21,7,1
10/30/2018 13:21:16 ,14,1,1.11000,1,1.33000,1.73000,51.059638,3.709044,1,3032,1,2.200000,1,250.51,1,4.78,1,-77,7.50,1904.21,7,0
10/30/2018 13:21:17 ,14,1,1.11000,1,1.33000,1.73000,51.059635,3.709026,1,104,1,2.000000,1,254.80,1,4.54,1,-76,5.75,-226.49,7,1
10/30/2018 13:21:18 ,14,1,1.11000,1,1.33000,1.73000,51.059635,3.709007,1,232,1,2.000000,1,262.82,1,4.32,1,-74,6.25,1937.77,7,1
10/30/2018 13:21:18 ,14,1,1.11000,1,1.33000,1.73000,51.059635,3.709007,1,232,1,2.000000,1,262.82,1,4.32,1,-74,6.25,1937.77,7,0
10/30/2018 13:21:18 ,14,1,2.46000,1,1.33000,1.73000,51.059635,3.709007,1,2003,1,2.300000,1,262.82,1,4.32,1,-85,5.50,-209.72,7,1
10/30/2018 13:21:19 ,13,1,2.46000,1,2.04000,3.19000,51.059631,3.708985,1,4004,1,2.300000,1,263.98,1,4.69,1,-75,6.00,1920.99,7,1
10/30/2018 13:21:19 ,13,1,2.46000,1,2.04000,3.19000,51.059631,3.708985,1,4004,1,2.300000,1,263.98,1,4.69,1,-75,6.00,1920.99,7,0
10/30/2018 13:21:20 ,13,1,2.46000,1,2.04000,3.19000,51.059623,3.708971,1,1113,1,2.500000,1,263.98,1,3.37,1,-85,5.75,-209.72,7,1
10/30/2018 13:21:21 ,13,1,1.11000,1,2.04000,3.19000,51.059612,3.708953,1,204,1,2.500000,1,253.33,1,4.69,1,-73,6.50,1937.77,7,1
10/30/2018 13:21:21 ,13,1,1.11000,1,2.04000,3.19000,51.059612,3.708953,1,204,1,2.500000,1,253.33,1,4.69,1,-73,6.50,1937.77,7,0
10/30/2018 13:21:21 ,13,1,1.11000,1,1.33000,1.73000,51.059612,3.708953,1,10233,1,2.500000,1,253.33,1,4.69,1,-80,5.75,-209.72,7,1
10/30/2018 13:21:22 ,13,1,2.46000,1,2.04000,3.19000,51.059604,3.708932,1,4421,1,2.600000,1,247.91,1,5.28,1,-69,5.75,1988.10,7,1
10/30/2018 13:21:22 ,13,1,2.46000,1,2.04000,3.19000,51.059604,3.708932,1,4421,1,2.600000,1,247.91,1,5.28,1,-69,5.75,1988.10,7,0
10/30/2018 13:21:23 ,13,1,4.01000,1,2.29000,4.62000,51.059593,3.708913,1,2012,1,2.000000,1,243.57,1,5.39,1,-61,-10.00,-125.83,7,1
10/30/2018 13:21:24 ,13,1,4.01000,1,2.29000,4.62000,51.059589,3.708896,1,1204,1,1.900000,1,243.57,1,4.04,1,-70,5.75,1971.32,7,1
10/30/2018 13:21:24 ,13,1,4.01000,1,2.29000,4.62000,51.059589,3.708896,1,1204,1,1.900000,1,243.57,1,4.04,1,-70,5.75,1971.32,7,0
10/30/2018 13:21:24 ,13,1,4.01000,1,2.29000,4.62000,51.059589,3.708896,1,11233,1,1.900000,1,243.57,1,4.04,1,-70,5.50,-176.16,7,1
10/30/2018 13:21:25 ,14,1,1.11000,1,1.17000,1.62000,51.059600,3.708869,1,10331,1,2.400000,1,243.57,1,4.04,1,-69,6.00,1971.32,7,1
10/30/2018 13:21:25 ,14,1,1.11000,1,1.17000,1.62000,51.059600,3.708869,1,10331,1,2.400000,1,243.57,1,4.04,1,-69,6.00,1971.32,7,0
10/30/2018 13:21:26 ,14,1,0.97000,1,1.28000,1.61000,51.059597,3.708847,1,2410,1,3.000000,1,271.49,1,5.76,1,-71,5.50,-176.16,7,1
10/30/2018 13:21:27 ,14,1,1.42000,1,1.52000,2.08000,51.059597,3.708825,1,2041,1,3.000000,1,273.76,1,5.02,1,-74,6.00,1971.32,7,1
10/30/2018 13:21:27 ,14,1,1.42000,1,1.52000,2.08000,51.059597,3.708825,1,2041,1,3.000000,1,273.76,1,5.02,1,-74,6.00,1971.32,7,0
10/30/2018 13:21:28 ,14,1,1.42000,1,1.52000,2.08000,51.059600,3.708802,1,104,1,3.000000,1,276.77,1,5.13,1,-67,5.50,-176.16,7,1
10/30/2018 13:21:28 ,14,1,1.42000,1,1.52000,2.08000,51.059600,3.708802,1,12232,1,3.000000,1,276.77,1,5.13,1,-68,6.25,1971.32,7,1
10/30/2018 13:21:28 ,14,1,1.42000,1,1.52000,2.08000,51.059600,3.708802,1,12232,1,3.000000,1,276.77,1,5.13,1,-68,6.25,1971.32,7,0
10/30/2018 13:21:29 ,14,1,1.42000,1,1.52000,2.08000,51.059593,3.708786,1,2102,1,3.000000,1,276.77,1,4.35,1,-67,5.50,-176.16,7,1
10/30/2018 13:21:30 ,13,1,1.31000,1,1.47000,1.97000,51.059581,3.708771,1,3022,1,4.900000,1,276.77,1,4.15,1,-63,4.75,1971.32,7,1
10/30/2018 13:21:30 ,13,1,1.31000,1,1.47000,1.97000,51.059581,3.708771,1,3022,1,4.900000,1,276.77,1,4.15,1,-63,4.75,1971.32,7,0
10/30/2018 13:21:31 ,12,1,2.17000,1,1.47000,1.97000,51.059577,3.708752,1,123,1,5.000000,1,276.77,1,4.89,1,-73,6.00,-159.38,7,1
10/30/2018 13:21:32 ,12,1,2.17000,1,2.70000,3.46000,51.059574,3.708733,1,200,1,5.000000,1,266.48,1,5.06,1,-60,6.50,1971.32,7,1
10/30/2018 13:21:32 ,12,1,2.17000,1,2.70000,3.46000,51.059574,3.708733,1,200,1,5.000000,1,266.48,1,5.06,1,-60,6.50,1971.32,7,0
10/30/2018 13:21:32 ,12,1,2.17000,1,2.70000,3.46000,51.059574,3.708733,1,10230,1,5.000000,1,266.48,1,5.06,1,-51,-4.75,-159.38,7,1
10/30/2018 13:21:33 ,13,1,2.49000,1,2.83000,3.77000,51.059570,3.708718,1,3422,1,5.300000,1,263.17,1,4.52,1,-61,6.00,1988.10,7,1
10/30/2018 13:21:33 ,13,1,2.49000,1,2.83000,3.77000,51.059570,3.708718,1,3422,1,5.300000,1,263.17,1,4.52,1,-61,6.00,1988.10,7,0
10/30/2018 13:21:34 ,14,1,1.21000,1,1.58000,1.99000,51.059570,3.708712,1,1024,1,5.500000,1,263.17,1,3.19,1,-71,5.75,-142.61,7,1
10/30/2018 13:21:35 ,14,1,1.17000,1,1.58000,1.99000,51.059558,3.708714,1,201,1,5.300000,1,263.17,1,2.22,1,-64,6.50,1988.10,7,1
10/30/2018 13:21:35 ,14,1,1.17000,1,1.58000,1.99000,51.059558,3.708714,1,201,1,5.300000,1,263.17,1,2.22,1,-64,6.50,1988.10,7,0
10/30/2018 13:21:35 ,14,1,1.17000,1,1.45000,1.86000,51.059558,3.708714,1,10232,1,5.300000,1,263.17,1,2.22,1,-65,5.75,-142.61,7,1
10/30/2018 13:21:36 ,14,1,1.31000,1,1.47000,1.96000,51.059558,3.708716,1,4404,1,5.300000,1,263.17,1,1.83,1,-61,6.00,1971.32,7,1
10/30/2018 13:21:36 ,14,1,1.31000,1,1.47000,1.96000,51.059558,3.708716,1,4404,1,5.300000,1,263.17,1,1.83,1,-61,6.00,1971.32,7,0
10/30/2018 13:21:37 ,13,1,1.31000,1,1.47000,1.96000,51.059555,3.708728,1,2002,1,5.000000,1,263.17,1,1.26,1,-60,5.75,-142.61,7,1
10/30/2018 13:21:38 ,13,1,1.31000,1,1.47000,1.96000,51.059558,3.708731,1,1131,1,4.900000,1,263.17,1,0.48,1,-58,5.50,2004.88,7,1
10/30/2018 13:21:38 ,13,1,1.31000,1,1.47000,1.96000,51.059558,3.708731,1,1131,1,4.900000,1,263.17,1,0.48,1,-58,5.50,2004.88,7,0
10/30/2018 13:21:38 ,13,1,1.31000,1,1.47000,1.96000,51.059558,3.708731,1,11212,1,4.900000,1,263.17,1,0.48,1,-15,6.00,-142.61,7,1
10/30/2018 13:21:39 ,14,1,1.11000,1,1.17000,1.61000,51.059562,3.708728,1,10323,1,5.100000,1,263.17,1,1.80,1,-61,6.25,1988.10,7,1
10/30/2018 13:21:39 ,14,1,1.11000,1,1.17000,1.61000,51.059562,3.708728,1,10323,1,5.100000,1,263.17,1,1.80,1,-61,6.25,1988.10,7,0
10/30/2018 13:21:40 ,13,1,1.18000,1,1.53000,1.93000,51.059562,3.708724,1,2421,1,5.400000,1,263.17,1,2.30,1,-16,6.00,-142.61,7,1
10/30/2018 13:21:41 ,14,1,1.17000,1,1.44000,1.86000,51.059558,3.708727,1,2033,1,5.400000,1,263.17,1,1.33,1,-61,6.00,1988.10,7,1
10/30/2018 13:21:41 ,14,1,1.17000,1,1.44000,1.86000,51.059558,3.708727,1,2033,1,5.400000,1,263.17,1,1.33,1,-61,6.00,1988.10,7,0
10/30/2018 13:21:42 ,14,1,1.17000,1,1.44000,1.86000,51.059555,3.708733,1,40,1,5.400000,1,263.17,1,0.83,1,-7,3.50,-142.61,7,1
10/30/2018 13:21:42 ,14,1,1.17000,1,1.44000,1.86000,51.059555,3.708733,1,12211,1,5.400000,1,263.17,1,0.83,1,-69,6.25,1988.10,7,1
10/30/2018 13:21:42 ,14,1,1.17000,1,1.44000,1.86000,51.059555,3.708733,1,12211,1,5.400000,1,263.17,1,0.83,1,-69,6.25,1988.10,7,0
10/30/2018 13:21:42 ,14,1,1.17000,1,1.44000,1.86000,51.059555,3.708733,1,22243,1,5.400000,1,263.17,1,0.83,1,-18,5.75,-125.83,7,1
10/30/2018 13:21:44 ,14,1,1.31000,1,1.46000,1.96000,51.059558,3.708754,1,3001,1,5.700000,1,263.17,1,1.52,1,-59,6.00,1988.10,7,1
10/30/2018 13:21:44 ,14,1,1.31000,1,1.46000,1.96000,51.059558,3.708754,1,3001,1,5.700000,1,263.17,1,1.52,1,-59,6.00,1988.10,7,0
10/30/2018 13:21:45 ,14,1,1.17000,1,1.46000,1.96000,51.059558,3.708759,1,44,1,5.800000,1,263.17,1,1.33,1,-64,6.25,-109.05,7,1
10/30/2018 13:21:46 ,14,1,1.17000,1,1.20000,1.68000,51.059558,3.708767,1,141,1,5.800000,1,263.17,1,1.17,1,-59,6.25,2004.88,7,1
10/30/2018 13:21:46 ,14,1,1.17000,1,1.20000,1.68000,51.059558,3.708767,1,141,1,5.800000,1,263.17,1,1.17,1,-59,6.25,2004.88,7,0
10/30/2018 13:21:46 ,14,1,1.17000,1,1.20000,1.68000,51.059558,3.708767,1,10223,1,5.800000,1,263.17,1,1.17,1,-74,5.75,-109.05,7,1
10/30/2018 13:21:47 ,14,1,1.16000,1,1.44000,1.85000,51.059562,3.708785,1,3413,1,6.400000,1,263.17,1,1.07,1,-66,5.75,2004.88,7,1
10/30/2018 13:21:47 ,14,1,1.16000,1,1.44000,1.85000,51.059562,3.708785,1,3413,1,6.400000,1,263.17,1,1.07,1,-66,5.75,2004.88,7,0
10/30/2018 13:21:48 ,14,1,0.92000,1,1.15000,1.48000,51.059566,3.708815,1,1010,1,7.000000,1,263.17,1,1.72,1,-65,5.50,-109.05,7,1
10/30/2018 13:21:48 ,14,1,0.92000,1,1.15000,1.48000,51.059566,3.708815,1,3344,1,7.000000,1,263.17,1,1.72,1,-122,-12.00,9319.74,203,1
