00/00/2000 00:00:00 ,0,1,99.99000,1,99.99000,99.99000,0.000000,0.000000,0,32244002423140,0,0.000000,0,0.00,0,0.00,0,-67,5.75,4236.25,7,1
00/00/2000 00:00:00 ,0,1,99.99000,1,99.99000,99.99000,0.000000,0.000000,0,32244002423140,0,0.000000,0,0.00,0,0.00,0,-67,5.75,4236.25,7,0
00/00/2000 00:00:00 ,0,1,99.99000,1,99.99000,99.99000,0.000000,0.000000,0,32244002423140,0,0.000000,0,0.00,0,0.00,0,-65,5.75,4219.47,7,1
00/00/2000 00:00:00 ,0,1,99.99000,1,99.99000,99.99000,0.000000,0.000000,0,32244002423140,0,0.000000,0,0.00,0,0.00,0,-65,5.75,4219.47,7,0
00/00/2000 00:00:00 ,0,1,99.99000,1,99.99000,99.99000,0.000000,0.000000,0,32244002423140,0,0.000000,0,0.00,0,0.00,0,-77,-0.50,2472.54,9,1
00/00/2000 00:00:00 ,0,1,99.99000,1,99.99000,99.99000,0.000000,0.000000,0,32244002423140,0,0.000000,0,0.00,0,0.00,0,-77,-0.50,2472.54,9,0
00/00/2000 00:00:00 ,0,1,99.99000,1,99.99000,99.99000,0.000000,0.000000,0,32244002423140,0,0.000000,0,0.00,0,0.00,0,-88,7.25,2455.76,9,1
00/00/2000 00:00:00 ,0,1,99.99000,1,99.99000,99.99000,0.000000,0.000000,0,32244002423140,0,0.000000,0,0.00,0,0.00,0,-88,7.25,2455.76,9,0
00/00/2000 00:00:00 ,0,1,99.99000,1,99.99000,99.99000,0.000000,0.000000,0,32244002423140,0,0.000000,0,0.00,0,0.00,0,-88,7.25,2455.76,9,0
00/00/2000 00:00:00 ,0,1,99.99000,1,99.99000,99.99000,0.000000,0.000000,0,32244002423140,0,0.000000,0,0.00,0,0.00,0,-93,7.00,2438.99,9,1
00/00/2000 15:17:45 ,0,1,99.99000,1,99.99000,99.99000,0.000000,0.000000,0,32244002423140,0,0.000000,0,0.00,0,0.00,0,-93,7.00,2438.99,9,0
00/00/2000 15:17:46 ,0,1,99.99000,1,99.99000,99.99000,0.000000,0.000000,0,32244002423140,0,0.000000,0,0.00,0,0.00,0,-93,7.00,2438.99,9,0
10/29/2018 15:17:48 ,0,1,99.99000,1,99.99000,99.99000,0.000000,0.000000,0,32244002423140,0,0.000000,0,0.00,0,0.00,0,-93,7.00,2438.99,9,0
10/29/2018 15:17:49 ,0,1,99.99000,1,99.99000,99.99000,0.000000,0.000000,0,32244002423140,0,0.000000,0,0.00,0,0.00,0,-91,4.50,-1136.92,12,1
10/29/2018 15:17:49 ,0,1,99.99000,1,99.99000,99.99000,0.000000,0.000000,0,32244002423140,0,0.000000,0,0.00,0,0.00,0,-91,4.50,-1136.92,12,0
10/29/2018 15:17:51 ,0,1,99.99000,1,99.99000,99.99000,0.000000,0.000000,0,32244002423140,0,0.000000,0,0.00,0,0.00,0,-91,4.50,-1136.92,12,0
10/29/2018 15:17:53 ,0,1,99.99000,1,99.99000,99.99000,0.000000,0.000000,0,32244002423140,0,0.000000,0,0.00,0,0.00,0,-91,4.50,-1136.92,12,0
10/29/2018 15:17:55 ,0,1,99.99000,1,99.99000,99.99000,0.000000,0.000000,0,32244002423140,0,0.000000,0,0.00,0,0.00,0,-91,4.50,-1136.92,12,0
10/29/2018 15:17:57 ,0,1,99.99000,1,99.99000,99.99000,0.000000,0.000000,0,32244002423140,0,0.000000,0,0.00,0,0.00,0,-91,4.50,-1136.92,12,0
10/29/2018 15:17:58 ,0,1,99.99000,1,99.99000,99.99000,0.000000,0.000000,0,32244002423140,0,0.000000,0,0.00,0,0.00,0,-90,4.25,-1177.81,12,1
10/29/2018 15:17:58 ,0,1,99.99000,1,99.99000,99.99000,0.000000,0.000000,0,32244002423140,0,0.000000,0,0.00,0,0.00,0,-90,4.25,-1177.81,12,0
10/29/2018 15:18:00 ,0,1,99.99000,1,99.99000,99.99000,0.000000,0.000000,0,32244002423140,0,0.000000,0,0.00,0,0.00,0,-90,4.25,-1177.81,12,0
10/29/2018 15:18:02 ,0,1,99.99000,1,99.99000,99.99000,0.000000,0.000000,0,32244002423140,0,0.000000,0,0.00,0,0.00,0,-90,4.25,-1177.81,12,0
10/29/2018 15:18:03 ,4,1,2.99000,1,4.20000,5.16000,51.060276,3.708233,1,1114,1,0.600000,1,0.00,1,2.54,1,-90,4.25,-1177.81,12,0
10/29/2018 15:18:05 ,4,1,2.99000,1,4.20000,5.16000,51.060291,3.708235,1,3121,1,0.100000,1,0.00,1,2.00,1,-90,4.25,-1177.81,12,0
10/29/2018 15:18:07 ,4,1,4.53000,1,1.00000,4.64000,51.060291,3.708235,1,34142,1,0.100000,1,0.00,1,2.00,1,-90,4.25,-1177.81,12,0
10/29/2018 15:18:07 ,4,1,4.53000,1,1.00000,4.64000,51.060291,3.708235,1,34343,1,0.100000,1,0.00,1,2.00,1,-92,4.75,-1196.69,12,1
10/29/2018 15:18:08 ,4,1,4.53000,1,1.00000,4.64000,51.060291,3.708235,1,102421,1,0.100000,1,0.00,1,2.00,1,-92,4.75,-1196.69,12,0
10/29/2018 15:18:10 ,4,1,4.52000,1,1.00000,4.63000,51.060291,3.708235,1,133441,1,0.100000,1,0.00,1,2.00,1,-92,4.75,-1196.69,12,0
10/29/2018 15:18:11 ,4,1,4.52000,1,1.00000,4.63000,51.060291,3.708235,1,202230,1,0.100000,1,0.00,1,2.00,1,-92,4.75,-1196.69,12,0
10/29/2018 15:18:12 ,4,1,2.99000,1,1.00000,4.63000,51.060256,3.708193,1,102,1,-4.200000,1,32.98,1,5.28,1,-64,5.50,4102.03,7,1
10/29/2018 15:18:13 ,4,1,2.99000,1,4.21000,5.16000,51.060245,3.708176,1,1242,1,-9.300001,1,32.98,1,4.37,1,-64,5.50,4102.03,7,0
10/29/2018 15:18:13 ,4,1,2.99000,1,4.21000,5.16000,51.060245,3.708176,1,4331,1,-9.300001,1,32.98,1,4.37,1,-68,5.75,4068.47,7,1
10/29/2018 15:18:14 ,4,1,2.99000,1,4.22000,5.17000,51.060245,3.708187,1,10121,1,-9.700000,1,32.98,1,3.33,1,-68,5.75,4068.47,7,0
10/29/2018 15:18:15 ,4,1,2.98000,1,4.22000,5.17000,51.060249,3.708205,1,11424,1,-8.900000,1,32.98,1,5.22,1,-90,6.25,2371.88,9,1
10/29/2018 15:18:15 ,4,1,2.98000,1,4.22000,5.17000,51.060249,3.708205,1,11424,1,-8.900000,1,32.98,1,5.22,1,-90,6.25,2371.88,9,0
10/29/2018 15:18:17 ,4,1,2.98000,1,4.22000,5.17000,51.060264,3.708229,1,1143,1,-7.200000,1,32.98,1,1.00,1,-90,6.25,2371.88,9,0
10/29/2018 15:18:18 ,4,1,2.98000,1,4.22000,5.17000,51.060279,3.708228,1,3340,1,-5.800000,1,32.98,1,2.76,1,-98,7.25,2384.46,9,1
10/29/2018 15:18:18 ,4,1,2.98000,1,4.22000,5.17000,51.060279,3.708228,1,3340,1,-5.800000,1,32.98,1,2.76,1,-98,7.25,2384.46,9,0
10/29/2018 15:18:20 ,4,1,3.04000,1,1.00000,3.20000,51.060287,3.708246,1,21442,1,-5.200000,1,32.98,1,2.61,1,-98,7.25,2384.46,9,0
10/29/2018 15:18:21 ,0,1,99.99000,1,99.99000,99.99000,51.060287,3.708246,1,40232,1,-5.200000,1,32.98,1,2.61,1,-98,7.25,2384.46,9,0
10/29/2018 15:18:23 ,0,1,99.99000,1,99.99000,99.99000,51.060287,3.708246,1,121310,1,-5.200000,1,32.98,1,2.61,1,-98,7.25,2384.46,9,0
10/29/2018 15:18:25 ,0,1,99.99000,1,99.99000,99.99000,51.060287,3.708246,1,202334,1,-5.200000,1,32.98,1,2.61,1,-98,7.25,2384.46,9,0
10/29/2018 15:18:26 ,0,1,99.99000,1,99.99000,99.99000,51.060287,3.708246,1,204411,1,-5.200000,1,32.98,1,2.61,1,-94,4.25,-1216.61,12,1
10/29/2018 15:18:27 ,0,1,99.99000,1,99.99000,99.99000,51.060287,3.708246,1,224034,1,-5.200000,1,32.98,1,2.61,1,-94,4.25,-1216.61,12,0
10/29/2018 15:18:28 ,0,1,99.99000,1,99.99000,99.99000,51.060287,3.708246,1,243210,1,-5.200000,1,32.98,1,2.61,1,-94,4.25,-1216.61,12,0
10/29/2018 15:18:30 ,0,1,99.99000,1,99.99000,99.99000,51.060287,3.708246,1,324330,1,-5.200000,1,32.98,1,2.61,1,-94,4.25,-1216.61,12,0
10/29/2018 15:18:32 ,0,1,99.99000,1,99.99000,99.99000,51.060287,3.708246,1,410401,1,-5.200000,1,32.98,1,2.61,1,-94,4.25,-1216.61,12,0
10/29/2018 15:18:34 ,10,1,1.62000,1,3.16000,3.55000,51.060260,3.708230,1,420,1,-1.300000,1,32.98,1,0.52,1,-94,4.25,-1216.61,12,0
10/29/2018 15:18:35 ,10,1,1.62000,1,3.16000,3.55000,51.060264,3.708242,1,131,1,-1.900000,1,32.98,1,0.89,1,-91,4.75,-1242.30,12,1
10/29/2018 15:18:36 ,10,1,1.62000,1,3.17000,3.55000,51.060256,3.708228,1,1330,1,-1.300000,1,114.08,1,1.78,1,-91,4.75,-1242.30,12,0
10/29/2018 15:18:38 ,10,1,3.04000,1,1.00000,3.20000,51.060260,3.708232,1,20334,1,-2.500000,1,119.35,1,2.30,1,-91,4.75,-1242.30,12,0
10/29/2018 15:18:37 ,10,1,3.04000,1,1.00000,3.20000,51.060260,3.708232,1,101410,1,-2.500000,1,119.35,1,2.30,1,-91,4.75,-1242.30,12,0
10/29/2018 15:18:39 ,10,1,3.04000,1,1.00000,3.20000,51.060260,3.708232,1,132431,1,-2.500000,1,119.35,1,2.30,1,-91,4.75,-1242.30,12,0
10/29/2018 15:18:41 ,11,1,1.62000,1,3.17000,3.56000,51.060264,3.708233,1,1331,1,-0.300000,1,148.78,1,4.63,1,-94,4.25,-1256.46,12,1
10/29/2018 15:18:41 ,11,1,1.62000,1,3.17000,3.56000,51.060264,3.708233,1,1331,1,-0.300000,1,148.78,1,4.63,1,-94,4.25,-1256.46,12,0
10/29/2018 15:18:43 ,11,1,1.38000,1,3.04000,3.34000,51.060256,3.708263,1,1322,1,1.400000,1,148.78,1,4.33,1,-69,5.75,4034.92,7,1
10/29/2018 15:18:43 ,11,1,1.38000,1,3.04000,3.34000,51.060256,3.708263,1,1322,1,1.400000,1,148.78,1,4.33,1,-69,5.75,4034.92,7,0
10/29/2018 15:18:44 ,11,1,1.38000,1,3.04000,3.34000,51.060245,3.708252,1,11033,1,-0.800000,1,148.78,1,0.74,1,-68,6.00,4034.92,7,1
10/29/2018 15:18:44 ,11,1,1.38000,1,3.04000,3.34000,51.060245,3.708252,1,11033,1,-0.800000,1,148.78,1,0.74,1,-68,6.00,4034.92,7,0
10/29/2018 15:18:45 ,10,1,1.62000,1,3.05000,3.34000,51.060241,3.708250,1,24111,1,-0.400000,1,148.78,1,0.52,1,-92,7.25,2338.32,9,1
10/29/2018 15:18:45 ,10,1,1.62000,1,3.05000,3.34000,51.060241,3.708250,1,24111,1,-0.400000,1,148.78,1,0.52,1,-92,7.25,2338.32,9,0
10/29/2018 15:18:48 ,11,1,1.38000,1,3.05000,3.35000,51.060234,3.708246,1,11200,1,-3.500000,1,148.78,1,0.24,1,-92,7.25,2338.32,9,0
10/29/2018 15:18:49 ,11,1,1.38000,1,3.05000,3.35000,51.060234,3.708249,1,3022,1,-3.400000,1,148.78,1,0.30,1,-92,7.25,2338.32,9,1
10/29/2018 15:18:50 ,11,1,1.38000,1,3.05000,3.35000,51.060234,3.708247,1,3043,1,-3.100000,1,148.78,1,0.19,1,-92,7.25,2338.32,9,0
10/29/2018 15:18:52 ,11,1,1.38000,1,3.05000,3.35000,51.060230,3.708243,1,424,1,-2.600000,1,148.78,1,0.15,1,-91,7.25,2355.10,9,1
10/29/2018 15:18:52 ,11,1,1.38000,1,3.05000,3.35000,51.060230,3.708243,1,424,1,-2.600000,1,148.78,1,0.15,1,-91,7.25,2355.10,9,0
10/29/2018 15:18:53 ,11,1,1.39000,1,3.05000,3.35000,51.060230,3.708243,1,2402,1,-1.800000,1,148.78,1,0.20,1,-91,7.25,2355.10,9,0
10/29/2018 15:18:55 ,11,1,1.39000,1,3.05000,3.35000,51.060226,3.708243,1,2431,1,-0.400000,1,148.78,1,0.20,1,-91,7.25,2355.10,9,0
10/29/2018 15:18:57 ,11,1,1.39000,1,3.05000,3.35000,51.060230,3.708244,1,3002,1,0.600000,1,148.78,1,0.61,1,-91,7.25,2355.10,9,0
10/29/2018 15:18:59 ,11,1,1.39000,1,3.05000,3.35000,51.060234,3.708244,1,3031,1,1.900000,1,148.78,1,0.07,1,-91,7.25,2355.10,9,0
10/29/2018 15:18:59 ,11,1,1.39000,1,3.05000,3.35000,51.060234,3.708244,1,4422,1,1.900000,1,148.78,1,0.07,1,-90,5.00,-1226.05,12,1
10/29/2018 15:19:00 ,11,1,1.39000,1,3.05000,3.35000,51.060234,3.708245,1,4442,1,1.700000,1,148.78,1,0.04,1,-90,5.00,-1226.05,12,0
10/29/2018 15:19:02 ,11,1,1.39000,1,3.05000,3.35000,51.060234,3.708244,1,10014,1,1.500000,1,148.78,1,0.33,1,-90,5.00,-1226.05,12,0
10/29/2018 15:19:04 ,11,1,1.39000,1,3.05000,3.36000,51.060234,3.708246,1,10042,1,2.100000,1,148.78,1,0.07,1,-90,5.00,-1226.05,12,0
10/29/2018 15:19:06 ,11,1,1.39000,1,3.06000,3.36000,51.060237,3.708247,1,10112,1,2.600000,1,148.78,1,0.06,1,-90,5.00,-1226.05,12,0
10/29/2018 15:19:08 ,11,1,1.39000,1,3.06000,3.36000,51.060237,3.708249,1,10132,1,2.600000,1,148.78,1,0.04,1,-90,5.00,-1226.05,12,0
10/29/2018 15:19:08 ,11,1,1.39000,1,3.06000,3.36000,51.060237,3.708249,1,11203,1,2.600000,1,148.78,1,0.04,1,-96,5.25,-1229.72,12,1
10/29/2018 15:19:09 ,11,1,1.39000,1,3.06000,3.36000,51.060237,3.708249,1,11230,1,2.700000,1,148.78,1,0.02,1,-96,5.25,-1229.72,12,0
10/29/2018 15:19:11 ,11,1,1.39000,1,3.06000,3.36000,51.060237,3.708250,1,131,1,2.700000,1,148.78,1,0.04,1,-96,5.25,-1229.72,12,0
10/29/2018 15:19:12 ,11,1,1.39000,1,3.06000,3.36000,51.060237,3.708250,1,322,1,2.300000,1,148.78,1,0.04,1,-96,5.25,-1229.72,12,0
10/29/2018 15:19:13 ,11,1,1.39000,1,3.06000,3.36000,51.060237,3.708251,1,1440,1,2.100000,1,148.78,1,0.06,1,-96,5.25,-1229.72,12,0
10/29/2018 15:19:15 ,11,1,1.39000,1,3.06000,3.36000,51.060237,3.708253,1,2022,1,1.900000,1,148.78,1,0.06,1,-96,5.25,-1229.72,12,0
10/29/2018 15:19:17 ,11,1,1.39000,1,3.06000,3.36000,51.060237,3.708254,1,2042,1,1.600000,1,148.78,1,0.02,1,-96,5.25,-1229.72,12,0
10/29/2018 15:19:17 ,11,1,1.39000,1,3.06000,3.36000,51.060237,3.708254,1,3102,1,1.600000,1,148.78,1,0.02,1,-60,3.00,4118.81,7,1
10/29/2018 15:19:18 ,11,1,1.39000,1,3.06000,3.36000,51.060237,3.708253,1,3133,1,1.500000,1,148.78,1,0.02,1,-60,3.00,4118.81,7,0
10/29/2018 15:19:19 ,11,1,1.39000,1,3.06000,3.36000,51.060241,3.708255,1,144,1,1.500000,1,148.78,1,0.44,1,-66,5.75,4102.03,7,1
10/29/2018 15:19:20 ,13,1,1.02000,1,2.14000,2.37000,51.060245,3.708257,1,414,1,2.800000,1,148.78,1,0.13,1,-66,5.75,4102.03,7,0
10/29/2018 15:19:20 ,13,1,1.02000,1,2.14000,2.37000,51.060245,3.708257,1,4002,1,2.800000,1,148.78,1,0.13,1,-66,5.75,4102.03,7,1
10/29/2018 15:19:20 ,13,1,1.02000,1,2.14000,2.37000,51.060245,3.708257,1,10234,1,2.800000,1,148.78,1,0.13,1,-91,7.75,2359.30,9,1
10/29/2018 15:19:21 ,13,1,1.02000,1,2.14000,2.37000,51.060245,3.708259,1,10312,1,3.100000,1,148.78,1,0.04,1,-91,7.75,2359.30,9,0
10/29/2018 15:19:23 ,13,1,1.02000,1,2.14000,2.37000,51.060249,3.708259,1,2202,1,3.800000,1,148.78,1,0.04,1,-91,7.75,2355.10,9,1
10/29/2018 15:19:23 ,13,1,1.02000,1,2.14000,2.37000,51.060249,3.708259,1,2202,1,3.800000,1,148.78,1,0.04,1,-91,7.75,2355.10,9,0
10/29/2018 15:19:25 ,13,1,1.02000,1,2.14000,2.37000,51.060253,3.708259,1,2344,1,4.700000,1,148.78,1,0.02,1,-91,7.75,2355.10,9,0
10/29/2018 15:19:26 ,13,1,1.02000,1,2.14000,2.37000,51.060256,3.708259,1,44,1,4.700000,1,148.78,1,0.02,1,-91,7.50,2355.10,9,1
10/29/2018 15:19:27 ,13,1,1.02000,1,2.14000,2.37000,51.060256,3.708258,1,233,1,5.100000,1,148.78,1,0.06,1,-91,7.50,2355.10,9,0
10/29/2018 15:19:28 ,13,1,1.02000,1,2.14000,2.37000,51.060256,3.708257,1,2143,1,5.100000,1,148.78,1,0.02,1,-91,7.50,2355.10,9,0
10/29/2018 15:19:30 ,13,1,1.02000,1,2.14000,2.37000,51.060260,3.708256,1,2231,1,5.200000,1,148.78,1,0.02,1,-91,7.50,2355.10,9,0
10/29/2018 15:19:32 ,13,1,1.02000,1,2.14000,2.37000,51.060260,3.708255,1,2300,1,5.400000,1,148.78,1,0.04,1,-91,7.50,2355.10,9,0
10/29/2018 15:19:34 ,13,1,1.02000,1,2.14000,2.37000,51.060260,3.708255,1,2321,1,5.500000,1,148.78,1,0.02,1,-91,7.50,2355.10,9,0
10/29/2018 15:19:36 ,13,1,1.02000,1,2.14000,2.37000,51.060264,3.708253,1,2341,1,5.600000,1,148.78,1,0.04,1,-91,7.50,2355.10,9,0
10/29/2018 15:19:36 ,13,1,1.02000,1,2.14000,2.37000,51.060264,3.708253,1,2432,1,5.600000,1,148.78,1,0.04,1,-98,0.00,-1223.95,12,1
10/29/2018 15:19:37 ,13,1,1.02000,1,2.14000,2.37000,51.060264,3.708251,1,3003,1,5.500000,1,148.78,1,0.15,1,-98,0.00,-1223.95,12,0
10/29/2018 15:19:39 ,13,1,1.02000,1,2.14000,2.37000,51.060264,3.708249,1,3030,1,5.600000,1,148.78,1,0.09,1,-98,0.00,-1223.95,12,0
10/29/2018 15:19:41 ,13,1,1.02000,1,2.14000,2.37000,51.060264,3.708248,1,3100,1,5.600000,1,148.78,1,0.04,1,-98,0.00,-1223.95,12,0
10/29/2018 15:19:43 ,13,1,1.02000,1,2.14000,2.37000,51.060264,3.708247,1,3113,1,5.800000,1,148.78,1,0.09,1,-98,0.00,-1223.95,12,0
10/29/2018 15:19:45 ,13,1,1.02000,1,2.14000,2.37000,51.060260,3.708247,1,3200,1,6.100000,1,148.78,1,0.00,1,-98,0.00,-1223.95,12,0
10/29/2018 15:19:45 ,13,1,1.02000,1,2.14000,2.37000,51.060260,3.708247,1,4213,1,6.100000,1,148.78,1,0.00,1,-93,3.75,-1207.17,12,1
10/29/2018 15:19:46 ,13,1,1.02000,1,2.14000,2.37000,51.060260,3.708247,1,4234,1,6.200000,1,148.78,1,0.04,1,-93,3.75,-1207.17,12,0
10/29/2018 15:19:48 ,13,1,1.02000,1,2.14000,2.37000,51.060260,3.708246,1,4311,1,6.400000,1,148.78,1,0.02,1,-93,3.75,-1207.17,12,0
10/29/2018 15:19:50 ,13,1,1.02000,1,2.14000,2.37000,51.060260,3.708246,1,4332,1,6.500000,1,148.78,1,0.07,1,-93,3.75,-1207.17,12,0
10/29/2018 15:19:52 ,13,1,1.02000,1,2.14000,2.37000,51.060256,3.708249,1,10121,1,6.600000,1,148.78,1,0.04,1,-93,3.75,-1207.17,12,0
10/29/2018 15:19:53 ,13,1,1.02000,1,2.14000,2.37000,51.060256,3.708250,1,1022,1,6.700000,1,148.78,1,0.04,1,-64,6.50,4185.92,7,1
10/29/2018 15:19:54 ,13,1,1.02000,1,2.14000,2.37000,51.060256,3.708250,1,2031,1,6.600000,1,148.78,1,0.07,1,-64,6.50,4185.92,7,0
10/29/2018 15:19:54 ,13,1,1.02000,1,2.14000,2.37000,51.060256,3.708250,1,10223,1,6.600000,1,148.78,1,0.07,1,-56,3.00,4152.36,7,1
10/29/2018 15:19:55 ,13,1,1.02000,1,2.14000,2.37000,51.060253,3.708249,1,11014,1,6.500000,1,148.78,1,0.06,1,-56,3.00,4152.36,7,0
10/29/2018 15:19:57 ,13,1,1.02000,1,2.14000,2.37000,51.060253,3.708249,1,1411,1,6.500000,1,148.78,1,0.13,1,-90,6.25,2384.46,9,1
10/29/2018 15:19:57 ,13,1,1.02000,1,2.14000,2.37000,51.060253,3.708249,1,1411,1,6.500000,1,148.78,1,0.13,1,-90,6.25,2384.46,9,0
10/29/2018 15:19:59 ,13,1,1.02000,1,2.14000,2.37000,51.060253,3.708248,1,2113,1,6.300000,1,148.78,1,0.04,1,-90,6.25,2384.46,9,0
10/29/2018 15:19:59 ,13,1,1.02000,1,2.14000,2.37000,51.060253,3.708248,1,11323,1,6.300000,1,148.78,1,0.04,1,-91,5.25,2380.27,9,1
10/29/2018 15:20:01 ,13,1,1.02000,1,2.14000,2.37000,51.060253,3.708250,1,414,1,6.300000,1,148.78,1,0.04,1,-91,5.25,2380.27,9,0
10/29/2018 15:20:02 ,13,1,1.02000,1,2.14000,2.38000,51.060249,3.708250,1,2033,1,5.800000,1,148.78,1,0.00,1,-91,5.25,2380.27,9,0
10/29/2018 15:20:04 ,13,1,1.02000,1,2.14000,2.38000,51.060249,3.708250,1,211,1,5.700000,1,148.78,1,0.00,1,-93,4.75,-1198.78,12,1
10/29/2018 15:20:04 ,13,1,1.02000,1,2.14000,2.38000,51.060249,3.708250,1,211,1,5.700000,1,148.78,1,0.00,1,-93,4.75,-1198.78,12,0
10/29/2018 15:20:05 ,13,1,1.02000,1,2.15000,2.38000,51.060249,3.708249,1,2000,1,5.400000,1,148.78,1,0.04,1,-93,4.75,-1198.78,12,0
10/29/2018 15:20:07 ,13,1,1.02000,1,2.15000,2.38000,51.060249,3.708247,1,2042,1,5.400000,1,148.78,1,0.00,1,-93,4.75,-1198.78,12,0
10/29/2018 15:20:09 ,13,1,1.02000,1,2.15000,2.38000,51.060249,3.708245,1,2113,1,5.300000,1,148.78,1,0.04,1,-93,4.75,-1198.78,12,0
10/29/2018 15:20:11 ,13,1,1.02000,1,2.15000,2.38000,51.060249,3.708244,1,2134,1,5.300000,1,148.78,1,0.07,1,-93,4.75,-1198.78,12,0
10/29/2018 15:20:13 ,13,1,1.02000,1,2.15000,2.38000,51.060253,3.708242,1,1000,1,5.300000,1,148.78,1,0.04,1,-93,3.75,-1189.35,12,1
10/29/2018 15:20:13 ,13,1,1.02000,1,2.15000,2.38000,51.060253,3.708242,1,1000,1,5.300000,1,148.78,1,0.04,1,-93,3.75,-1189.35,12,0
10/29/2018 15:20:15 ,13,1,1.02000,1,2.15000,2.38000,51.060253,3.708239,1,2112,1,5.300000,1,148.78,1,0.06,1,-93,3.75,-1189.35,12,0
10/29/2018 15:20:17 ,13,1,1.02000,1,2.15000,2.38000,51.060256,3.708237,1,2133,1,5.300000,1,148.78,1,0.02,1,-93,3.75,-1189.35,12,0
10/29/2018 15:20:19 ,13,1,1.02000,1,2.15000,2.38000,51.060256,3.708234,1,2141,1,5.200000,1,148.78,1,0.02,1,-93,3.75,-1189.35,12,0
10/29/2018 15:20:21 ,13,1,1.02000,1,2.15000,2.38000,51.060256,3.708233,1,2231,1,5.100000,1,148.78,1,0.06,1,-93,3.75,-1189.35,12,0
10/29/2018 15:20:22 ,13,1,1.02000,1,2.15000,2.38000,51.060260,3.708233,1,2243,1,5.100000,1,148.78,1,0.02,1,-91,4.75,-1183.58,12,1
10/29/2018 15:20:22 ,13,1,1.02000,1,2.15000,2.38000,51.060260,3.708233,1,2243,1,5.100000,1,148.78,1,0.02,1,-91,4.75,-1183.58,12,0
10/29/2018 15:20:24 ,13,1,1.02000,1,2.15000,2.38000,51.060260,3.708233,1,2341,1,5.100000,1,148.78,1,0.06,1,-91,4.75,-1183.58,12,0
10/29/2018 15:20:25 ,13,1,1.02000,1,2.15000,2.38000,51.060260,3.708234,1,11022,1,5.100000,1,148.78,1,0.13,1,-61,5.50,4202.69,7,1
10/29/2018 15:20:25 ,13,1,1.02000,1,2.15000,2.38000,51.060260,3.708234,1,11022,1,5.100000,1,148.78,1,0.13,1,-61,5.50,4202.69,7,0
10/29/2018 15:20:27 ,13,1,1.02000,1,2.15000,2.38000,51.060260,3.708234,1,2233,1,5.100000,1,148.78,1,0.09,1,-61,5.75,4202.69,7,1
10/29/2018 15:20:27 ,13,1,1.02000,1,2.15000,2.38000,51.060260,3.708234,1,2233,1,5.100000,1,148.78,1,0.09,1,-61,5.75,4202.69,7,0
10/29/2018 15:20:28 ,13,1,1.02000,1,2.15000,2.38000,51.060260,3.708234,1,11444,1,5.000000,1,148.78,1,0.13,1,-61,5.50,4202.69,7,1
10/29/2018 15:20:28 ,13,1,1.02000,1,2.15000,2.38000,51.060260,3.708234,1,11444,1,5.000000,1,148.78,1,0.13,1,-61,5.50,4202.69,7,0
10/29/2018 15:20:30 ,13,1,1.02000,1,2.15000,2.38000,51.060260,3.708235,1,2034,1,5.000000,1,148.78,1,0.06,1,-61,5.50,4202.69,7,0
10/29/2018 15:20:31 ,13,1,1.02000,1,2.15000,2.38000,51.060260,3.708235,1,1042,1,5.000000,1,148.78,1,0.02,1,-79,0.00,2422.21,9,1
10/29/2018 15:20:32 ,13,1,1.02000,1,2.15000,2.38000,51.060260,3.708235,1,2034,1,5.000000,1,148.78,1,0.06,1,-79,0.00,2422.21,9,0
10/29/2018 15:20:33 ,13,1,1.02000,1,2.15000,2.38000,51.060260,3.708235,1,11014,1,5.000000,1,148.78,1,0.00,1,-90,5.25,2409.63,9,1
10/29/2018 15:20:33 ,13,1,1.02000,1,2.15000,2.38000,51.060260,3.708235,1,11014,1,5.000000,1,148.78,1,0.00,1,-90,5.25,2409.63,9,0
10/29/2018 15:20:35 ,13,1,1.02000,1,2.15000,2.38000,51.060256,3.708236,1,11113,1,5.000000,1,148.78,1,0.06,1,-90,5.25,2409.63,9,0
10/29/2018 15:20:37 ,13,1,1.02000,1,2.15000,2.38000,51.060256,3.708237,1,200,1,5.000000,1,148.78,1,0.04,1,-90,5.25,2409.63,9,0
10/29/2018 15:20:38 ,13,1,1.02000,1,2.15000,2.38000,51.060256,3.708237,1,440,1,4.900000,1,148.78,1,0.04,1,-90,5.25,2409.63,9,0
10/29/2018 15:20:40 ,13,1,1.02000,1,2.15000,2.38000,51.060256,3.708237,1,2023,1,4.800000,1,148.78,1,0.02,1,-90,5.25,2409.63,9,0
10/29/2018 15:20:40 ,13,1,1.02000,1,2.15000,2.38000,51.060256,3.708237,1,10300,1,4.800000,1,148.78,1,0.02,1,-90,5.00,-1179.91,12,1
10/29/2018 15:20:41 ,13,1,1.02000,1,2.15000,2.38000,51.060256,3.708237,1,10321,1,4.700000,1,148.78,1,0.02,1,-90,5.00,-1179.91,12,0
10/29/2018 15:20:43 ,13,1,1.02000,1,2.15000,2.38000,51.060256,3.708235,1,10340,1,4.700000,1,148.78,1,0.00,1,-90,5.00,-1179.91,12,0
10/29/2018 15:20:45 ,13,1,1.02000,1,2.15000,2.38000,51.060256,3.708233,1,10421,1,4.600000,1,148.78,1,0.00,1,-90,5.00,-1179.91,12,0
10/29/2018 15:20:47 ,13,1,1.02000,1,2.15000,2.38000,51.060256,3.708233,1,10442,1,4.500000,1,148.78,1,0.07,1,-90,5.00,-1179.91,12,0
10/29/2018 15:20:48 ,13,1,1.02000,1,2.15000,2.38000,51.060256,3.708233,1,11024,1,4.500000,1,148.78,1,0.02,1,-90,5.00,-1179.91,12,0
10/29/2018 15:20:50 ,13,1,1.02000,1,2.15000,2.38000,51.060256,3.708234,1,14,1,4.400000,1,148.78,1,0.02,1,-90,4.75,-1171.00,12,1
10/29/2018 15:20:50 ,13,1,1.02000,1,2.15000,2.38000,51.060256,3.708234,1,14,1,4.400000,1,148.78,1,0.02,1,-90,4.75,-1171.00,12,0
10/29/2018 15:20:51 ,13,1,1.02000,1,2.15000,2.38000,51.060256,3.708235,1,1412,1,4.400000,1,148.78,1,0.02,1,-90,4.75,-1171.00,12,0
10/29/2018 15:20:53 ,13,1,1.02000,1,2.15000,2.38000,51.060256,3.708237,1,2041,1,4.500000,1,148.78,1,0.04,1,-90,4.75,-1171.00,12,0
10/29/2018 15:20:55 ,13,1,1.02000,1,2.15000,2.38000,51.060256,3.708239,1,2141,1,4.500000,1,148.78,1,0.07,1,-90,4.75,-1171.00,12,0
10/29/2018 15:20:57 ,13,1,1.02000,1,2.15000,2.38000,51.060256,3.708239,1,2220,1,4.600000,1,148.78,1,0.00,1,-90,4.75,-1171.00,12,0
10/29/2018 15:20:59 ,13,1,1.02000,1,2.15000,2.38000,51.060256,3.708238,1,323,1,4.700000,1,148.78,1,0.00,1,-90,3.75,-1175.19,12,1
10/29/2018 15:20:59 ,13,1,1.02000,1,2.15000,2.38000,51.060256,3.708238,1,323,1,4.700000,1,148.78,1,0.00,1,-90,3.75,-1175.19,12,0
10/29/2018 15:21:01 ,13,1,1.02000,1,2.15000,2.38000,51.060256,3.708238,1,2404,1,4.800000,1,148.78,1,0.07,1,-90,3.75,-1175.19,12,0
10/29/2018 15:21:01 ,13,1,1.02000,1,2.15000,2.38000,51.060256,3.708238,1,4010,1,4.800000,1,148.78,1,0.07,1,-61,5.75,4185.92,7,1
10/29/2018 15:21:02 ,13,1,1.02000,1,2.15000,2.38000,51.060256,3.708238,1,4033,1,4.900000,1,148.78,1,0.02,1,-61,5.75,4185.92,7,0
10/29/2018 15:21:03 ,13,1,1.02000,1,2.15000,2.38000,51.060256,3.708239,1,213,1,5.100000,1,148.78,1,0.02,1,-61,6.00,4202.69,7,1
10/29/2018 15:21:04 ,13,1,1.02000,1,2.15000,2.38000,51.060256,3.708239,1,1342,1,5.200000,1,148.78,1,0.00,1,-61,6.00,4202.69,7,0
10/29/2018 15:21:05 ,13,1,1.02000,1,2.15000,2.38000,51.060256,3.708240,1,300,1,5.400000,1,148.78,1,0.06,1,-90,6.25,2413.82,9,1
10/29/2018 15:21:06 ,13,1,1.02000,1,2.15000,2.38000,51.060256,3.708240,1,2022,1,5.500000,1,148.78,1,0.06,1,-90,6.25,2413.82,9,0
10/29/2018 15:21:07 ,13,1,1.02000,1,2.15000,2.38000,51.060256,3.708241,1,10221,1,5.700000,1,148.78,1,0.04,1,-83,5.00,2405.43,9,1
10/29/2018 15:21:07 ,13,1,1.02000,1,2.15000,2.38000,51.060256,3.708241,1,10221,1,5.700000,1,148.78,1,0.04,1,-83,5.00,2405.43,9,0
10/29/2018 15:21:08 ,13,1,1.02000,1,2.15000,2.38000,51.060256,3.708242,1,10312,1,5.800000,1,148.78,1,0.04,1,-83,5.00,2405.43,9,0
10/29/2018 15:21:10 ,13,1,1.02000,1,2.15000,2.38000,51.060256,3.708241,1,2133,1,6.000000,1,148.78,1,0.07,1,-102,7.50,2405.43,9,1
10/29/2018 15:21:10 ,13,1,1.02000,1,2.15000,2.38000,51.060256,3.708241,1,2133,1,6.000000,1,148.78,1,0.07,1,-102,7.50,2405.43,9,0
10/29/2018 15:21:12 ,13,1,1.02000,1,2.15000,2.38000,51.060256,3.708241,1,2444,1,6.200000,1,148.78,1,0.04,1,-102,7.50,2405.43,9,0
10/29/2018 15:21:14 ,13,1,1.02000,1,2.15000,2.38000,51.060249,3.708245,1,3024,1,5.800000,1,148.78,1,3.37,1,-102,7.50,2405.43,9,0
10/29/2018 15:21:16 ,13,1,1.02000,1,2.15000,2.38000,51.060245,3.708238,1,3103,1,4.300000,1,164.51,1,2.65,1,-102,7.50,2405.43,9,0
10/29/2018 15:21:17 ,13,1,1.02000,1,2.15000,2.38000,51.060256,3.708235,1,3320,1,4.500000,1,98.46,1,2.93,1,-98,5.00,-1184.10,12,1
10/29/2018 15:21:17 ,13,1,1.02000,1,2.15000,2.38000,51.060256,3.708235,1,3320,1,4.500000,1,98.46,1,2.93,1,-98,5.00,-1184.10,12,0
10/29/2018 15:21:19 ,13,1,1.02000,1,2.15000,2.38000,51.060256,3.708230,1,3414,1,3.900000,1,98.46,1,0.35,1,-98,5.00,-1184.10,12,0
10/29/2018 15:21:21 ,13,1,1.02000,1,2.15000,2.38000,51.060260,3.708218,1,4002,1,4.000000,1,98.46,1,0.56,1,-98,5.00,-1184.10,12,0
10/29/2018 15:21:23 ,13,1,1.02000,1,2.15000,2.38000,51.060260,3.708219,1,4032,1,2.700000,1,98.46,1,0.46,1,-98,5.00,-1184.10,12,0
10/29/2018 15:21:25 ,13,1,1.02000,1,2.15000,2.38000,51.060268,3.708208,1,4024,1,3.000000,1,356.77,1,5.13,1,-98,5.00,-1184.10,12,0
10/29/2018 15:21:26 ,13,1,1.02000,1,2.15000,2.38000,51.060268,3.708198,1,10121,1,5.100000,1,356.77,1,1.13,1,-97,5.00,-1168.90,12,1
10/29/2018 15:21:26 ,13,1,1.02000,1,2.15000,2.38000,51.060268,3.708198,1,10121,1,5.100000,1,356.77,1,1.13,1,-97,5.00,-1168.90,12,0
10/29/2018 15:21:28 ,13,1,1.02000,1,2.15000,2.38000,51.060268,3.708202,1,10222,1,4.700000,1,356.77,1,0.31,1,-97,5.00,-1168.90,12,0
10/29/2018 15:21:30 ,13,1,1.02000,1,2.15000,2.38000,51.060264,3.708200,1,10240,1,4.000000,1,356.77,1,0.02,1,-97,5.00,-1168.90,12,0
10/29/2018 15:21:31 ,13,1,1.02000,1,2.15000,2.38000,51.060264,3.708201,1,10304,1,4.600000,1,356.77,1,0.11,1,-97,5.00,-1168.90,12,0
10/29/2018 15:21:33 ,13,1,1.02000,1,2.15000,2.38000,51.060256,3.708201,1,10340,1,4.000000,1,356.77,1,0.15,1,-97,5.00,-1168.90,12,0
10/29/2018 15:21:35 ,13,1,1.02000,1,2.15000,2.38000,51.060256,3.708204,1,10404,1,4.000000,1,356.77,1,0.17,1,-97,5.00,-1168.90,12,0
10/29/2018 15:21:36 ,13,1,1.02000,1,2.15000,2.38000,51.060256,3.708202,1,11200,1,4.300000,1,356.77,1,0.06,1,-97,5.00,-1168.90,12,0
10/29/2018 15:21:37 ,13,1,1.02000,1,2.15000,2.38000,51.060256,3.708202,1,1440,1,4.400000,1,356.77,1,0.04,1,-76,6.75,4185.92,7,1
10/29/2018 15:21:38 ,13,1,1.02000,1,2.15000,2.38000,51.060256,3.708202,1,2141,1,4.400000,1,356.77,1,0.00,1,-76,6.75,4185.92,7,0
10/29/2018 15:21:38 ,13,1,1.02000,1,2.15000,2.38000,51.060256,3.708202,1,11144,1,4.400000,1,356.77,1,0.00,1,-74,5.75,4185.92,7,1
