10/29/2018 12:13:45 ,0,1,99.99000,1,99.99000,99.99000,0.000000,0.000000,0,32244002423140,0,0.000000,0,0.00,0,0.00,0,-102,6.25,1820.33,7,1
10/29/2018 12:13:45 ,0,1,99.99000,1,99.99000,99.99000,0.000000,0.000000,0,32244002423140,0,0.000000,0,0.00,0,0.00,0,-102,6.25,1820.33,7,0
10/29/2018 12:13:46 ,0,1,99.99000,1,99.99000,99.99000,0.000000,0.000000,0,32244002423140,0,0.000000,0,0.00,0,0.00,0,-97,5.75,1770.00,7,1
10/29/2018 12:13:46 ,0,1,99.99000,1,99.99000,99.99000,0.000000,0.000000,0,32244002423140,0,0.000000,0,0.00,0,0.00,0,-97,5.75,1770.00,7,0
10/29/2018 12:13:48 ,0,1,99.99000,1,99.99000,99.99000,0.000000,0.000000,0,32244002423140,0,0.000000,0,0.00,0,0.00,0,-102,5.50,1736.44,7,1
10/29/2018 12:13:48 ,0,1,99.99000,1,99.99000,99.99000,0.000000,0.000000,0,32244002423140,0,0.000000,0,0.00,0,0.00,0,-102,5.50,1736.44,7,0
10/29/2018 12:13:49 ,0,1,99.99000,1,99.99000,99.99000,0.000000,0.000000,0,32244002423140,0,0.000000,0,0.00,0,0.00,0,-102,5.50,1736.44,7,0
10/29/2018 12:13:49 ,0,1,99.99000,1,99.99000,99.99000,0.000000,0.000000,0,32244002423140,0,0.000000,0,0.00,0,0.00,0,-104,5.50,1702.89,7,1
10/29/2018 12:13:50 ,0,1,99.99000,1,99.99000,99.99000,0.000000,0.000000,0,32244002423140,0,0.000000,0,0.00,0,0.00,0,-104,5.50,1702.89,7,0
10/29/2018 12:13:51 ,0,1,99.99000,1,99.99000,99.99000,0.000000,0.000000,0,32244002423140,0,0.000000,0,0.00,0,0.00,0,-99,5.75,1669.33,7,1
10/29/2018 12:13:52 ,0,1,99.99000,1,99.99000,99.99000,0.000000,0.000000,0,32244002423140,0,0.000000,0,0.00,0,0.00,0,-99,5.75,1669.33,7,0
10/29/2018 12:13:52 ,0,1,99.99000,1,99.99000,99.99000,0.000000,0.000000,0,32244002423140,0,0.000000,0,0.00,0,0.00,0,-100,6.25,1635.78,7,1
10/29/2018 12:13:54 ,0,1,99.99000,1,99.99000,99.99000,0.000000,0.000000,0,32244002423140,0,0.000000,0,0.00,0,0.00,0,-100,6.25,1635.78,7,0
10/29/2018 12:13:54 ,0,1,99.99000,1,99.99000,99.99000,0.000000,0.000000,0,32244002423140,0,0.000000,0,0.00,0,0.00,0,-106,6.50,1602.22,7,1
10/29/2018 12:13:55 ,0,1,99.99000,1,99.99000,99.99000,0.000000,0.000000,0,32244002423140,0,0.000000,0,0.00,0,0.00,0,-106,6.50,1602.22,7,0
10/29/2018 12:13:56 ,0,1,99.99000,1,99.99000,99.99000,0.000000,0.000000,0,32244002423140,0,0.000000,0,0.00,0,0.00,0,-98,5.75,1585.45,7,1
10/29/2018 12:13:57 ,0,1,99.99000,1,99.99000,99.99000,0.000000,0.000000,0,32244002423140,0,0.000000,0,0.00,0,0.00,0,-98,5.75,1585.45,7,0
10/29/2018 12:13:57 ,0,1,99.99000,1,99.99000,99.99000,0.000000,0.000000,0,32244002423140,0,0.000000,0,0.00,0,0.00,0,-92,6.25,1568.67,7,1
10/29/2018 12:13:58 ,0,1,99.99000,1,99.99000,99.99000,0.000000,0.000000,0,32244002423140,0,0.000000,0,0.00,0,0.00,0,-92,6.25,1568.67,7,0
10/29/2018 12:13:59 ,0,1,99.99000,1,99.99000,99.99000,0.000000,0.000000,0,32244002423140,0,0.000000,0,0.00,0,0.00,0,-92,5.75,1551.89,7,1
10/29/2018 12:14:00 ,0,1,99.99000,1,99.99000,99.99000,0.000000,0.000000,0,32244002423140,0,0.000000,0,0.00,0,0.00,0,-92,5.75,1551.89,7,0
10/29/2018 12:14:00 ,0,1,99.99000,1,99.99000,99.99000,0.000000,0.000000,0,32244002423140,0,0.000000,0,0.00,0,0.00,0,-91,6.50,1535.12,7,1
10/29/2018 12:14:01 ,0,1,99.99000,1,99.99000,99.99000,0.000000,0.000000,0,32244002423140,0,0.000000,0,0.00,0,0.00,0,-91,6.50,1535.12,7,0
10/29/2018 12:14:02 ,0,1,99.99000,1,99.99000,99.99000,0.000000,0.000000,0,32244002423140,0,0.000000,0,0.00,0,0.00,0,-89,4.75,1518.34,7,1
10/29/2018 12:14:03 ,0,1,99.99000,1,99.99000,99.99000,0.000000,0.000000,0,32244002423140,0,0.000000,0,0.00,0,0.00,0,-89,4.75,1518.34,7,0
10/29/2018 12:14:03 ,0,1,99.99000,1,99.99000,99.99000,0.000000,0.000000,0,32244002423140,0,0.000000,0,0.00,0,0.00,0,-92,5.75,1501.56,7,1
10/29/2018 12:14:04 ,0,1,99.99000,1,99.99000,99.99000,0.000000,0.000000,0,32244002423140,0,0.000000,0,0.00,0,0.00,0,-92,5.75,1501.56,7,0
10/29/2018 12:14:05 ,0,1,99.99000,1,99.99000,99.99000,0.000000,0.000000,0,32244002423140,0,0.000000,0,0.00,0,0.00,0,-92,5.75,1501.56,7,0
10/29/2018 12:14:07 ,0,1,99.99000,1,99.99000,99.99000,0.000000,0.000000,0,32244002423140,0,0.000000,0,0.00,0,0.00,0,-110,7.50,1402.99,9,1
10/29/2018 12:14:07 ,0,1,99.99000,1,99.99000,99.99000,0.000000,0.000000,0,32244002423140,0,0.000000,0,0.00,0,0.00,0,-110,7.50,1402.99,9,0
10/29/2018 12:14:09 ,0,1,99.99000,1,99.99000,99.99000,0.000000,0.000000,0,32244002423140,0,0.000000,0,0.00,0,0.00,0,-110,7.50,1402.99,9,0
10/29/2018 12:14:10 ,0,1,99.99000,1,99.99000,99.99000,0.000000,0.000000,0,32244002423140,0,0.000000,0,0.00,0,0.00,0,-109,6.50,1369.44,9,1
10/29/2018 12:14:11 ,0,1,99.99000,1,99.99000,99.99000,0.000000,0.000000,0,32244002423140,0,0.000000,0,0.00,0,0.00,0,-109,6.50,1369.44,9,0
10/29/2018 12:14:12 ,0,1,99.99000,1,99.99000,99.99000,0.000000,0.000000,0,32244002423140,0,0.000000,0,0.00,0,0.00,0,-108,7.50,1361.05,9,1
10/29/2018 12:14:12 ,0,1,99.99000,1,99.99000,99.99000,0.000000,0.000000,0,32244002423140,0,0.000000,0,0.00,0,0.00,0,-108,7.50,1361.05,9,0
10/29/2018 12:14:14 ,0,1,99.99000,1,99.99000,99.99000,0.000000,0.000000,0,32244002423140,0,0.000000,0,0.00,0,0.00,0,-108,7.50,1361.05,9,0
10/29/2018 12:14:15 ,0,1,99.99000,1,99.99000,99.99000,0.000000,0.000000,0,32244002423140,0,0.000000,0,0.00,0,0.00,0,-110,7.50,1331.69,9,1
10/29/2018 12:14:16 ,0,1,99.99000,1,99.99000,99.99000,0.000000,0.000000,0,32244002423140,0,0.000000,0,0.00,0,0.00,0,-110,7.50,1331.69,9,0
10/29/2018 12:14:17 ,0,1,99.99000,1,99.99000,99.99000,0.000000,0.000000,0,32244002423140,0,0.000000,0,0.00,0,0.00,0,-105,-1.50,1331.69,9,1
10/29/2018 12:14:17 ,0,1,99.99000,1,99.99000,99.99000,0.000000,0.000000,0,32244002423140,0,0.000000,0,0.00,0,0.00,0,-105,-1.50,1331.69,9,0
10/29/2018 12:14:19 ,0,1,99.99000,1,99.99000,99.99000,0.000000,0.000000,0,32244002423140,0,0.000000,0,0.00,0,0.00,0,-105,-1.50,1331.69,9,0
10/29/2018 12:14:20 ,0,1,99.99000,1,99.99000,99.99000,0.000000,0.000000,0,32244002423140,0,0.000000,0,0.00,0,0.00,0,-112,7.00,1314.91,9,1
10/29/2018 12:14:21 ,0,1,99.99000,1,99.99000,99.99000,0.000000,0.000000,0,32244002423140,0,0.000000,0,0.00,0,0.00,0,-112,7.00,1314.91,9,0
10/29/2018 12:14:23 ,0,1,99.99000,1,99.99000,99.99000,0.000000,0.000000,0,32244002423140,0,0.000000,0,0.00,0,0.00,0,-110,7.25,1306.53,9,1
10/29/2018 12:14:23 ,0,1,99.99000,1,99.99000,99.99000,0.000000,0.000000,0,32244002423140,0,0.000000,0,0.00,0,0.00,0,-110,7.25,1306.53,9,0
10/29/2018 12:14:25 ,0,1,99.99000,1,99.99000,99.99000,0.000000,0.000000,0,32244002423140,0,0.000000,0,0.00,0,0.00,0,-110,7.25,1306.53,9,0
10/29/2018 12:14:26 ,0,1,99.99000,1,99.99000,99.99000,0.000000,0.000000,0,32244002423140,0,0.000000,0,0.00,0,0.00,0,-110,7.25,1306.53,9,0
10/29/2018 12:14:27 ,0,1,99.99000,1,99.99000,99.99000,0.000000,0.000000,0,32244002423140,0,0.000000,0,0.00,0,0.00,0,-110,7.25,1306.53,9,0
10/29/2018 12:14:27 ,0,1,99.99000,1,99.99000,99.99000,0.000000,0.000000,0,32244002423140,0,0.000000,0,0.00,0,0.00,0,-115,5.00,-1837.89,12,1
10/29/2018 12:14:28 ,0,1,99.99000,1,99.99000,99.99000,0.000000,0.000000,0,32244002423140,0,0.000000,0,0.00,0,0.00,0,-115,5.00,-1837.89,12,0
10/29/2018 12:14:30 ,0,1,99.99000,1,99.99000,99.99000,0.000000,0.000000,0,32244002423140,0,0.000000,0,0.00,0,0.00,0,-115,5.00,-1837.89,12,0
10/29/2018 12:14:32 ,0,1,99.99000,1,99.99000,99.99000,0.000000,0.000000,0,32244002423140,0,0.000000,0,0.00,0,0.00,0,-115,5.00,-1837.89,12,0
10/29/2018 12:14:34 ,0,1,99.99000,1,99.99000,99.99000,0.000000,0.000000,0,32244002423140,0,0.000000,0,0.00,0,0.00,0,-115,5.00,-1837.89,12,0
10/29/2018 12:14:36 ,0,1,99.99000,1,99.99000,99.99000,0.000000,0.000000,0,32244002423140,0,0.000000,0,0.00,0,0.00,0,-115,5.00,-1837.89,12,0
10/29/2018 12:14:36 ,0,1,99.99000,1,99.99000,99.99000,0.000000,0.000000,0,32244002423140,0,0.000000,0,0.00,0,0.00,0,-117,5.25,-1846.28,12,1
10/29/2018 12:14:37 ,0,1,99.99000,1,99.99000,99.99000,0.000000,0.000000,0,32244002423140,0,0.000000,0,0.00,0,0.00,0,-117,5.25,-1846.28,12,0
10/29/2018 12:14:38 ,0,1,99.99000,1,99.99000,99.99000,0.000000,0.000000,0,32244002423140,0,0.000000,0,0.00,0,0.00,0,-117,5.25,-1846.28,12,0
10/29/2018 12:14:40 ,0,1,99.99000,1,99.99000,99.99000,0.000000,0.000000,0,32244002423140,0,0.000000,0,0.00,0,0.00,0,-117,5.25,-1846.28,12,0
10/29/2018 12:14:42 ,0,1,99.99000,1,99.99000,99.99000,0.000000,0.000000,0,32244002423140,0,0.000000,0,0.00,0,0.00,0,-117,5.25,-1846.28,12,0
10/29/2018 12:14:44 ,0,1,99.99000,1,99.99000,99.99000,0.000000,0.000000,0,32244002423140,0,0.000000,0,0.00,0,0.00,0,-117,5.25,-1846.28,12,0
10/29/2018 12:14:47 ,0,1,99.99000,1,99.99000,99.99000,0.000000,0.000000,0,32244002423140,0,0.000000,0,0.00,0,0.00,0,-117,5.25,-1846.28,12,0
10/29/2018 12:14:47 ,0,1,99.99000,1,99.99000,99.99000,0.000000,0.000000,0,32244002423140,0,0.000000,0,0.00,0,0.00,0,-111,6.50,1333.79,7,1
10/29/2018 12:14:48 ,0,1,99.99000,1,99.99000,99.99000,0.000000,0.000000,0,32244002423140,0,0.000000,0,0.00,0,0.00,0,-111,6.50,1333.79,7,0
10/29/2018 12:14:48 ,0,1,99.99000,1,99.99000,99.99000,0.000000,0.000000,0,32244002423140,0,0.000000,0,0.00,0,0.00,0,-120,3.25,1333.79,7,1
10/29/2018 12:14:49 ,0,1,99.99000,1,99.99000,99.99000,0.000000,0.000000,0,32244002423140,0,0.000000,0,0.00,0,0.00,0,-120,3.25,1333.79,7,0
10/29/2018 12:14:50 ,0,1,99.99000,1,99.99000,99.99000,0.000000,0.000000,0,32244002423140,0,0.000000,0,0.00,0,0.00,0,-117,4.75,1333.79,7,1
10/29/2018 12:14:51 ,0,1,99.99000,1,99.99000,99.99000,0.000000,0.000000,0,32244002423140,0,0.000000,0,0.00,0,0.00,0,-117,4.75,1333.79,7,0
10/29/2018 12:14:52 ,0,1,99.99000,1,99.99000,99.99000,0.000000,0.000000,0,32244002423140,0,0.000000,0,0.00,0,0.00,0,-117,5.75,1317.01,7,1
10/29/2018 12:14:53 ,0,1,99.99000,1,99.99000,99.99000,0.000000,0.000000,0,32244002423140,0,0.000000,0,0.00,0,0.00,0,-117,5.75,1317.01,7,0
10/29/2018 12:14:53 ,0,1,99.99000,1,99.99000,99.99000,0.000000,0.000000,0,32244002423140,0,0.000000,0,0.00,0,0.00,0,-114,5.75,1317.01,7,1
10/29/2018 12:14:54 ,0,1,99.99000,1,99.99000,99.99000,0.000000,0.000000,0,32244002423140,0,0.000000,0,0.00,0,0.00,0,-114,5.75,1317.01,7,0
10/29/2018 12:14:55 ,0,1,99.99000,1,99.99000,99.99000,0.000000,0.000000,0,32244002423140,0,0.000000,0,0.00,0,0.00,0,-115,-1.75,1300.23,7,1
10/29/2018 12:14:56 ,0,1,99.99000,1,99.99000,99.99000,0.000000,0.000000,0,32244002423140,0,0.000000,0,0.00,0,0.00,0,-115,-1.75,1300.23,7,0
10/29/2018 12:14:56 ,0,1,99.99000,1,99.99000,99.99000,0.000000,0.000000,0,32244002423140,0,0.000000,0,0.00,0,0.00,0,-121,2.50,1317.01,7,1
10/29/2018 12:14:57 ,0,1,99.99000,1,99.99000,99.99000,0.000000,0.000000,0,32244002423140,0,0.000000,0,0.00,0,0.00,0,-121,2.50,1317.01,7,0
10/29/2018 12:14:58 ,0,1,99.99000,1,99.99000,99.99000,0.000000,0.000000,0,32244002423140,0,0.000000,0,0.00,0,0.00,0,-115,6.00,1317.01,7,1
10/29/2018 12:14:59 ,0,1,99.99000,1,99.99000,99.99000,0.000000,0.000000,0,32244002423140,0,0.000000,0,0.00,0,0.00,0,-115,6.00,1317.01,7,0
10/29/2018 12:14:59 ,0,1,99.99000,1,99.99000,99.99000,0.000000,0.000000,0,32244002423140,0,0.000000,0,0.00,0,0.00,0,-117,2.00,1317.01,7,1
10/29/2018 12:15:00 ,0,1,99.99000,1,99.99000,99.99000,0.000000,0.000000,0,32244002423140,0,0.000000,0,0.00,0,0.00,0,-117,2.00,1317.01,7,0
10/29/2018 12:15:01 ,0,1,99.99000,1,99.99000,99.99000,0.000000,0.000000,0,32244002423140,0,0.000000,0,0.00,0,0.00,0,-118,5.00,1300.23,7,1
10/29/2018 12:15:02 ,0,1,99.99000,1,99.99000,99.99000,0.000000,0.000000,0,32244002423140,0,0.000000,0,0.00,0,0.00,0,-118,5.00,1300.23,7,0
10/29/2018 12:15:02 ,0,1,99.99000,1,99.99000,99.99000,0.000000,0.000000,0,32244002423140,0,0.000000,0,0.00,0,0.00,0,-123,-2.25,1300.23,7,1
10/29/2018 12:15:03 ,0,1,99.99000,1,99.99000,99.99000,0.000000,0.000000,0,32244002423140,0,0.000000,0,0.00,0,0.00,0,-123,-2.25,1300.23,7,0
10/29/2018 12:15:04 ,0,1,99.99000,1,99.99000,99.99000,0.000000,0.000000,0,32244002423140,0,0.000000,0,0.00,0,0.00,0,-124,-3.75,1350.57,7,1
10/29/2018 12:15:05 ,0,1,99.99000,1,99.99000,99.99000,0.000000,0.000000,0,32244002423140,0,0.000000,0,0.00,0,0.00,0,-124,-3.75,1350.57,7,0
10/29/2018 12:15:05 ,0,1,99.99000,1,99.99000,99.99000,0.000000,0.000000,0,32244002423140,0,0.000000,0,0.00,0,0.00,0,-124,-3.50,1300.23,7,1
10/29/2018 12:15:07 ,0,1,99.99000,1,99.99000,99.99000,0.000000,0.000000,0,32244002423140,0,0.000000,0,0.00,0,0.00,0,-124,-3.50,1300.23,7,0
10/29/2018 12:15:07 ,0,1,99.99000,1,99.99000,99.99000,0.000000,0.000000,0,32244002423140,0,0.000000,0,0.00,0,0.00,0,127,3.75,1243.61,9,1
10/29/2018 12:15:08 ,0,1,99.99000,1,99.99000,99.99000,0.000000,0.000000,0,32244002423140,0,0.000000,0,0.00,0,0.00,0,127,3.75,1243.61,9,0
10/29/2018 12:15:10 ,0,1,99.99000,1,99.99000,99.99000,0.000000,0.000000,0,32244002423140,0,0.000000,0,0.00,0,0.00,0,125,2.00,1243.61,9,1
10/29/2018 12:15:10 ,0,1,99.99000,1,99.99000,99.99000,0.000000,0.000000,0,32244002423140,0,0.000000,0,0.00,0,0.00,0,125,2.00,1243.61,9,0
10/29/2018 12:15:12 ,0,1,99.99000,1,99.99000,99.99000,0.000000,0.000000,0,32244002423140,0,0.000000,0,0.00,0,0.00,0,125,2.00,1243.61,9,0
10/29/2018 12:15:12 ,0,1,99.99000,1,99.99000,99.99000,0.000000,0.000000,0,32244002423140,0,0.000000,0,0.00,0,0.00,0,123,-1.50,1256.19,9,1
10/29/2018 12:15:13 ,0,1,99.99000,1,99.99000,99.99000,0.000000,0.000000,0,32244002423140,0,0.000000,0,0.00,0,0.00,0,123,-1.50,1256.19,9,0
10/29/2018 12:15:15 ,0,1,99.99000,1,99.99000,99.99000,0.000000,0.000000,0,32244002423140,0,0.000000,0,0.00,0,0.00,0,-126,4.25,1247.81,9,1
10/29/2018 12:15:15 ,0,1,99.99000,1,99.99000,99.99000,0.000000,0.000000,0,32244002423140,0,0.000000,0,0.00,0,0.00,0,-126,4.25,1247.81,9,0
10/29/2018 12:15:17 ,0,1,99.99000,1,99.99000,99.99000,0.000000,0.000000,0,32244002423140,0,0.000000,0,0.00,0,0.00,0,-126,4.25,1247.81,9,0
10/29/2018 12:15:17 ,0,1,99.99000,1,99.99000,99.99000,0.000000,0.000000,0,32244002423140,0,0.000000,0,0.00,0,0.00,0,-127,5.75,1256.19,9,1
10/29/2018 12:15:18 ,0,1,99.99000,1,99.99000,99.99000,0.000000,0.000000,0,32244002423140,0,0.000000,0,0.00,0,0.00,0,-127,5.75,1256.19,9,0
10/29/2018 12:15:19 ,0,1,99.99000,1,99.99000,99.99000,0.000000,0.000000,0,32244002423140,0,0.000000,0,0.00,0,0.00,0,-127,5.75,1256.19,9,0
10/29/2018 12:15:20 ,0,1,99.99000,1,99.99000,99.99000,0.000000,0.000000,0,32244002423140,0,0.000000,0,0.00,0,0.00,0,127,3.25,1264.58,9,1
10/29/2018 12:15:21 ,0,1,99.99000,1,99.99000,99.99000,0.000000,0.000000,0,32244002423140,0,0.000000,0,0.00,0,0.00,0,127,3.25,1264.58,9,0
10/29/2018 12:15:22 ,0,1,99.99000,1,99.99000,99.99000,0.000000,0.000000,0,32244002423140,0,0.000000,0,0.00,0,0.00,0,127,3.25,1264.58,9,0
10/29/2018 12:15:23 ,0,1,99.99000,1,99.99000,99.99000,0.000000,0.000000,0,32244002423140,0,0.000000,0,0.00,0,0.00,0,125,3.25,1272.97,9,1
10/29/2018 12:15:24 ,0,1,99.99000,1,99.99000,99.99000,0.000000,0.000000,0,32244002423140,0,0.000000,0,0.00,0,0.00,0,125,3.25,1272.97,9,0
10/29/2018 12:15:25 ,0,1,99.99000,1,99.99000,99.99000,0.000000,0.000000,0,32244002423140,0,0.000000,0,0.00,0,0.00,0,-127,6.00,1272.97,9,1
10/29/2018 12:15:25 ,0,1,99.99000,1,99.99000,99.99000,0.000000,0.000000,0,32244002423140,0,0.000000,0,0.00,0,0.00,0,-127,6.00,1272.97,9,0
10/29/2018 12:15:27 ,0,1,99.99000,1,99.99000,99.99000,0.000000,0.000000,0,32244002423140,0,0.000000,0,0.00,0,0.00,0,-127,6.00,1272.97,9,0
10/29/2018 12:15:29 ,0,1,99.99000,1,99.99000,99.99000,0.000000,0.000000,0,32244002423140,0,0.000000,0,0.00,0,0.00,0,-127,6.00,1272.97,9,0
10/29/2018 12:15:31 ,0,1,99.99000,1,99.99000,99.99000,0.000000,0.000000,0,32244002423140,0,0.000000,0,0.00,0,0.00,0,-127,6.00,1272.97,9,0
10/29/2018 12:15:31 ,0,1,99.99000,1,99.99000,99.99000,0.000000,0.000000,0,32244002423140,0,0.000000,0,0.00,0,0.00,0,124,0.25,-1832.12,12,1
10/29/2018 12:15:33 ,0,1,99.99000,1,99.99000,99.99000,0.000000,0.000000,0,32244002423140,0,0.000000,0,0.00,0,0.00,0,124,0.25,-1832.12,12,0
10/29/2018 12:15:34 ,0,1,99.99000,1,99.99000,99.99000,0.000000,0.000000,0,32244002423140,0,0.000000,0,0.00,0,0.00,0,124,0.25,-1832.12,12,0
10/29/2018 12:15:36 ,0,1,99.99000,1,99.99000,99.99000,0.000000,0.000000,0,32244002423140,0,0.000000,0,0.00,0,0.00,0,124,0.25,-1832.12,12,0
10/29/2018 12:15:38 ,0,1,99.99000,1,99.99000,99.99000,0.000000,0.000000,0,32244002423140,0,0.000000,0,0.00,0,0.00,0,124,0.25,-1832.12,12,0
10/29/2018 12:15:39 ,0,1,99.99000,1,99.99000,99.99000,0.000000,0.000000,0,32244002423140,0,0.000000,0,0.00,0,0.00,0,124,0.25,-1832.12,12,0
10/29/2018 12:15:41 ,0,1,99.99000,1,99.99000,99.99000,0.000000,0.000000,0,32244002423140,0,0.000000,0,0.00,0,0.00,0,122,-2.00,-1745.09,12,1
10/29/2018 12:15:41 ,0,1,99.99000,1,99.99000,99.99000,0.000000,0.000000,0,32244002423140,0,0.000000,0,0.00,0,0.00,0,122,-2.00,-1745.09,12,0
10/29/2018 12:15:43 ,0,1,99.99000,1,99.99000,99.99000,0.000000,0.000000,0,32244002423140,0,0.000000,0,0.00,0,0.00,0,122,-2.00,-1745.09,12,0
10/29/2018 12:15:45 ,0,1,99.99000,1,99.99000,99.99000,0.000000,0.000000,0,32244002423140,0,0.000000,0,0.00,0,0.00,0,122,-2.00,-1745.09,12,0
10/29/2018 12:15:47 ,0,1,99.99000,1,99.99000,99.99000,0.000000,0.000000,0,32244002423140,0,0.000000,0,0.00,0,0.00,0,122,-2.00,-1745.09,12,0
10/29/2018 12:15:47 ,0,1,99.99000,1,99.99000,99.99000,0.000000,0.000000,0,32244002423140,0,0.000000,0,0.00,0,0.00,0,-125,-5.25,1451.23,7,1
10/29/2018 12:15:49 ,0,1,99.99000,1,99.99000,99.99000,0.000000,0.000000,0,32244002423140,0,0.000000,0,0.00,0,0.00,0,-125,-5.25,1451.23,7,0
10/29/2018 12:15:49 ,0,1,99.99000,1,99.99000,99.99000,0.000000,0.000000,0,32244002423140,0,0.000000,0,0.00,0,0.00,0,-121,-1.50,1484.78,7,1
10/29/2018 12:15:50 ,0,1,99.99000,1,99.99000,99.99000,0.000000,0.000000,0,32244002423140,0,0.000000,0,0.00,0,0.00,0,-121,-1.50,1484.78,7,0
10/29/2018 12:15:50 ,0,1,99.99000,1,99.99000,99.99000,0.000000,0.000000,0,32244002423140,0,0.000000,0,0.00,0,0.00,0,-125,-2.50,1484.78,7,1
10/29/2018 12:15:52 ,0,1,99.99000,1,99.99000,99.99000,0.000000,0.000000,0,32244002423140,0,0.000000,0,0.00,0,0.00,0,-125,-2.50,1484.78,7,0
10/29/2018 12:15:53 ,0,1,99.99000,1,99.99000,99.99000,0.000000,0.000000,0,32244002423140,0,0.000000,0,0.00,0,0.00,0,-125,-2.50,1484.78,7,0
10/29/2018 12:15:54 ,0,1,99.99000,1,99.99000,99.99000,0.000000,0.000000,0,32244002423140,0,0.000000,0,0.00,0,0.00,0,-117,2.00,1468.01,7,1
10/29/2018 12:15:55 ,0,1,99.99000,1,99.99000,99.99000,0.000000,0.000000,0,32244002423140,0,0.000000,0,0.00,0,0.00,0,-117,2.00,1468.01,7,0
10/29/2018 12:15:55 ,0,1,99.99000,1,99.99000,99.99000,0.000000,0.000000,0,32244002423140,0,0.000000,0,0.00,0,0.00,0,-125,-4.75,1484.78,7,1
10/29/2018 12:15:56 ,0,1,99.99000,1,99.99000,99.99000,0.000000,0.000000,0,32244002423140,0,0.000000,0,0.00,0,0.00,0,-125,-4.75,1484.78,7,0
10/29/2018 12:15:57 ,0,1,99.99000,1,99.99000,99.99000,0.000000,0.000000,0,32244002423140,0,0.000000,0,0.00,0,0.00,0,-121,3.25,1468.01,7,1
10/29/2018 12:15:58 ,0,1,99.99000,1,99.99000,99.99000,0.000000,0.000000,0,32244002423140,0,0.000000,0,0.00,0,0.00,0,-121,3.25,1468.01,7,0
10/29/2018 12:15:58 ,0,1,99.99000,1,99.99000,99.99000,0.000000,0.000000,0,32244002423140,0,0.000000,0,0.00,0,0.00,0,-122,0.50,1468.01,7,1
10/29/2018 12:15:59 ,0,1,99.99000,1,99.99000,99.99000,0.000000,0.000000,0,32244002423140,0,0.000000,0,0.00,0,0.00,0,-122,0.50,1468.01,7,0
10/29/2018 12:16:00 ,0,1,99.99000,1,99.99000,99.99000,0.000000,0.000000,0,32244002423140,0,0.000000,0,0.00,0,0.00,0,-124,-4.50,1468.01,7,1
10/29/2018 12:16:01 ,0,1,99.99000,1,99.99000,99.99000,0.000000,0.000000,0,32244002423140,0,0.000000,0,0.00,0,0.00,0,-124,-4.50,1468.01,7,0
10/29/2018 12:16:01 ,0,1,99.99000,1,99.99000,99.99000,0.000000,0.000000,0,32244002423140,0,0.000000,0,0.00,0,0.00,0,-125,-2.75,1417.67,7,1
10/29/2018 12:16:02 ,0,1,99.99000,1,99.99000,99.99000,0.000000,0.000000,0,32244002423140,0,0.000000,0,0.00,0,0.00,0,-125,-2.75,1417.67,7,0
10/29/2018 12:16:03 ,0,1,99.99000,1,99.99000,99.99000,0.000000,0.000000,0,32244002423140,0,0.000000,0,0.00,0,0.00,0,-126,-5.50,1434.45,7,1
10/29/2018 12:16:03 ,11,1,4.52000,1,4.72000,6.54000,0.000000,0.000000,0,32244002423140,0,0.000000,0,0.00,0,0.00,0,-126,-5.50,1434.45,7,0
10/29/2018 12:16:03 ,11,1,4.52000,1,4.72000,6.54000,0.000000,0.000000,0,32244002423140,0,0.000000,0,0.00,0,0.00,0,-125,-1.00,1518.34,7,1
10/29/2018 12:16:06 ,12,1,2.11000,1,4.72000,6.54000,51.060722,3.708158,1,101,1,-22.299999,1,254.57,1,8.59,1,-125,-1.00,1518.34,7,0
10/29/2018 12:16:07 ,12,1,2.32000,1,2.94000,3.74000,51.060710,3.708126,1,1331,1,-22.299999,1,216.60,1,6.20,1,-125,-1.00,1518.34,7,0
10/29/2018 12:16:09 ,12,1,2.28000,1,2.56000,3.43000,51.060707,3.708161,1,3030,1,-24.399999,1,170.03,1,8.69,1,-125,-1.00,1518.34,7,0
10/29/2018 12:16:10 ,12,1,2.28000,1,2.56000,3.43000,51.060718,3.708166,1,204,1,-24.399999,1,170.03,1,1.46,1,-124,-2.75,1553.99,9,1
10/29/2018 12:16:11 ,12,1,2.28000,1,2.56000,3.43000,51.060695,3.708217,1,324,1,-28.399999,1,139.79,1,11.02,1,-124,-2.75,1553.99,9,0
10/29/2018 12:16:12 ,12,1,2.28000,1,2.56000,3.43000,51.060691,3.708235,1,2112,1,-29.299999,1,130.17,1,8.45,1,-124,-2.75,1553.99,9,0
10/29/2018 12:16:12 ,12,1,2.28000,1,2.56000,3.43000,51.060691,3.708235,1,4131,1,-29.299999,1,130.17,1,8.45,1,124,-0.50,1621.10,9,1
10/29/2018 12:16:13 ,12,1,2.32000,1,2.93000,3.74000,51.060676,3.708265,1,4143,1,-31.299999,1,132.08,1,11.28,1,124,-0.50,1621.10,9,0
10/29/2018 12:16:15 ,11,1,5.26000,1,1.00000,5.35000,51.060638,3.708331,1,1103,1,-27.399999,1,131.46,1,10.15,1,122,-3.00,1671.43,9,1
10/29/2018 12:16:15 ,11,1,5.26000,1,1.00000,5.35000,51.060638,3.708331,1,1103,1,-27.399999,1,131.46,1,10.15,1,122,-3.00,1671.43,9,0
10/29/2018 12:16:17 ,12,1,3.14000,1,3.35000,4.60000,51.060546,3.708328,1,3003,1,-16.899999,1,131.46,1,6.07,1,122,-3.00,1671.43,9,0
10/29/2018 12:16:17 ,12,1,3.14000,1,3.35000,4.60000,51.060546,3.708328,1,11043,1,-16.899999,1,131.46,1,6.07,1,125,2.50,1734.34,9,1
10/29/2018 12:16:18 ,12,1,3.15000,1,3.35000,4.60000,51.060504,3.708330,1,11112,1,-14.000000,1,131.46,1,5.28,1,125,2.50,1734.34,9,0
10/29/2018 12:16:20 ,13,1,1.01000,1,1.45000,1.77000,51.060478,3.708367,1,3002,1,-19.799999,1,122.38,1,3.63,1,125,1.50,1721.76,9,1
10/29/2018 12:16:20 ,13,1,1.01000,1,1.45000,1.77000,51.060478,3.708367,1,3002,1,-19.799999,1,122.38,1,3.63,1,125,1.50,1721.76,9,0
10/29/2018 12:16:22 ,14,1,1.25000,1,1.53000,1.98000,51.060489,3.708410,1,3042,1,-22.000000,1,122.38,1,5.06,1,125,1.50,1721.76,9,0
10/29/2018 12:16:23 ,14,1,1.25000,1,1.53000,1.98000,51.060501,3.708421,1,341,1,-22.000000,1,70.48,1,8.24,1,125,1.75,1742.73,9,1
10/29/2018 12:16:24 ,13,1,1.25000,1,1.53000,1.98000,51.060497,3.708415,1,1014,1,-17.500000,1,359.74,1,7.00,1,125,1.75,1742.73,9,0
10/29/2018 12:16:25 ,14,1,1.10000,1,1.35000,1.74000,51.060462,3.708461,1,2132,1,-14.100001,1,65.69,1,6.56,1,125,1.75,1742.73,9,0
10/29/2018 12:16:25 ,14,1,1.10000,1,1.35000,1.74000,51.060462,3.708461,1,4313,1,-14.100001,1,65.69,1,6.56,1,122,-2.75,1772.09,9,1
10/29/2018 12:16:26 ,14,1,0.96000,1,1.35000,1.66000,51.060443,3.708453,1,4334,1,-14.700000,1,338.32,1,5.70,1,122,-2.75,1772.09,9,0
10/29/2018 12:16:28 ,14,1,0.96000,1,1.35000,1.66000,51.060413,3.708471,1,1304,1,-13.200000,1,338.32,1,3.85,1,124,1.25,1801.45,9,1
10/29/2018 12:16:28 ,14,1,0.96000,1,1.35000,1.66000,51.060413,3.708471,1,1304,1,-13.200000,1,338.32,1,3.85,1,124,1.25,1801.45,9,0
10/29/2018 12:16:30 ,14,1,0.96000,1,1.35000,1.66000,51.060390,3.708490,1,3210,1,-12.500000,1,298.73,1,3.52,1,124,1.25,1801.45,9,0
10/29/2018 12:16:32 ,14,1,1.01000,1,1.45000,1.77000,51.060363,3.708509,1,3243,1,-12.600001,1,213.62,1,2.67,1,124,1.25,1801.45,9,0
10/29/2018 12:16:34 ,14,1,1.30000,1,1.61000,2.07000,51.060337,3.708561,1,3300,1,-11.300001,1,173.99,1,5.67,1,124,1.25,1801.45,9,0
10/29/2018 12:16:35 ,13,1,1.30000,1,1.61000,2.07000,51.060329,3.708586,1,1024,1,-6.000000,1,140.55,1,6.02,1,124,-1.50,-1333.00,12,1
10/29/2018 12:16:35 ,13,1,1.30000,1,1.61000,2.07000,51.060329,3.708586,1,1024,1,-6.000000,1,140.55,1,6.02,1,124,-1.50,-1333.00,12,0
10/29/2018 12:16:37 ,12,1,1.30000,1,1.61000,2.07000,51.060317,3.708597,1,2334,1,-4.300000,1,138.65,1,5.85,1,124,-1.50,-1333.00,12,0
10/29/2018 12:16:39 ,13,1,1.25000,1,1.53000,1.98000,51.060314,3.708647,1,2420,1,-1.200000,1,98.93,1,10.39,1,124,-1.50,-1333.00,12,0
10/29/2018 12:16:41 ,13,1,1.35000,1,1.71000,2.18000,51.060298,3.708644,1,3024,1,0.800000,1,98.93,1,5.46,1,124,-1.50,-1333.00,12,0
10/29/2018 12:16:43 ,13,1,1.35000,1,1.71000,2.18000,51.060276,3.708605,1,3023,1,2.500000,1,129.99,1,7.30,1,124,-1.50,-1333.00,12,0
10/29/2018 12:16:45 ,13,1,1.30000,1,1.61000,2.07000,51.060253,3.708593,1,2244,1,1.800000,1,129.99,1,5.22,1,123,-4.75,-1265.37,12,1
10/29/2018 12:16:45 ,13,1,1.30000,1,1.61000,2.07000,51.060253,3.708593,1,2244,1,1.800000,1,129.99,1,5.22,1,123,-4.75,-1265.37,12,0
10/29/2018 12:16:47 ,14,1,1.30000,1,1.61000,2.07000,51.060234,3.708604,1,2443,1,0.000000,1,129.99,1,4.17,1,123,-4.75,-1265.37,12,0
10/29/2018 12:16:49 ,14,1,1.01000,1,1.45000,1.77000,51.060203,3.708628,1,2424,1,-1.100000,1,159.70,1,5.80,1,123,-4.75,-1265.37,12,0
10/29/2018 12:16:51 ,14,1,1.01000,1,1.45000,1.77000,51.060176,3.708659,1,3232,1,-2.400000,1,163.09,1,5.61,1,123,-4.75,-1265.37,12,0
10/29/2018 12:16:53 ,14,1,1.01000,1,1.45000,1.77000,51.060146,3.708715,1,34,1,-2.900000,1,154.08,1,6.48,1,-124,-1.00,1988.10,7,1
10/29/2018 12:16:53 ,14,1,1.01000,1,1.45000,1.77000,51.060146,3.708715,1,34,1,-2.900000,1,154.08,1,6.48,1,-124,-1.00,1988.10,7,0
10/29/2018 12:16:54 ,14,1,1.01000,1,1.45000,1.77000,51.060142,3.708725,1,2310,1,-4.100000,1,154.62,1,3.04,1,-124,-1.00,1988.10,7,0
10/29/2018 12:16:54 ,14,1,1.01000,1,1.45000,1.77000,51.060142,3.708725,1,4242,1,-4.100000,1,154.62,1,3.04,1,-125,-5.50,1988.10,7,1
10/29/2018 12:16:55 ,14,1,0.96000,1,1.35000,1.65000,51.060138,3.708736,1,4331,1,-4.500000,1,154.62,1,1.56,1,-125,-5.50,1988.10,7,0
10/29/2018 12:16:56 ,14,1,1.30000,1,1.61000,2.07000,51.060131,3.708743,1,1024,1,-4.800000,1,154.62,1,2.93,1,-124,-4.00,1988.10,7,1
10/29/2018 12:16:57 ,14,1,1.30000,1,1.61000,2.07000,51.060115,3.708756,1,2122,1,-4.800000,1,162.90,1,4.33,1,-124,-4.00,1988.10,7,0
10/29/2018 12:16:57 ,14,1,1.30000,1,1.61000,2.07000,51.060115,3.708756,1,10204,1,-4.800000,1,162.90,1,4.33,1,-124,-2.75,2055.21,7,1
10/29/2018 12:16:58 ,20,1,0.96000,1,1.35000,1.65000,51.060108,3.708771,1,10220,1,-3.900000,1,159.61,1,4.82,1,-124,-2.75,2055.21,7,0
10/29/2018 12:16:59 ,20,1,0.96000,1,1.35000,1.65000,51.060096,3.708787,1,1413,1,-2.900000,1,156.57,1,4.94,1,-125,-3.25,10997.46,7,1
10/29/2018 12:17:00 ,20,1,0.96000,1,1.35000,1.65000,51.060089,3.708801,1,33,1,-2.900000,1,157.11,1,4.83,1,-125,-3.25,10997.46,7,1
10/29/2018 12:17:00 ,20,1,0.96000,1,1.35000,1.65000,51.060089,3.708801,1,33,1,-2.900000,1,157.11,1,4.83,1,-125,-3.25,10997.46,7,0
10/29/2018 12:17:01 ,14,1,0.96000,1,1.35000,1.65000,51.060073,3.708806,1,1310,1,-1.900000,1,162.24,1,4.76,1,-125,-3.25,10997.46,7,0
10/29/2018 12:17:02 ,20,1,0.96000,1,1.35000,1.65000,51.060062,3.708812,1,2413,1,-1.200000,1,171.18,1,4.96,1,-125,-3.25,1535.12,7,0
10/29/2018 12:17:04 ,14,1,0.98000,1,1.54000,1.83000,51.060039,3.708825,1,3012,1,-0.600000,1,172.83,1,5.19,1,-125,-3.25,1535.12,7,0
10/29/2018 12:17:06 ,20,1,0.96000,1,1.35000,1.65000,51.060016,3.708844,1,3021,1,-0.500000,1,165.35,1,5.15,1,-125,-3.25,1535.12,7,0
10/29/2018 12:17:08 ,20,1,0.96000,1,1.35000,1.65000,51.059997,3.708859,1,3043,1,-1.000000,1,162.65,1,2.91,1,-125,-3.25,1568.67,7,0
10/29/2018 12:17:10 ,20,1,0.96000,1,1.35000,1.65000,51.059978,3.708880,1,3103,1,-0.700000,1,158.95,1,4.11,1,-125,-3.25,1535.12,7,0
10/29/2018 12:17:12 ,20,1,0.96000,1,1.35000,1.65000,51.059959,3.708901,1,3413,1,-0.600000,1,156.06,1,4.72,1,-125,-3.25,1535.12,7,0
10/29/2018 12:17:12 ,20,1,0.96000,1,1.35000,1.65000,51.059959,3.708901,1,4122,1,-0.600000,1,156.06,1,4.72,1,125,-6.00,2011.17,9,1
10/29/2018 12:17:13 ,20,1,0.96000,1,1.35000,1.65000,51.059947,3.708913,1,4140,1,-0.600000,1,153.12,1,5.09,1,125,-6.00,2011.17,9,0
10/29/2018 12:17:15 ,14,1,0.96000,1,1.35000,1.65000,51.059917,3.708929,1,1040,1,-0.400000,1,157.49,1,5.33,1,122,-2.50,2011.17,9,1
10/29/2018 12:17:15 ,14,1,0.96000,1,1.35000,1.65000,51.059917,3.708929,1,1040,1,-0.400000,1,157.49,1,5.33,1,122,-2.50,2011.17,9,0
10/29/2018 12:17:17 ,14,1,0.96000,1,1.35000,1.65000,51.059890,3.708942,1,2444,1,-0.100000,1,160.58,1,5.15,1,122,-2.50,2011.17,9,0
10/29/2018 12:17:17 ,14,1,0.96000,1,1.35000,1.65000,51.059890,3.708942,1,11011,1,-0.100000,1,160.58,1,5.15,1,125,1.75,2011.17,9,1
10/29/2018 12:17:18 ,14,1,0.96000,1,1.35000,1.65000,51.059875,3.708948,1,11024,1,0.100000,1,164.90,1,5.33,1,125,1.75,2011.17,9,0
10/29/2018 12:17:20 ,14,1,0.96000,1,1.35000,1.65000,51.059848,3.708959,1,2431,1,0.500000,1,167.87,1,5.13,1,124,-1.25,1998.59,9,1
10/29/2018 12:17:20 ,14,1,0.96000,1,1.35000,1.65000,51.059848,3.708959,1,2431,1,0.500000,1,167.87,1,5.13,1,124,-1.25,1998.59,9,0
10/29/2018 12:17:22 ,20,1,0.96000,1,1.35000,1.65000,51.059822,3.708963,1,3022,1,1.700000,1,177.04,1,4.63,1,124,-1.25,1998.59,9,0
10/29/2018 12:17:23 ,20,1,0.96000,1,1.35000,1.65000,51.059810,3.708958,1,340,1,1.700000,1,190.36,1,4.98,1,124,1.00,2006.97,9,1
10/29/2018 12:17:24 ,14,1,0.96000,1,1.35000,1.65000,51.059795,3.708953,1,1124,1,2.500000,1,194.57,1,4.96,1,124,1.00,2006.97,9,0
10/29/2018 12:17:25 ,14,1,0.96000,1,1.35000,1.65000,51.059783,3.708949,1,2300,1,2.700000,1,194.12,1,4.50,1,124,1.00,2006.97,9,0
10/29/2018 12:17:25 ,14,1,0.96000,1,1.35000,1.65000,51.059783,3.708949,1,4314,1,2.700000,1,194.12,1,4.50,1,124,0.50,1998.59,9,1
10/29/2018 12:17:26 ,14,1,1.28000,1,1.54000,2.01000,51.059772,3.708946,1,4334,1,3.000000,1,196.11,1,3.93,1,124,0.50,1998.59,9,0
10/29/2018 12:17:27 ,14,1,0.96000,1,1.35000,1.65000,51.059764,3.708942,1,4432,1,3.400000,1,198.67,1,2.94,1,124,0.50,1998.59,9,0
10/29/2018 12:17:28 ,14,1,0.96000,1,1.35000,1.65000,51.059761,3.708943,1,1240,1,3.000000,1,198.67,1,1.85,1,123,-2.00,2011.17,9,1
10/29/2018 12:17:29 ,20,1,0.96000,1,1.35000,1.65000,51.059753,3.708946,1,2401,1,4.100000,1,189.40,1,3.02,1,123,-2.00,2011.17,9,0
10/29/2018 12:17:30 ,14,1,1.32000,1,1.90000,2.31000,51.059741,3.708953,1,11211,1,4.500000,1,169.11,1,4.28,1,124,1.25,2011.17,9,1
10/29/2018 12:17:30 ,14,1,1.32000,1,1.90000,2.31000,51.059741,3.708953,1,11211,1,4.500000,1,169.11,1,4.28,1,124,1.25,2011.17,9,0
10/29/2018 12:17:32 ,13,1,0.98000,1,1.54000,1.82000,51.059719,3.708971,1,1040,1,4.400000,1,159.52,1,5.74,1,124,1.25,2011.17,9,0
10/29/2018 12:17:33 ,13,1,1.32000,1,1.90000,2.31000,51.059707,3.708981,1,2442,1,4.600000,1,157.57,1,5.82,1,124,1.25,2011.17,9,0
10/29/2018 12:17:35 ,14,1,0.96000,1,1.35000,1.65000,51.059688,3.709005,1,3013,1,4.800000,1,151.85,1,4.67,1,124,1.25,2011.17,9,0
10/29/2018 12:17:37 ,14,1,0.96000,1,1.35000,1.65000,51.059665,3.709015,1,3032,1,4.800000,1,168.88,1,5.59,1,124,1.25,2011.17,9,0
10/29/2018 12:17:39 ,13,1,1.01000,1,1.41000,1.74000,51.059635,3.709012,1,3113,1,4.900000,1,186.84,1,4.94,1,124,1.25,2011.17,9,0
10/29/2018 12:17:40 ,14,1,0.96000,1,1.35000,1.65000,51.059623,3.709003,1,3242,1,4.900000,1,193.93,1,5.22,1,123,-2.25,-1125.91,12,1
10/29/2018 12:17:40 ,14,1,0.96000,1,1.35000,1.65000,51.059623,3.709003,1,3242,1,4.900000,1,193.93,1,5.22,1,123,-2.25,-1125.91,12,0
10/29/2018 12:17:42 ,14,1,0.96000,1,1.35000,1.65000,51.059604,3.708991,1,3340,1,4.700000,1,196.96,1,3.96,1,123,-2.25,-1125.91,12,0
10/29/2018 12:17:43 ,14,1,0.96000,1,1.35000,1.65000,51.059593,3.708987,1,3411,1,5.200000,1,194.37,1,4.80,1,123,-2.25,-1125.91,12,0
10/29/2018 12:17:44 ,14,1,0.96000,1,1.35000,1.65000,51.059581,3.708981,1,3404,1,5.200000,1,196.73,1,4.83,1,123,-2.25,-1125.91,12,0
10/29/2018 12:17:46 ,14,1,0.96000,1,1.35000,1.65000,51.059558,3.708969,1,4003,1,5.300000,1,197.92,1,4.33,1,123,-2.25,-1125.91,12,0
10/29/2018 12:17:48 ,14,1,0.96000,1,1.35000,1.65000,51.059543,3.708951,1,4031,1,5.400000,1,216.31,1,3.46,1,123,-2.25,-1125.91,12,0
10/29/2018 12:17:49 ,14,1,0.96000,1,1.35000,1.65000,51.059535,3.708939,1,4104,1,5.500000,1,224.48,1,3.87,1,123,-2.25,-1125.91,12,0
10/29/2018 12:17:49 ,14,1,0.96000,1,1.35000,1.65000,51.059535,3.708939,1,10023,1,5.500000,1,224.48,1,3.87,1,123,-6.25,-1137.97,12,1
10/29/2018 12:17:50 ,14,1,0.96000,1,1.35000,1.65000,51.059528,3.708925,1,10100,1,5.600000,1,228.45,1,4.32,1,123,-6.25,-1137.97,12,0
10/29/2018 12:17:52 ,20,1,0.92000,1,1.54000,1.79000,51.059516,3.708898,1,10103,1,5.800000,1,234.22,1,3.35,1,123,-6.25,-1137.97,12,0
10/29/2018 12:17:53 ,20,1,0.92000,1,1.54000,1.79000,51.059509,3.708885,1,10410,1,5.900000,1,235.00,1,3.96,1,123,-6.25,-1137.97,12,0
10/29/2018 12:17:55 ,20,1,0.92000,1,1.54000,1.79000,51.059497,3.708858,1,10433,1,5.800000,1,229.82,1,3.98,1,123,-6.25,-1137.97,12,0
10/29/2018 12:17:57 ,20,1,0.92000,1,1.54000,1.79000,51.059482,3.708831,1,11012,1,6.300000,1,235.70,1,4.43,1,123,-6.25,-1137.97,12,0
10/29/2018 12:17:59 ,20,1,1.28000,1,1.90000,2.29000,51.059471,3.708801,1,11041,1,6.200000,1,238.35,1,4.39,1,123,-6.25,-1137.97,12,0
10/29/2018 12:18:01 ,20,1,1.28000,1,1.90000,2.29000,51.059455,3.708772,1,3023,1,6.300000,1,239.57,1,3.94,1,-126,-8.75,2004.88,15,1
10/29/2018 12:18:01 ,20,1,1.28000,1,1.90000,2.29000,51.059455,3.708772,1,3023,1,6.300000,1,239.57,1,3.94,1,-126,-8.75,2004.88,15,0
10/29/2018 12:18:03 ,20,1,0.92000,1,1.54000,1.79000,51.059448,3.708741,1,3134,1,6.700000,1,248.40,1,4.13,1,-126,-8.75,2004.88,15,0
10/29/2018 12:18:05 ,21,1,0.86000,1,1.54000,1.76000,51.059436,3.708710,1,3201,1,6.900000,1,243.06,1,4.59,1,-126,-8.75,2004.88,15,0
10/29/2018 12:18:07 ,21,1,0.86000,1,1.54000,1.76000,51.059429,3.708679,1,3224,1,7.100000,1,251.55,1,3.59,1,-126,-8.75,2004.88,15,0
10/29/2018 12:18:09 ,21,1,0.86000,1,1.54000,1.76000,51.059413,3.708647,1,3302,1,8.400000,1,242.22,1,2.33,1,-126,-8.75,2004.88,15,0
10/29/2018 12:18:11 ,21,1,0.86000,1,1.54000,1.76000,51.059402,3.708618,1,3400,1,8.600001,1,246.88,1,3.32,1,-126,-8.75,2004.88,15,0
10/29/2018 12:18:12 ,21,1,0.86000,1,1.54000,1.76000,51.059402,3.708605,1,3403,1,8.100001,1,256.73,1,3.15,1,-126,-8.75,2004.88,15,0
10/29/2018 12:18:13 ,21,1,1.13000,1,1.85000,2.16000,51.059398,3.708590,1,3432,1,8.000000,1,258.81,1,4.19,1,-126,-8.75,2004.88,15,0
10/29/2018 12:18:14 ,21,1,1.17000,1,2.74000,2.98000,51.059391,3.708572,1,4222,1,7.400000,1,248.30,1,4.89,1,-126,-8.75,2004.88,15,0
10/29/2018 12:18:15 ,20,1,1.34000,1,1.85000,2.28000,51.059387,3.708554,1,1122,1,7.300000,1,251.52,1,3.96,1,-125,-11.75,1927.28,9,1
10/29/2018 12:18:16 ,21,1,1.13000,1,1.85000,2.16000,51.059383,3.708537,1,2230,1,7.700000,1,253.42,1,4.37,1,-125,-11.75,1927.28,9,0
10/29/2018 12:18:17 ,21,1,1.13000,1,1.85000,2.16000,51.059383,3.708519,1,11032,1,7.200000,1,258.05,1,4.57,1,122,-7.75,1969.23,9,1
10/29/2018 12:18:17 ,21,1,1.13000,1,1.85000,2.16000,51.059383,3.708519,1,11032,1,7.200000,1,258.05,1,4.57,1,122,-7.75,1969.23,9,0
10/29/2018 12:18:19 ,21,1,0.86000,1,1.53000,1.76000,51.059371,3.708481,1,11132,1,8.100001,1,251.79,1,4.02,1,122,-7.75,1969.23,9,0
10/29/2018 12:18:21 ,21,1,0.86000,1,1.53000,1.76000,51.059368,3.708452,1,11201,1,7.600000,1,249.58,1,2.93,1,122,-7.75,1969.23,9,0
10/29/2018 12:18:22 ,21,1,0.86000,1,1.53000,1.76000,51.059364,3.708449,1,11440,1,7.200000,1,206.57,1,2.46,1,122,-7.75,1994.39,9,0
10/29/2018 12:18:22 ,21,1,0.86000,1,1.53000,1.76000,51.059364,3.708449,1,11440,1,7.200000,1,206.57,1,2.46,1,121,-7.00,1994.39,9,1
10/29/2018 12:18:24 ,21,1,1.13000,1,1.84000,2.16000,51.059352,3.708418,1,1321,1,6.700000,1,243.87,1,5.65,1,121,-7.00,1994.39,9,0
10/29/2018 12:18:25 ,21,1,0.85000,1,1.33000,1.58000,51.059349,3.708406,1,2433,1,5.200000,1,240.29,1,3.13,1,121,-7.00,1994.39,9,0
10/29/2018 12:18:25 ,21,1,0.85000,1,1.33000,1.58000,51.059349,3.708406,1,4341,1,5.200000,1,240.29,1,3.13,1,123,-5.50,1986.00,9,1
10/29/2018 12:18:26 ,21,1,0.91000,1,1.58000,1.83000,51.059345,3.708393,1,4413,1,3.800000,1,243.55,1,3.87,1,123,-5.50,1986.00,9,0
10/29/2018 12:18:28 ,21,1,1.17000,1,2.73000,2.98000,51.059333,3.708364,1,1300,1,2.200000,1,243.58,1,4.19,1,122,-7.25,2002.78,9,1
10/29/2018 12:18:28 ,21,1,1.17000,1,2.73000,2.98000,51.059333,3.708364,1,1300,1,2.200000,1,243.58,1,4.19,1,122,-7.25,2002.78,9,0
10/29/2018 12:18:30 ,21,1,0.85000,1,1.33000,1.58000,51.059326,3.708337,1,3014,1,0.900000,1,249.45,1,3.48,1,122,-7.25,2002.78,9,0
10/29/2018 12:18:30 ,21,1,0.85000,1,1.33000,1.58000,51.059326,3.708337,1,11223,1,0.900000,1,249.45,1,3.48,1,123,-3.25,2002.78,9,1
10/29/2018 12:18:32 ,21,1,1.13000,1,1.33000,1.58000,51.059322,3.708284,1,10,1,1.800000,1,267.06,1,4.78,1,123,-3.25,2002.78,9,0
10/29/2018 12:18:33 ,21,1,1.17000,1,2.73000,2.97000,51.059322,3.708254,1,1123,1,2.800000,1,269.26,1,5.67,1,123,-3.25,2002.78,9,0
10/29/2018 12:18:34 ,21,1,1.17000,1,2.73000,2.97000,51.059318,3.708237,1,2313,1,2.800000,1,269.26,1,3.80,1,123,-3.25,2002.78,9,0
10/29/2018 12:18:35 ,21,1,1.17000,1,2.73000,2.97000,51.059314,3.708222,1,3223,1,2.800000,1,269.26,1,2.20,1,123,-3.25,2002.78,9,0
10/29/2018 12:18:37 ,21,1,0.88000,1,1.44000,1.69000,51.059310,3.708185,1,3301,1,5.100000,1,269.26,1,3.44,1,123,-3.25,2002.78,9,0
10/29/2018 12:18:39 ,21,1,1.13000,1,1.84000,2.16000,51.059314,3.708161,1,3331,1,7.200000,1,269.26,1,2.93,1,123,-3.25,2002.78,9,0
10/29/2018 12:18:41 ,20,1,0.90000,1,1.34000,1.61000,51.059318,3.708140,1,3343,1,9.000000,1,269.26,1,1.33,1,123,-3.25,2002.78,9,0
10/29/2018 12:18:43 ,20,1,0.92000,1,1.53000,1.79000,51.059314,3.708121,1,3423,1,9.000000,1,269.26,1,3.32,1,123,-3.25,2002.78,9,0
10/29/2018 12:18:44 ,20,1,0.92000,1,1.53000,1.79000,51.059307,3.708120,1,11114,1,8.700000,1,269.26,1,2.30,1,-122,-11.00,-1084.49,12,1
10/29/2018 12:18:44 ,20,1,0.92000,1,1.53000,1.79000,51.059307,3.708120,1,11114,1,8.700000,1,269.26,1,2.30,1,-122,-11.00,-1084.49,12,0
10/29/2018 12:18:45 ,21,1,0.92000,1,1.53000,1.79000,51.059310,3.708112,1,11340,1,8.200000,1,269.26,1,1.80,1,-122,-11.00,-1084.49,12,0
10/29/2018 12:18:47 ,20,1,0.97000,1,1.53000,1.79000,51.059318,3.708095,1,110,1,8.700000,1,269.26,1,3.82,1,-122,-11.00,-1084.49,12,0
10/29/2018 12:18:48 ,20,1,1.09000,1,2.16000,2.42000,51.059318,3.708088,1,1231,1,8.900000,1,269.26,1,2.02,1,-122,-11.00,-1084.49,12,0
10/29/2018 12:18:49 ,20,1,1.16000,1,1.60000,1.98000,51.059329,3.708070,1,2400,1,12.000000,1,269.26,1,6.00,1,-122,-11.00,-1084.49,12,0
10/29/2018 12:18:50 ,21,1,0.88000,1,1.44000,1.69000,51.059368,3.708060,1,2412,1,17.000000,1,312.98,1,11.22,1,-122,-11.00,-1084.49,12,0
10/29/2018 12:18:52 ,20,1,2.13000,1,3.49000,4.09000,51.059398,3.708033,1,3103,1,24.799999,1,321.71,1,6.35,1,-122,-11.00,-1084.49,12,0
10/29/2018 12:18:54 ,20,1,1.38000,1,3.38000,3.65000,51.059368,3.707983,1,413,1,25.100000,1,321.71,1,4.76,1,123,-2.25,-1099.17,12,1
10/29/2018 12:18:54 ,20,1,1.38000,1,3.38000,3.65000,51.059368,3.707983,1,413,1,25.100000,1,321.71,1,4.76,1,123,-2.25,-1099.17,12,0
10/29/2018 12:18:55 ,14,1,1.75000,1,3.74000,4.13000,51.059360,3.707962,1,2213,1,26.500000,1,321.71,1,5.46,1,123,-2.25,-1099.17,12,0
10/29/2018 12:18:55 ,14,1,1.75000,1,3.74000,4.13000,51.059360,3.707962,1,11133,1,26.500000,1,321.71,1,5.46,1,-123,0.75,2088.76,7,1
10/29/2018 12:18:56 ,14,1,1.62000,1,3.35000,3.73000,51.059394,3.707930,1,11213,1,27.000000,1,321.71,1,7.72,1,-123,0.75,2088.76,7,0
10/29/2018 12:18:57 ,14,1,1.62000,1,3.35000,3.73000,51.059394,3.707930,1,20341,1,27.000000,1,321.71,1,7.72,1,-125,-2.50,2038.43,7,1
10/29/2018 12:18:58 ,0,1,99.99000,1,99.99000,99.99000,51.059394,3.707930,1,33413,1,27.000000,1,321.71,1,7.72,1,-125,-2.50,2038.43,7,0
10/29/2018 12:18:59 ,0,1,99.99000,1,99.99000,99.99000,51.059394,3.707930,1,43102,1,27.000000,1,321.71,1,7.72,1,-126,-5.00,2122.32,7,1
10/29/2018 12:19:00 ,0,1,99.99000,1,99.99000,99.99000,51.059394,3.707930,1,112231,1,27.000000,1,321.71,1,7.72,1,-126,-5.00,2122.32,7,0
10/29/2018 12:19:00 ,0,1,99.99000,1,99.99000,99.99000,51.059394,3.707930,1,120304,1,27.000000,1,321.71,1,7.72,1,-124,-2.25,2071.99,7,1
10/29/2018 12:19:01 ,0,1,99.99000,1,99.99000,99.99000,51.059394,3.707930,1,133331,1,27.000000,1,321.71,1,7.72,1,-124,-2.25,2071.99,7,0
10/29/2018 12:19:02 ,0,1,99.99000,1,99.99000,99.99000,51.059394,3.707930,1,143021,1,27.000000,1,321.71,1,7.72,1,-117,3.00,2071.99,7,1
10/29/2018 12:19:03 ,0,1,99.99000,1,99.99000,99.99000,51.059394,3.707930,1,212143,1,27.000000,1,321.71,1,7.72,1,-117,3.00,2071.99,7,0
10/29/2018 12:19:03 ,0,1,99.99000,1,99.99000,99.99000,51.059394,3.707930,1,220222,1,27.000000,1,321.71,1,7.72,1,-118,1.50,2055.21,7,1
10/29/2018 12:19:04 ,0,1,99.99000,1,99.99000,99.99000,51.059394,3.707930,1,233301,1,27.000000,1,321.71,1,7.72,1,-118,1.50,2055.21,7,0
10/29/2018 12:19:05 ,0,1,99.99000,1,99.99000,99.99000,51.059394,3.707930,1,242432,1,27.000000,1,321.71,1,7.72,1,-124,-1.00,2071.99,7,1
10/29/2018 12:19:06 ,0,1,99.99000,1,99.99000,99.99000,51.059394,3.707930,1,311401,1,27.000000,1,321.71,1,7.72,1,-124,-1.00,2071.99,7,0
10/29/2018 12:19:06 ,0,1,99.99000,1,99.99000,99.99000,51.059394,3.707930,1,320134,1,27.000000,1,321.71,1,7.72,1,-124,-0.50,2105.54,7,1
10/29/2018 12:19:07 ,20,1,2.55000,1,5.33000,5.91000,51.059570,3.707849,1,10203,1,38.500000,1,321.71,1,4.09,1,-124,-0.50,2105.54,7,0
10/29/2018 12:19:08 ,14,1,1.01000,1,2.09000,2.32000,51.059646,3.708002,1,1310,1,16.600000,1,184.99,1,5.17,1,-119,4.25,2122.32,7,1
10/29/2018 12:19:09 ,21,1,1.41000,1,3.77000,4.02000,51.059627,3.708023,1,2444,1,13.600001,1,184.99,1,1.76,1,-119,4.25,2122.32,7,0
10/29/2018 12:19:09 ,21,1,1.41000,1,3.77000,4.02000,51.059627,3.708023,1,11041,1,13.600001,1,184.99,1,1.76,1,-124,-3.75,2172.65,7,1
10/29/2018 12:19:10 ,14,1,1.19000,1,2.38000,2.66000,51.059638,3.708015,1,11043,1,12.400000,1,226.99,1,5.41,1,-124,-3.75,2172.65,7,0
10/29/2018 12:19:11 ,14,1,0.97000,1,2.07000,2.29000,51.059654,3.708012,1,2300,1,10.700000,1,226.99,1,2.67,1,-119,4.25,2172.65,7,1
10/29/2018 12:19:12 ,14,1,0.97000,1,2.07000,2.29000,51.059661,3.708008,1,2443,1,8.800001,1,226.99,1,1.74,1,-119,4.25,2172.65,7,0
10/29/2018 12:19:12 ,14,1,0.97000,1,2.07000,2.29000,51.059661,3.708008,1,12013,1,8.800001,1,226.99,1,1.74,1,-116,5.50,2189.43,7,1
10/29/2018 12:19:14 ,14,1,1.19000,1,2.38000,2.66000,51.059688,3.708006,1,241,1,7.900000,1,226.99,1,2.32,1,-116,5.50,2189.43,7,0
10/29/2018 12:19:14 ,14,1,1.19000,1,2.38000,2.66000,51.059688,3.708006,1,3213,1,7.900000,1,226.99,1,2.32,1,-119,4.25,2206.20,7,1
10/29/2018 12:19:15 ,14,1,1.19000,1,2.38000,2.66000,51.059696,3.708004,1,3243,1,7.000000,1,226.99,1,1.74,1,-119,4.25,2206.20,7,0
10/29/2018 12:19:16 ,14,1,1.69000,1,2.96000,3.41000,51.059711,3.708002,1,4012,1,6.600000,1,278.24,1,3.72,1,-119,4.25,2206.20,7,0
10/29/2018 12:19:17 ,14,1,1.19000,1,2.38000,2.66000,51.059730,3.708002,1,11132,1,7.800000,1,327.70,1,3.32,1,127,4.00,2212.50,9,1
10/29/2018 12:19:17 ,14,1,1.19000,1,2.38000,2.66000,51.059730,3.708002,1,11132,1,7.800000,1,327.70,1,3.32,1,127,4.00,2212.50,9,0
10/29/2018 12:19:18 ,14,1,0.97000,1,2.07000,2.29000,51.059745,3.708001,1,11424,1,6.600000,1,340.64,1,4.78,1,127,4.00,2212.50,9,0
10/29/2018 12:19:20 ,14,1,1.69000,1,2.07000,2.29000,51.059776,3.708003,1,44,1,6.900000,1,358.75,1,5.32,1,127,4.00,2212.50,9,0
10/29/2018 12:19:20 ,14,1,1.69000,1,2.96000,3.41000,51.059776,3.708003,1,3100,1,6.900000,1,358.75,1,5.32,1,125,1.25,2254.44,9,1
10/29/2018 12:19:21 ,14,1,1.22000,1,2.17000,2.49000,51.059787,3.708012,1,3133,1,6.300000,1,2.63,1,5.48,1,125,1.25,2254.44,9,0
10/29/2018 12:19:23 ,21,1,1.11000,1,2.09000,2.37000,51.059799,3.708022,1,43,1,7.000000,1,2.63,1,3.93,1,125,2.25,2342.52,9,1
10/29/2018 12:19:23 ,21,1,1.11000,1,2.09000,2.37000,51.059799,3.708022,1,43,1,7.000000,1,2.63,1,3.93,1,125,2.25,2342.52,9,0
10/29/2018 12:19:24 ,21,1,1.11000,1,2.09000,2.37000,51.059810,3.708027,1,2333,1,6.700000,1,7.08,1,3.89,1,125,2.25,2342.52,9,0
10/29/2018 12:19:25 ,20,1,1.96000,1,2.27000,3.00000,51.059814,3.708030,1,10010,1,6.200000,1,7.08,1,3.56,1,126,3.50,2338.32,9,1
10/29/2018 12:19:25 ,20,1,1.96000,1,2.27000,3.00000,51.059814,3.708030,1,10010,1,6.200000,1,7.08,1,3.56,1,126,3.50,2338.32,9,0
10/29/2018 12:19:27 ,14,1,2.14000,1,3.55000,4.15000,51.059833,3.708021,1,10042,1,5.600000,1,356.35,1,3.87,1,126,3.50,2338.32,9,0
10/29/2018 12:19:28 ,14,1,1.22000,1,2.17000,2.48000,51.059860,3.708006,1,1403,1,3.400000,1,344.87,1,7.28,1,127,4.50,2376.07,9,1
10/29/2018 12:19:29 ,14,1,1.70000,1,2.73000,3.22000,51.059871,3.708017,1,2443,1,3.900000,1,352.67,1,5.85,1,127,4.50,2376.07,9,0
10/29/2018 12:19:30 ,20,1,2.37000,1,2.82000,3.69000,51.059883,3.708020,1,11341,1,3.600000,1,357.38,1,5.20,1,127,4.50,2426.40,9,1
10/29/2018 12:19:30 ,20,1,2.37000,1,2.82000,3.69000,51.059883,3.708020,1,11341,1,3.600000,1,357.38,1,5.20,1,127,4.50,2426.40,9,0
10/29/2018 12:19:32 ,14,1,1.26000,1,1.94000,2.31000,51.059913,3.708017,1,1241,1,3.200000,1,358.28,1,3.96,1,127,4.50,2426.40,9,0
10/29/2018 12:19:33 ,14,1,1.48000,1,2.51000,2.92000,51.059928,3.708025,1,2402,1,2.600000,1,358.28,1,3.85,1,127,4.50,2426.40,9,0
10/29/2018 12:19:33 ,14,1,1.48000,1,2.51000,2.92000,51.059928,3.708025,1,3330,1,2.600000,1,358.28,1,3.85,1,-123,7.00,2501.90,9,1
10/29/2018 12:19:34 ,21,1,1.08000,1,2.48000,2.70000,51.059944,3.708026,1,3314,1,2.000000,1,6.17,1,4.15,1,-123,7.00,2501.90,9,0
10/29/2018 12:19:36 ,21,1,1.27000,1,2.48000,2.70000,51.059982,3.708049,1,220,1,-0.200000,1,14.81,1,4.69,1,126,4.25,2552.23,9,1
10/29/2018 12:19:36 ,21,1,1.27000,1,2.48000,2.70000,51.059982,3.708049,1,220,1,-0.200000,1,14.81,1,4.69,1,126,4.25,2552.23,9,0
10/29/2018 12:19:37 ,20,1,1.03000,1,2.37000,2.58000,51.059997,3.708055,1,3203,1,-1.600000,1,15.02,1,3.43,1,126,4.25,2552.23,9,0
10/29/2018 12:19:39 ,20,1,1.17000,1,2.39000,2.66000,51.060016,3.708064,1,3302,1,-3.900000,1,15.02,1,3.00,1,126,4.25,2552.23,9,0
10/29/2018 12:19:40 ,20,1,1.17000,1,2.39000,2.66000,51.060031,3.708071,1,201,1,-3.900000,1,15.02,1,2.48,1,123,-1.75,-527.17,12,1
10/29/2018 12:19:41 ,20,1,0.96000,1,1.64000,1.90000,51.060047,3.708078,1,333,1,-4.300000,1,5.92,1,4.11,1,123,-1.75,-527.17,12,0
10/29/2018 12:19:42 ,20,1,1.05000,1,1.66000,1.96000,51.060066,3.708087,1,2012,1,-4.400000,1,5.73,1,5.39,1,123,-1.75,-527.17,12,0
10/29/2018 12:19:44 ,21,1,2.96000,1,3.05000,4.25000,51.060096,3.708104,1,2422,1,-4.400000,1,4.74,1,5.22,1,123,-1.75,-527.17,12,0
10/29/2018 12:19:46 ,21,1,0.91000,1,1.52000,1.78000,51.060119,3.708105,1,3022,1,-5.000000,1,358.29,1,3.06,1,123,-1.75,-527.17,12,0
10/29/2018 12:19:48 ,21,1,0.90000,1,1.33000,1.61000,51.060150,3.708110,1,3100,1,-5.100000,1,2.20,1,4.20,1,123,-1.75,-527.17,12,0
10/29/2018 12:19:49 ,21,1,0.86000,1,1.52000,1.75000,51.060165,3.708111,1,441,1,-4.900000,1,1.72,1,4.72,1,126,1.25,-443.81,12,1
10/29/2018 12:19:50 ,21,1,0.86000,1,1.52000,1.75000,51.060180,3.708113,1,2111,1,-5.400000,1,0.48,1,4.70,1,126,1.25,-443.81,12,0
10/29/2018 12:19:52 ,21,1,0.86000,1,1.52000,1.75000,51.060214,3.708111,1,2444,1,-4.200000,1,355.81,1,4.46,1,126,1.25,-443.81,12,0
10/29/2018 12:19:54 ,21,1,0.85000,1,1.32000,1.57000,51.060241,3.708111,1,3031,1,-2.900000,1,3.78,1,4.65,1,126,1.25,-443.81,12,0
10/29/2018 12:19:56 ,21,1,0.96000,1,2.07000,2.28000,51.060272,3.708112,1,3104,1,-1.700000,1,1.50,1,4.74,1,126,1.25,-443.81,12,0
10/29/2018 12:19:58 ,21,1,0.85000,1,1.32000,1.57000,51.060302,3.708111,1,134,1,-0.500000,1,0.86,1,4.65,1,-122,-4.00,2810.18,7,1
10/29/2018 12:19:58 ,21,1,0.85000,1,1.32000,1.57000,51.060302,3.708111,1,134,1,-0.500000,1,0.86,1,4.65,1,-122,-4.00,2810.18,7,0
10/29/2018 12:19:59 ,21,1,0.88000,1,1.43000,1.68000,51.060317,3.708108,1,2123,1,0.100000,1,354.19,1,5.24,1,-122,-4.00,2810.18,7,0
10/29/2018 12:20:01 ,21,1,0.85000,1,1.43000,1.68000,51.060348,3.708105,1,114,1,0.500000,1,357.61,1,5.50,1,-118,1.50,2759.85,7,1
10/29/2018 12:20:01 ,21,1,0.85000,1,1.43000,1.68000,51.060348,3.708105,1,114,1,0.500000,1,357.61,1,5.50,1,-118,1.50,2759.85,7,0
10/29/2018 12:20:02 ,20,1,0.88000,1,1.43000,1.68000,51.060359,3.708101,1,4323,1,0.200000,1,354.84,1,4.20,1,-123,-0.75,2743.07,7,1
10/29/2018 12:20:02 ,20,1,0.88000,1,1.43000,1.68000,51.060359,3.708101,1,4323,1,0.200000,1,354.84,1,4.20,1,-123,-0.75,2743.07,7,0
10/29/2018 12:20:04 ,21,1,0.88000,1,1.43000,1.68000,51.060390,3.708090,1,1020,1,0.600000,1,347.61,1,4.39,1,-123,-5.75,2709.52,7,1
10/29/2018 12:20:04 ,21,1,0.88000,1,1.43000,1.68000,51.060390,3.708090,1,1020,1,0.600000,1,347.61,1,4.39,1,-123,-5.75,2709.52,7,0
10/29/2018 12:20:06 ,21,1,0.96000,1,2.07000,2.28000,51.060413,3.708067,1,3020,1,0.800000,1,322.99,1,5.57,1,-123,-5.75,2709.52,7,0
10/29/2018 12:20:07 ,21,1,0.96000,1,2.07000,2.28000,51.060424,3.708053,1,3100,1,0.900000,1,320.23,1,5.41,1,-123,-5.75,2709.52,7,0
10/29/2018 12:20:08 ,21,1,0.86000,1,1.52000,1.75000,51.060436,3.708041,1,11201,1,1.200000,1,319.67,1,4.41,1,-123,0.00,2759.85,7,1
10/29/2018 12:20:08 ,21,1,0.86000,1,1.52000,1.75000,51.060436,3.708041,1,11201,1,1.200000,1,319.67,1,4.41,1,-123,0.00,2759.85,7,0
10/29/2018 12:20:10 ,21,1,0.86000,1,1.52000,1.75000,51.060447,3.708037,1,420,1,1.500000,1,319.67,1,1.35,1,-123,0.00,2759.85,7,0
10/29/2018 12:20:10 ,21,1,0.86000,1,1.52000,1.75000,51.060447,3.708037,1,2433,1,1.500000,1,319.67,1,1.35,1,-125,-3.75,2726.30,7,1
10/29/2018 12:20:11 ,14,1,1.20000,1,1.48000,1.91000,51.060462,3.708040,1,3004,1,2.700000,1,332.10,1,4.09,1,-125,-3.75,2726.30,7,0
10/29/2018 12:20:12 ,14,1,1.20000,1,1.48000,1.91000,51.060478,3.708046,1,120,1,2.700000,1,1.08,1,5.32,1,-126,-2.00,2743.07,7,1
10/29/2018 12:20:13 ,20,1,1.20000,1,1.48000,1.91000,51.060493,3.708055,1,302,1,3.300000,1,11.35,1,5.35,1,-126,-2.00,2743.07,7,0
10/29/2018 12:20:13 ,20,1,1.20000,1,1.48000,1.91000,51.060493,3.708055,1,3334,1,3.300000,1,11.35,1,5.35,1,-124,-2.50,2709.52,7,1
10/29/2018 12:20:14 ,20,1,1.20000,1,1.48000,1.91000,51.060508,3.708052,1,3412,1,3.000000,1,3.17,1,4.83,1,-124,-2.50,2709.52,7,0
10/29/2018 12:20:15 ,20,1,1.20000,1,1.48000,1.91000,51.060516,3.708055,1,43,1,3.200000,1,0.08,1,2.63,1,-126,-7.75,2709.52,7,1
10/29/2018 12:20:16 ,21,1,1.20000,1,1.48000,1.91000,51.060520,3.708065,1,1231,1,3.200000,1,0.08,1,0.33,1,-126,-7.75,2709.52,7,0
10/29/2018 12:20:16 ,21,1,1.20000,1,1.48000,1.91000,51.060520,3.708065,1,4320,1,3.200000,1,0.08,1,0.33,1,-124,-6.75,2776.63,7,1
10/29/2018 12:20:17 ,21,1,0.98000,1,1.40000,1.71000,51.060523,3.708066,1,4340,1,3.300000,1,0.08,1,0.87,1,-124,-6.75,2776.63,7,0
10/29/2018 12:20:17 ,21,1,0.98000,1,1.40000,1.71000,51.060523,3.708066,1,11224,1,3.300000,1,0.08,1,0.87,1,123,-2.75,2661.29,9,1
10/29/2018 12:20:19 ,21,1,0.98000,1,1.40000,1.71000,51.060531,3.708061,1,300,1,3.300000,1,0.08,1,1.65,1,123,-2.75,2661.29,9,0
10/29/2018 12:20:20 ,20,1,1.20000,1,1.48000,1.91000,51.060535,3.708065,1,403,1,6.500000,1,243.80,1,2.82,1,123,-2.75,2661.29,9,0
10/29/2018 12:20:21 ,14,1,1.94000,1,2.21000,2.94000,51.060535,3.708070,1,2021,1,7.800000,1,199.82,1,2.91,1,123,-2.75,2661.29,9,0
10/29/2018 12:20:23 ,13,1,1.94000,1,1.48000,1.91000,51.060546,3.708070,1,134,1,9.300001,1,199.82,1,0.22,1,123,-2.50,2636.12,9,1
10/29/2018 12:20:23 ,13,1,1.94000,1,1.48000,1.91000,51.060546,3.708070,1,134,1,9.300001,1,199.82,1,0.22,1,123,-2.50,2636.12,9,0
10/29/2018 12:20:24 ,14,1,1.94000,1,2.21000,2.94000,51.060550,3.708068,1,2401,1,9.900000,1,199.82,1,0.04,1,123,-2.50,2636.12,9,0
10/29/2018 12:20:25 ,14,1,1.20000,1,1.48000,1.90000,51.060550,3.708065,1,3002,1,10.200000,1,199.82,1,0.37,1,123,-2.50,2636.12,9,0
10/29/2018 12:20:25 ,14,1,1.20000,1,1.48000,1.90000,51.060550,3.708065,1,10042,1,10.200000,1,199.82,1,0.37,1,123,-9.25,2652.90,9,1
10/29/2018 12:20:26 ,14,1,1.94000,1,2.21000,2.94000,51.060554,3.708062,1,10111,1,10.600001,1,199.82,1,1.37,1,123,-9.25,2652.90,9,0
10/29/2018 12:20:27 ,14,1,1.94000,1,2.21000,2.94000,51.060562,3.708062,1,10134,1,10.700000,1,199.82,1,2.07,1,123,-9.25,2652.90,9,0
10/29/2018 12:20:28 ,20,1,1.94000,1,2.21000,2.94000,51.060565,3.708063,1,1440,1,10.600001,1,199.82,1,2.00,1,124,1.50,2631.93,9,1
10/29/2018 12:20:29 ,20,1,1.94000,1,2.21000,2.94000,51.060573,3.708059,1,3103,1,10.500000,1,199.82,1,2.06,1,124,1.50,2631.93,9,0
10/29/2018 12:20:30 ,20,1,1.94000,1,2.21000,2.94000,51.060581,3.708053,1,11431,1,10.400000,1,199.82,1,2.78,1,125,2.25,2623.54,9,1
10/29/2018 12:20:30 ,20,1,1.94000,1,2.21000,2.94000,51.060581,3.708053,1,11431,1,10.400000,1,199.82,1,2.78,1,125,2.25,2623.54,9,0
10/29/2018 12:20:32 ,13,1,2.51000,1,2.97000,3.89000,51.060607,3.708032,1,1214,1,10.400000,1,199.82,1,4.54,1,125,2.25,2623.54,9,0
10/29/2018 12:20:33 ,12,1,16.17000,1,17.86000,24.09000,51.060619,3.708006,1,3414,1,10.400000,1,199.82,1,5.41,1,123,-5.50,2610.95,9,1
10/29/2018 12:20:33 ,12,1,16.17000,1,17.86000,24.09000,51.060619,3.708006,1,3414,1,10.400000,1,199.82,1,5.41,1,123,-5.50,2610.95,9,0
10/29/2018 12:20:35 ,10,1,5.35000,1,5.17000,7.44000,51.060657,3.707992,1,4002,1,10.400000,1,249.54,1,6.15,1,123,-5.50,2610.95,9,0
10/29/2018 12:20:36 ,10,1,5.35000,1,5.18000,7.44000,51.060703,3.707980,1,323,1,10.300001,1,315.55,1,9.37,1,122,-5.75,2585.79,9,1
10/29/2018 12:20:37 ,11,1,16.33000,1,18.04000,24.33000,51.060726,3.707959,1,2104,1,10.300001,1,326.88,1,9.20,1,122,-5.75,2585.79,9,0
10/29/2018 12:20:39 ,12,1,3.01000,1,1.00000,3.17000,51.060749,3.707963,1,3203,1,10.400000,1,326.88,1,7.22,1,122,-5.75,2585.79,9,0
10/29/2018 12:20:41 ,4,1,74.35000,1,1.00000,74.35000,51.060745,3.707987,1,21303,1,10.400000,1,326.88,1,5.11,1,122,-5.75,2585.79,9,0
10/29/2018 12:20:43 ,0,1,99.99000,1,99.99000,99.99000,51.060745,3.707987,1,102324,1,10.400000,1,326.88,1,5.11,1,122,-5.75,2585.79,9,0
10/29/2018 12:20:44 ,0,1,99.99000,1,99.99000,99.99000,51.060745,3.707987,1,114140,1,10.400000,1,326.88,1,5.11,1,123,-3.00,-602.14,12,1
10/29/2018 12:20:45 ,0,1,99.99000,1,99.99000,99.99000,51.060745,3.707987,1,132212,1,10.400000,1,326.88,1,5.11,1,123,-3.00,-602.14,12,0
10/29/2018 12:20:47 ,12,1,3.06000,1,1.00000,3.22000,51.059852,3.707746,1,2141,1,10.800001,1,190.17,1,48.32,1,123,-3.00,-602.14,12,0
10/29/2018 12:20:49 ,12,1,3.05000,1,3.90000,4.95000,51.057552,3.707937,1,2422,1,11.000000,1,180.06,1,146.49,1,123,-3.00,-602.14,12,0
10/29/2018 12:20:51 ,0,1,99.99000,1,99.99000,99.99000,51.057552,3.707937,1,34000,1,11.000000,1,180.06,1,146.49,1,123,-3.00,-602.14,12,0
10/29/2018 12:20:53 ,4,1,3.09000,1,1.00000,3.25000,51.057552,3.707937,1,120021,1,11.000000,1,180.06,1,146.49,1,123,-3.00,-602.14,12,0
10/29/2018 12:20:53 ,4,1,3.09000,1,1.00000,3.25000,51.057552,3.707937,1,120322,1,11.000000,1,180.06,1,146.49,1,123,-3.25,-634.65,12,1
10/29/2018 12:20:54 ,11,1,3.09000,1,1.00000,3.25000,51.057552,3.707937,1,133401,1,11.000000,1,180.06,1,146.49,1,123,-3.25,-634.65,12,0
10/29/2018 12:20:56 ,12,1,3.09000,1,1.00000,3.25000,51.061832,3.707731,1,3420,1,13.300001,1,356.40,1,46.45,1,123,-3.25,-634.65,12,0
10/29/2018 12:20:58 ,0,1,99.99000,1,99.99000,99.99000,51.061813,3.707722,1,21442,1,14.300001,1,354.62,1,41.21,1,123,-3.25,-634.65,12,0
10/29/2018 12:20:59 ,0,1,99.99000,1,99.99000,99.99000,51.061813,3.707722,1,40231,1,14.300001,1,354.62,1,41.21,1,123,-3.25,-634.65,12,0
10/29/2018 12:21:00 ,0,1,99.99000,1,99.99000,99.99000,51.061813,3.707722,1,44331,1,14.300001,1,354.62,1,41.21,1,-125,-2.75,2474.64,7,1
10/29/2018 12:21:01 ,0,1,99.99000,1,99.99000,99.99000,51.061813,3.707722,1,113313,1,14.300001,1,354.62,1,41.21,1,-125,-2.75,2474.64,7,0
10/29/2018 12:21:01 ,0,1,99.99000,1,99.99000,99.99000,51.061813,3.707722,1,122040,1,14.300001,1,354.62,1,41.21,1,-122,1.00,2508.19,7,1
10/29/2018 12:21:02 ,0,1,99.99000,1,99.99000,99.99000,51.061813,3.707722,1,140111,1,14.300001,1,354.62,1,41.21,1,-122,1.00,2508.19,7,0
10/29/2018 12:21:03 ,0,1,99.99000,1,99.99000,99.99000,51.061813,3.707722,1,144244,1,14.300001,1,354.62,1,41.21,1,-120,4.50,2508.19,7,1
10/29/2018 12:21:04 ,0,1,99.99000,1,99.99000,99.99000,51.061813,3.707722,1,212324,1,14.300001,1,354.62,1,41.21,1,-120,4.50,2508.19,7,0
10/29/2018 12:21:06 ,0,1,99.99000,1,99.99000,99.99000,51.061813,3.707722,1,243400,1,14.300001,1,354.62,1,41.21,1,-120,4.50,2508.19,7,0
10/29/2018 12:21:06 ,0,1,99.99000,1,99.99000,99.99000,51.061813,3.707722,1,244210,1,14.300001,1,354.62,1,41.21,1,-120,2.50,2508.19,7,1
10/29/2018 12:21:07 ,0,1,99.99000,1,99.99000,99.99000,51.061813,3.707722,1,312234,1,14.300001,1,354.62,1,41.21,1,-120,2.50,2508.19,7,0
10/29/2018 12:21:08 ,0,1,99.99000,1,99.99000,99.99000,51.061813,3.707722,1,321421,1,14.300001,1,354.62,1,41.21,1,-122,2.25,2474.64,7,1
10/29/2018 12:21:09 ,10,1,3.09000,1,99.99000,99.99000,51.061813,3.707722,1,341100,1,14.300001,1,354.62,1,41.21,1,-122,2.25,2474.64,7,0
10/29/2018 12:21:09 ,10,1,3.09000,1,1.00000,3.24000,51.061813,3.707722,1,344124,1,14.300001,1,354.62,1,41.21,1,-125,-5.50,2474.64,7,1
10/29/2018 12:21:10 ,0,1,99.99000,1,99.99000,99.99000,51.061813,3.707722,1,412204,1,14.300001,1,354.62,1,41.21,1,-125,-5.50,2474.64,7,0
10/29/2018 12:21:11 ,0,1,99.99000,1,99.99000,99.99000,51.061813,3.707722,1,421333,1,14.300001,1,354.62,1,41.21,1,-125,-2.50,2524.97,7,1
10/29/2018 12:21:12 ,0,1,99.99000,1,99.99000,99.99000,51.061813,3.707722,1,441014,1,14.300001,1,354.62,1,41.21,1,-125,-2.50,2524.97,7,0
10/29/2018 12:21:12 ,0,1,99.99000,1,99.99000,99.99000,51.061813,3.707722,1,444041,1,14.300001,1,354.62,1,41.21,1,-122,0.25,2441.08,7,1
10/29/2018 12:21:13 ,10,1,4.48000,1,1.00000,4.59000,51.061813,3.707722,1,1012112,1,14.300001,1,354.62,1,41.21,1,-122,0.25,2441.08,7,0
10/29/2018 12:21:14 ,13,1,5.34000,1,5.46000,7.64000,51.061473,3.707860,1,303,1,34.900001,1,344.90,1,15.54,1,-123,1.00,2441.08,7,1
10/29/2018 12:21:15 ,10,1,5.33000,1,5.46000,7.63000,51.061531,3.707867,1,1431,1,40.299999,1,353.49,1,24.06,1,-123,1.00,2441.08,7,0
10/29/2018 12:21:17 ,0,1,99.99000,1,99.99000,99.99000,51.061565,3.707814,1,14230,1,37.200000,1,348.03,1,20.74,1,-115,3.25,2441.08,7,1
10/29/2018 12:21:17 ,0,1,99.99000,1,99.99000,99.99000,51.061565,3.707814,1,14230,1,37.200000,1,348.03,1,20.74,1,-115,3.25,2441.08,7,0
10/29/2018 12:21:18 ,0,1,99.99000,1,99.99000,99.99000,51.061565,3.707814,1,41432,1,37.200000,1,348.03,1,20.74,1,-120,3.75,2407.53,7,1
10/29/2018 12:21:18 ,0,1,99.99000,1,99.99000,99.99000,51.061565,3.707814,1,41432,1,37.200000,1,348.03,1,20.74,1,-120,3.75,2407.53,7,0
10/29/2018 12:21:20 ,0,1,99.99000,1,99.99000,99.99000,51.061565,3.707814,1,111120,1,37.200000,1,348.03,1,20.74,1,-120,3.75,2407.53,7,0
10/29/2018 12:21:20 ,0,1,99.99000,1,99.99000,99.99000,51.061565,3.707814,1,120233,1,37.200000,1,348.03,1,20.74,1,126,-2.25,2371.88,9,1
10/29/2018 12:21:21 ,0,1,99.99000,1,99.99000,99.99000,51.061565,3.707814,1,133304,1,37.200000,1,348.03,1,20.74,1,126,-2.25,2371.88,9,0
10/29/2018 12:21:23 ,0,1,99.99000,1,99.99000,99.99000,51.061565,3.707814,1,211204,1,37.200000,1,348.03,1,20.74,1,125,2.25,2359.30,9,1
10/29/2018 12:21:23 ,0,1,99.99000,1,99.99000,99.99000,51.061565,3.707814,1,211204,1,37.200000,1,348.03,1,20.74,1,125,2.25,2359.30,9,0
10/29/2018 12:21:25 ,0,1,99.99000,1,99.99000,99.99000,51.061565,3.707814,1,243412,1,37.200000,1,348.03,1,20.74,1,125,2.25,2359.30,9,0
10/29/2018 12:21:25 ,0,1,99.99000,1,99.99000,99.99000,51.061565,3.707814,1,302120,1,37.200000,1,348.03,1,20.74,1,123,-1.00,2346.71,9,1
10/29/2018 12:21:26 ,0,1,99.99000,1,99.99000,99.99000,51.061565,3.707814,1,320200,1,37.200000,1,348.03,1,20.74,1,123,-1.00,2346.71,9,0
10/29/2018 12:21:28 ,4,1,5.07000,1,1.00000,5.17000,51.061565,3.707814,1,343043,1,37.200000,1,348.03,1,20.74,1,125,2.75,2325.74,9,1
10/29/2018 12:21:28 ,4,1,5.07000,1,1.00000,5.17000,51.061565,3.707814,1,343043,1,37.200000,1,348.03,1,20.74,1,125,2.75,2325.74,9,0
10/29/2018 12:21:30 ,0,1,99.99000,1,99.99000,99.99000,51.061565,3.707814,1,430111,1,37.200000,1,348.03,1,20.74,1,125,2.75,2325.74,9,0
10/29/2018 12:21:31 ,0,1,99.99000,1,99.99000,99.99000,51.061565,3.707814,1,434010,1,37.200000,1,348.03,1,20.74,1,127,3.75,2304.77,9,1
10/29/2018 12:21:32 ,0,1,99.99000,1,99.99000,99.99000,51.061565,3.707814,1,1003140,1,37.200000,1,348.03,1,20.74,1,127,3.75,2304.77,9,0
10/29/2018 12:21:33 ,0,1,99.99000,1,99.99000,99.99000,51.061565,3.707814,1,1022312,1,37.200000,1,348.03,1,20.74,1,127,3.75,2304.77,9,0
10/29/2018 12:21:33 ,0,1,99.99000,1,99.99000,99.99000,51.061565,3.707814,1,1024423,1,37.200000,1,348.03,1,20.74,1,124,-1.00,2308.96,9,1
10/29/2018 12:21:34 ,0,1,99.99000,1,99.99000,99.99000,51.061565,3.707814,1,1043002,1,37.200000,1,348.03,1,20.74,1,124,-1.00,2308.96,9,0
10/29/2018 12:21:36 ,0,1,99.99000,1,99.99000,99.99000,51.061565,3.707814,1,1120400,1,37.200000,1,348.03,1,20.74,1,-123,6.50,2271.22,9,1
10/29/2018 12:21:36 ,0,1,99.99000,1,99.99000,99.99000,51.061565,3.707814,1,1120400,1,37.200000,1,348.03,1,20.74,1,-123,6.50,2271.22,9,0
10/29/2018 12:21:38 ,0,1,99.99000,1,99.99000,99.99000,51.061565,3.707814,1,1202414,1,37.200000,1,348.03,1,20.74,1,-123,6.50,2271.22,9,0
10/29/2018 12:21:38 ,0,1,99.99000,1,99.99000,99.99000,51.061565,3.707814,1,1211312,1,37.200000,1,348.03,1,20.74,1,-122,5.75,2258.63,9,1
10/29/2018 12:21:39 ,0,1,99.99000,1,99.99000,99.99000,51.061565,3.707814,1,1224333,1,37.200000,1,348.03,1,20.74,1,-122,5.75,2258.63,9,0
10/29/2018 12:21:41 ,0,1,99.99000,1,99.99000,99.99000,51.061565,3.707814,1,1243300,1,37.200000,1,348.03,1,20.74,1,-122,5.75,2258.63,9,0
10/29/2018 12:21:42 ,0,1,99.99000,1,99.99000,99.99000,51.061565,3.707814,1,1313024,1,37.200000,1,348.03,1,20.74,1,-122,5.75,2258.63,9,0
10/29/2018 12:21:44 ,0,1,99.99000,1,99.99000,99.99000,51.061565,3.707814,1,1400244,1,37.200000,1,348.03,1,20.74,1,-122,5.75,2258.63,9,0
10/29/2018 12:21:46 ,0,1,99.99000,1,99.99000,99.99000,51.061565,3.707814,1,1431320,1,37.200000,1,348.03,1,20.74,1,-122,5.75,2258.63,9,0
10/29/2018 12:21:48 ,0,1,99.99000,1,99.99000,99.99000,51.061565,3.707814,1,2012341,1,37.200000,1,348.03,1,20.74,1,-122,5.75,2258.63,9,0
10/29/2018 12:21:48 ,0,1,99.99000,1,99.99000,99.99000,51.061565,3.707814,1,2020413,1,37.200000,1,348.03,1,20.74,1,-124,4.75,-931.92,12,1
10/29/2018 12:21:49 ,0,1,99.99000,1,99.99000,99.99000,51.061565,3.707814,1,2033434,1,37.200000,1,348.03,1,20.74,1,-124,4.75,-931.92,12,0
10/29/2018 12:21:51 ,0,1,99.99000,1,99.99000,99.99000,51.061565,3.707814,1,2120010,1,37.200000,1,348.03,1,20.74,1,-124,4.75,-931.92,12,0
10/29/2018 12:21:53 ,0,1,99.99000,1,99.99000,99.99000,51.061565,3.707814,1,2201031,1,37.200000,1,348.03,1,20.74,1,-124,4.75,-931.92,12,0
10/29/2018 12:21:55 ,0,1,99.99000,1,99.99000,99.99000,51.061565,3.707814,1,2232104,1,37.200000,1,348.03,1,20.74,1,-124,4.75,-931.92,12,0
10/29/2018 12:21:57 ,0,1,99.99000,1,99.99000,99.99000,51.061565,3.707814,1,2313131,1,37.200000,1,348.03,1,20.74,1,-124,4.75,-931.92,12,0
10/29/2018 12:21:57 ,0,1,99.99000,1,99.99000,99.99000,51.061565,3.707814,1,2314200,1,37.200000,1,348.03,1,20.74,1,-121,4.00,-989.59,12,1
10/29/2018 12:21:59 ,0,1,99.99000,1,99.99000,99.99000,51.061565,3.707814,1,2333323,1,37.200000,1,348.03,1,20.74,1,-121,4.00,-989.59,12,0
10/29/2018 12:22:00 ,0,1,99.99000,1,99.99000,99.99000,51.061565,3.707814,1,2403102,1,37.200000,1,348.03,1,20.74,1,-121,4.00,-989.59,12,0
10/29/2018 12:22:00 ,0,1,99.99000,1,99.99000,99.99000,51.061565,3.707814,1,2412232,1,37.200000,1,348.03,1,20.74,1,-104,5.75,2189.43,7,1
10/29/2018 12:22:01 ,0,1,99.99000,1,99.99000,99.99000,51.061565,3.707814,1,2430312,1,37.200000,1,348.03,1,20.74,1,-104,5.75,2189.43,7,0
10/29/2018 12:22:02 ,0,1,99.99000,1,99.99000,99.99000,51.061565,3.707814,1,2434441,1,37.200000,1,348.03,1,20.74,1,-91,6.25,2172.65,7,1
10/29/2018 12:22:03 ,0,1,99.99000,1,99.99000,99.99000,51.061565,3.707814,1,3003013,1,37.200000,1,348.03,1,20.74,1,-91,6.25,2172.65,7,0
10/29/2018 12:22:03 ,0,1,99.99000,1,99.99000,99.99000,51.061565,3.707814,1,3012201,1,37.200000,1,348.03,1,20.74,1,-99,5.75,2172.65,7,1
10/29/2018 12:22:05 ,0,1,99.99000,1,99.99000,99.99000,51.061565,3.707814,1,3031332,1,37.200000,1,348.03,1,20.74,1,-99,5.75,2172.65,7,0
10/29/2018 12:22:05 ,0,1,99.99000,1,99.99000,99.99000,51.061565,3.707814,1,3034403,1,37.200000,1,348.03,1,20.74,1,-89,6.00,2172.65,7,1
10/29/2018 12:22:06 ,0,1,99.99000,1,99.99000,99.99000,51.061565,3.707814,1,3102430,1,37.200000,1,348.03,1,20.74,1,-89,6.00,2172.65,7,0
10/29/2018 12:22:07 ,0,1,99.99000,1,99.99000,99.99000,51.061565,3.707814,1,3112114,1,37.200000,1,348.03,1,20.74,1,-89,-0.25,2155.87,7,1
10/29/2018 12:22:08 ,0,1,99.99000,1,99.99000,99.99000,51.061565,3.707814,1,3131243,1,37.200000,1,348.03,1,20.74,1,-89,-0.25,2155.87,7,0
10/29/2018 12:22:08 ,0,1,99.99000,1,99.99000,99.99000,51.061565,3.707814,1,3134321,1,37.200000,1,348.03,1,20.74,1,-89,6.00,2139.09,7,1
10/29/2018 12:22:09 ,0,1,99.99000,1,99.99000,99.99000,51.061565,3.707814,1,3202343,1,37.200000,1,348.03,1,20.74,1,-89,6.00,2139.09,7,0
10/29/2018 12:22:10 ,0,1,99.99000,1,99.99000,99.99000,51.061565,3.707814,1,3212032,1,37.200000,1,348.03,1,20.74,1,-86,2.25,2122.32,7,1
10/29/2018 12:22:11 ,0,1,99.99000,1,99.99000,99.99000,51.061565,3.707814,1,3231210,1,37.200000,1,348.03,1,20.74,1,-86,2.25,2122.32,7,0
10/29/2018 12:22:11 ,0,1,99.99000,1,99.99000,99.99000,51.061565,3.707814,1,3234233,1,37.200000,1,348.03,1,20.74,1,-88,5.75,2122.32,7,1
10/29/2018 12:22:12 ,0,1,99.99000,1,99.99000,99.99000,51.061565,3.707814,1,3302311,1,37.200000,1,348.03,1,20.74,1,-88,5.75,2122.32,7,0
10/29/2018 12:22:13 ,0,1,99.99000,1,99.99000,99.99000,51.061565,3.707814,1,3311444,1,37.200000,1,348.03,1,20.74,1,-89,4.75,2122.32,7,1
10/29/2018 12:22:14 ,0,1,99.99000,1,99.99000,99.99000,51.061565,3.707814,1,3330230,1,37.200000,1,348.03,1,20.74,1,-89,4.75,2122.32,7,0
10/29/2018 12:22:14 ,0,1,99.99000,1,99.99000,99.99000,51.061565,3.707814,1,3334201,1,37.200000,1,348.03,1,20.74,1,-89,5.75,2105.54,7,1
10/29/2018 12:22:15 ,0,1,99.99000,1,99.99000,99.99000,51.061565,3.707814,1,3402222,1,37.200000,1,348.03,1,20.74,1,-89,5.75,2105.54,7,0
