10/29/2018 15:21:42 ,13,1,1.02000,1,2.15000,2.38000,51.060260,3.708204,1,34,1,3.700000,1,276.22,1,1.78,1,-61,5.75,4185.92,7,1
10/29/2018 15:21:42 ,13,1,1.02000,1,2.15000,2.38000,51.060260,3.708204,1,34,1,3.700000,1,276.22,1,1.78,1,-61,5.75,4185.92,7,0
10/29/2018 15:21:43 ,13,1,1.02000,1,2.15000,2.38000,51.060256,3.708203,1,2011,1,3.400000,1,233.68,1,1.63,1,-61,5.75,4185.92,7,0
10/29/2018 15:21:43 ,13,1,1.02000,1,2.15000,2.38000,51.060256,3.708203,1,3232,1,3.400000,1,233.68,1,1.63,1,-68,6.50,4185.92,7,1
10/29/2018 15:21:44 ,13,1,1.02000,1,2.15000,2.38000,51.060253,3.708207,1,3320,1,3.700000,1,160.15,1,2.85,1,-68,6.50,4185.92,7,0
10/29/2018 15:21:45 ,13,1,1.02000,1,2.15000,2.38000,51.060253,3.708209,1,4140,1,3.700000,1,160.15,1,0.35,1,-68,6.50,4185.92,7,0
10/29/2018 15:21:46 ,13,1,1.30000,1,2.17000,2.53000,51.060253,3.708209,1,11310,1,3.400000,1,160.15,1,0.11,1,-89,7.25,2405.43,9,1
10/29/2018 15:21:46 ,13,1,1.30000,1,2.17000,2.53000,51.060253,3.708209,1,11310,1,3.400000,1,160.15,1,0.11,1,-89,7.25,2405.43,9,0
10/29/2018 15:21:48 ,13,1,1.02000,1,2.15000,2.38000,51.060253,3.708208,1,1123,1,3.600000,1,160.15,1,0.04,1,-89,7.25,2405.43,9,0
10/29/2018 15:21:49 ,13,1,1.02000,1,2.15000,2.38000,51.060249,3.708207,1,2001,1,3.500000,1,164.72,1,0.94,1,-89,7.25,2405.43,9,0
10/29/2018 15:21:49 ,13,1,1.02000,1,2.15000,2.38000,51.060249,3.708207,1,3133,1,3.500000,1,164.72,1,0.94,1,-88,7.50,2405.43,9,1
10/29/2018 15:21:50 ,13,1,1.02000,1,2.15000,2.38000,51.060253,3.708205,1,3214,1,3.600000,1,79.21,1,0.96,1,-88,7.50,2405.43,9,0
10/29/2018 15:21:52 ,13,1,1.02000,1,2.15000,2.38000,51.060260,3.708209,1,4032,1,3.500000,1,45.60,1,1.02,1,-88,7.50,2405.43,9,0
10/29/2018 15:21:54 ,13,1,1.02000,1,2.15000,2.38000,51.060256,3.708207,1,1413,1,3.700000,1,45.60,1,1.04,1,-89,5.00,-1159.46,12,1
10/29/2018 15:21:54 ,13,1,1.02000,1,2.15000,2.38000,51.060256,3.708207,1,1413,1,3.700000,1,45.60,1,1.04,1,-89,5.00,-1159.46,12,0
10/29/2018 15:21:56 ,13,1,1.30000,1,2.17000,2.53000,51.060260,3.708206,1,2222,1,3.700000,1,45.60,1,0.31,1,-89,5.00,-1159.46,12,0
10/29/2018 15:21:58 ,13,1,1.30000,1,2.17000,2.53000,51.060260,3.708204,1,2301,1,3.700000,1,16.02,1,0.35,1,-89,5.00,-1159.46,12,0
10/29/2018 15:22:00 ,13,1,1.14000,1,2.28000,2.55000,51.060264,3.708198,1,2322,1,4.900000,1,16.02,1,0.57,1,-89,5.00,-1159.46,12,0
10/29/2018 15:22:02 ,13,1,1.02000,1,2.15000,2.39000,51.060260,3.708200,1,2344,1,4.500000,1,16.02,1,0.15,1,-89,5.00,-1159.46,12,0
10/29/2018 15:22:03 ,13,1,1.30000,1,2.17000,2.53000,51.060256,3.708203,1,3200,1,4.600000,1,16.02,1,0.48,1,-94,4.25,-1177.29,12,1
10/29/2018 15:22:03 ,13,1,1.30000,1,2.17000,2.53000,51.060256,3.708203,1,3200,1,4.600000,1,16.02,1,0.48,1,-94,4.25,-1177.29,12,0
10/29/2018 15:22:05 ,12,1,1.30000,1,2.17000,2.53000,51.060249,3.708221,1,3400,1,4.000000,1,16.02,1,0.24,1,-94,4.25,-1177.29,12,0
10/29/2018 15:22:07 ,12,1,1.30000,1,2.17000,2.53000,51.060241,3.708224,1,3420,1,4.000000,1,16.02,1,4.50,1,-94,4.25,-1177.29,12,0
10/29/2018 15:22:09 ,13,1,1.02000,1,2.16000,2.39000,51.060230,3.708233,1,3401,1,3.300000,1,132.91,1,3.15,1,-94,4.25,-1177.29,12,0
10/29/2018 15:22:11 ,13,1,1.02000,1,2.16000,2.39000,51.060218,3.708239,1,3424,1,3.700000,1,145.07,1,4.85,1,-94,4.25,-1177.29,12,0
10/29/2018 15:22:12 ,13,1,1.02000,1,2.16000,2.39000,51.060214,3.708242,1,4402,1,3.500000,1,146.02,1,3.26,1,-97,5.00,-1164.18,12,1
10/29/2018 15:22:12 ,13,1,1.02000,1,2.16000,2.39000,51.060214,3.708242,1,4402,1,3.500000,1,146.02,1,3.26,1,-97,5.00,-1164.18,12,0
10/29/2018 15:22:14 ,13,1,1.02000,1,2.16000,2.39000,51.060195,3.708250,1,10002,1,3.500000,1,154.65,1,5.04,1,-97,5.00,-1164.18,12,0
10/29/2018 15:22:16 ,13,1,1.30000,1,2.17000,2.53000,51.060192,3.708287,1,322,1,3.900000,1,125.29,1,5.13,1,-65,6.00,4202.69,7,1
10/29/2018 15:22:16 ,13,1,1.30000,1,2.17000,2.53000,51.060192,3.708287,1,322,1,3.900000,1,125.29,1,5.13,1,-65,6.00,4202.69,7,0
10/29/2018 15:22:17 ,13,1,1.02000,1,2.16000,2.39000,51.060188,3.708310,1,10022,1,3.700000,1,109.62,1,5.04,1,-69,5.75,4219.47,7,1
10/29/2018 15:22:17 ,13,1,1.02000,1,2.16000,2.39000,51.060188,3.708310,1,10022,1,3.700000,1,109.62,1,5.04,1,-69,5.75,4219.47,7,0
10/29/2018 15:22:19 ,13,1,1.02000,1,2.16000,2.39000,51.060180,3.708346,1,1222,1,3.600000,1,110.88,1,5.28,1,-78,6.00,4202.69,7,1
10/29/2018 15:22:19 ,13,1,1.02000,1,2.16000,2.39000,51.060180,3.708346,1,1222,1,3.600000,1,110.88,1,5.28,1,-78,6.00,4202.69,7,0
10/29/2018 15:22:20 ,13,1,1.02000,1,2.16000,2.39000,51.060176,3.708366,1,2340,1,3.100000,1,114.03,1,5.37,1,-78,6.00,4202.69,7,0
10/29/2018 15:22:20 ,13,1,1.02000,1,2.16000,2.39000,51.060176,3.708366,1,10424,1,3.100000,1,114.03,1,5.37,1,-86,3.25,2422.21,9,1
10/29/2018 15:22:21 ,13,1,1.02000,1,2.16000,2.39000,51.060173,3.708383,1,10443,1,3.000000,1,116.34,1,5.44,1,-86,3.25,2422.21,9,0
10/29/2018 15:22:23 ,13,1,1.02000,1,2.16000,2.39000,51.060161,3.708417,1,2340,1,2.600000,1,121.55,1,5.15,1,-94,5.75,2418.02,9,1
10/29/2018 15:22:23 ,13,1,1.02000,1,2.16000,2.39000,51.060161,3.708417,1,2340,1,2.600000,1,121.55,1,5.15,1,-94,5.75,2418.02,9,0
10/29/2018 15:22:25 ,13,1,1.09000,1,2.22000,2.47000,51.060142,3.708448,1,2433,1,2.700000,1,135.22,1,4.70,1,-94,5.75,2418.02,9,0
10/29/2018 15:22:26 ,13,1,1.02000,1,2.16000,2.39000,51.060134,3.708461,1,3223,1,2.900000,1,137.77,1,5.17,1,-94,5.75,2418.02,9,0
10/29/2018 15:22:28 ,13,1,1.02000,1,2.16000,2.39000,51.060115,3.708488,1,3303,1,2.900000,1,137.86,1,4.61,1,-94,5.75,2418.02,9,0
10/29/2018 15:22:30 ,13,1,1.02000,1,2.16000,2.39000,51.060100,3.708517,1,3323,1,3.100000,1,133.11,1,4.61,1,-94,5.75,2418.02,9,0
10/29/2018 15:22:31 ,13,1,1.02000,1,2.16000,2.39000,51.060092,3.708529,1,400,1,3.100000,1,134.31,1,3.83,1,-94,4.25,-1163.66,12,1
10/29/2018 15:22:32 ,13,1,1.02000,1,2.16000,2.39000,51.060085,3.708541,1,1200,1,3.200000,1,134.81,1,4.59,1,-94,4.25,-1163.66,12,0
10/29/2018 15:22:34 ,13,1,1.02000,1,2.16000,2.39000,51.060070,3.708569,1,2033,1,3.300000,1,133.11,1,4.69,1,-94,4.25,-1163.66,12,0
10/29/2018 15:22:36 ,13,1,1.02000,1,2.16000,2.39000,51.060058,3.708596,1,2103,1,3.200000,1,128.58,1,3.52,1,-94,4.25,-1163.66,12,0
10/29/2018 15:22:38 ,13,1,1.02000,1,2.16000,2.39000,51.060039,3.708626,1,2122,1,3.300000,1,133.02,1,4.69,1,-94,4.25,-1163.66,12,0
10/29/2018 15:22:40 ,13,1,1.02000,1,2.16000,2.39000,51.060020,3.708654,1,1203,1,3.300000,1,132.98,1,4.80,1,-101,4.75,-1161.56,12,1
10/29/2018 15:22:40 ,13,1,1.02000,1,2.16000,2.39000,51.060020,3.708654,1,1203,1,3.300000,1,132.98,1,4.80,1,-101,4.75,-1161.56,12,0
10/29/2018 15:22:42 ,13,1,1.02000,1,2.16000,2.39000,51.060005,3.708686,1,2104,1,3.400000,1,129.87,1,5.02,1,-101,4.75,-1161.56,12,0
10/29/2018 15:22:43 ,13,1,1.02000,1,2.16000,2.39000,51.059997,3.708700,1,2112,1,3.700000,1,132.12,1,4.76,1,-101,4.75,-1161.56,12,0
10/29/2018 15:22:45 ,13,1,1.02000,1,2.16000,2.39000,51.059982,3.708727,1,2203,1,4.500000,1,134.90,1,5.11,1,-101,4.75,-1161.56,12,0
10/29/2018 15:22:47 ,13,1,1.02000,1,2.16000,2.39000,51.059967,3.708748,1,2221,1,5.100000,1,143.54,1,4.63,1,-101,4.75,-1161.56,12,0
10/29/2018 15:22:48 ,13,1,1.02000,1,2.16000,2.39000,51.059951,3.708756,1,2302,1,5.100000,1,152.11,1,5.85,1,-101,4.75,-1161.56,12,0
10/29/2018 15:22:49 ,13,1,1.02000,1,2.16000,2.39000,51.059940,3.708766,1,2433,1,4.600000,1,152.93,1,5.54,1,-94,3.75,-1156.84,12,1
10/29/2018 15:22:49 ,13,1,1.02000,1,2.16000,2.39000,51.059940,3.708766,1,2433,1,4.600000,1,152.93,1,5.54,1,-94,3.75,-1156.84,12,0
10/29/2018 15:22:51 ,13,1,1.14000,1,2.28000,2.55000,51.059921,3.708776,1,3302,1,3.700000,1,156.69,1,4.02,1,-94,3.75,-1156.84,12,0
10/29/2018 15:22:51 ,13,1,1.14000,1,2.28000,2.55000,51.059921,3.708776,1,11302,1,3.700000,1,156.69,1,4.02,1,-79,5.75,4202.69,7,1
10/29/2018 15:22:53 ,13,1,1.14000,1,2.16000,2.39000,51.059890,3.708800,1,412,1,3.700000,1,155.58,1,5.33,1,-79,5.75,4202.69,7,0
10/29/2018 15:22:53 ,13,1,1.02000,1,2.16000,2.39000,51.059890,3.708800,1,1302,1,2.200000,1,155.58,1,5.33,1,-78,6.50,4185.92,7,1
10/29/2018 15:22:54 ,13,1,1.02000,1,2.16000,2.39000,51.059875,3.708807,1,3030,1,2.100000,1,163.24,1,5.41,1,-78,6.50,4185.92,7,0
10/29/2018 15:22:54 ,13,1,1.02000,1,2.16000,2.39000,51.059875,3.708807,1,10122,1,2.100000,1,163.24,1,5.41,1,-103,7.25,2413.82,9,1
10/29/2018 15:22:55 ,13,1,1.02000,1,2.16000,2.39000,51.059860,3.708821,1,10144,1,1.600000,1,161.95,1,5.69,1,-103,7.25,2413.82,9,0
10/29/2018 15:22:57 ,13,1,1.02000,1,2.16000,2.39000,51.059829,3.708836,1,2041,1,1.500000,1,160.69,1,8.20,1,-106,6.75,2413.82,9,1
10/29/2018 15:22:57 ,13,1,1.02000,1,2.16000,2.39000,51.059829,3.708836,1,2041,1,1.500000,1,160.69,1,8.20,1,-106,6.75,2413.82,9,0
10/29/2018 15:22:59 ,13,1,1.02000,1,2.16000,2.39000,51.059803,3.708854,1,2130,1,1.600000,1,157.33,1,6.24,1,-106,6.75,2413.82,9,0
10/29/2018 15:22:59 ,13,1,1.02000,1,2.16000,2.39000,51.059803,3.708854,1,12004,1,1.600000,1,157.33,1,6.24,1,-107,7.25,2413.82,9,1
10/29/2018 15:23:01 ,13,1,1.02000,1,2.16000,2.39000,51.059772,3.708869,1,122,1,2.100000,1,159.00,1,6.59,1,-107,7.25,2413.82,9,0
10/29/2018 15:23:02 ,13,1,1.02000,1,2.16000,2.39000,51.059757,3.708881,1,2034,1,2.000000,1,162.45,1,7.22,1,-107,7.25,2413.82,9,0
10/29/2018 15:23:04 ,13,1,1.08000,1,2.61000,2.83000,51.059730,3.708898,1,2121,1,3.100000,1,152.03,1,5.78,1,-107,7.25,2413.82,9,0
10/29/2018 15:23:06 ,13,1,1.08000,1,2.61000,2.83000,51.059711,3.708921,1,2202,1,3.900000,1,147.22,1,4.83,1,-107,7.25,2413.82,9,0
10/29/2018 15:23:07 ,13,1,1.08000,1,2.61000,2.83000,51.059703,3.708929,1,10433,1,4.100000,1,140.63,1,2.94,1,-104,3.75,-1163.13,12,1
10/29/2018 15:23:07 ,13,1,1.08000,1,2.61000,2.83000,51.059703,3.708929,1,10433,1,4.100000,1,140.63,1,2.94,1,-104,3.75,-1163.13,12,0
10/29/2018 15:23:09 ,13,1,1.08000,1,2.61000,2.83000,51.059696,3.708946,1,11042,1,4.100000,1,140.61,1,3.28,1,-104,3.75,-1163.13,12,0
10/29/2018 15:23:11 ,13,1,1.08000,1,2.61000,2.83000,51.059688,3.708977,1,11114,1,4.000000,1,117.08,1,5.96,1,-104,3.75,-1163.13,12,0
10/29/2018 15:23:13 ,13,1,1.08000,1,2.61000,2.83000,51.059692,3.709018,1,11140,1,3.200000,1,83.07,1,4.94,1,-104,3.75,-1163.13,12,0
10/29/2018 15:23:14 ,13,1,1.08000,1,2.61000,2.83000,51.059696,3.709033,1,11431,1,2.700000,1,66.41,1,4.28,1,-104,3.75,-1163.13,12,0
10/29/2018 15:23:16 ,13,1,1.02000,1,2.61000,2.83000,51.059707,3.709059,1,40,1,2.900000,1,62.20,1,3.22,1,-104,3.75,-1163.13,12,0
10/29/2018 15:23:17 ,13,1,1.02000,1,2.16000,2.39000,51.059711,3.709072,1,221,1,2.900000,1,57.51,1,4.41,1,-105,4.75,-1165.23,12,1
10/29/2018 15:23:18 ,13,1,1.02000,1,2.16000,2.39000,51.059722,3.709085,1,402,1,2.900000,1,47.94,1,5.02,1,-105,4.75,-1165.23,12,0
10/29/2018 15:23:19 ,13,1,1.02000,1,2.16000,2.39000,51.059730,3.709100,1,2001,1,2.800000,1,48.98,1,4.56,1,-105,4.75,-1165.23,12,0
10/29/2018 15:23:21 ,13,1,1.02000,1,2.16000,2.39000,51.059741,3.709131,1,2112,1,3.100000,1,60.25,1,5.41,1,-105,4.75,-1165.23,12,0
10/29/2018 15:23:23 ,13,1,1.02000,1,2.16000,2.39000,51.059761,3.709161,1,2140,1,3.300000,1,47.30,1,4.94,1,-105,4.75,-1165.23,12,0
10/29/2018 15:23:25 ,13,1,1.02000,1,2.16000,2.39000,51.059776,3.709191,1,2210,1,3.700000,1,49.80,1,4.46,1,-105,4.75,-1165.23,12,0
10/29/2018 15:23:26 ,13,1,1.02000,1,2.16000,2.39000,51.059783,3.709206,1,22,1,3.800000,1,53.02,1,4.28,1,-84,1.00,4152.36,7,1
10/29/2018 15:23:27 ,13,1,1.02000,1,2.16000,2.39000,51.059787,3.709223,1,1244,1,3.700000,1,60.40,1,5.15,1,-84,1.00,4152.36,7,0
10/29/2018 15:23:27 ,13,1,1.02000,1,2.16000,2.39000,51.059787,3.709223,1,4224,1,3.700000,1,60.40,1,5.15,1,-84,5.50,4169.14,7,1
10/29/2018 15:23:28 ,13,1,1.02000,1,2.16000,2.39000,51.059795,3.709239,1,4301,1,3.400000,1,56.91,1,4.63,1,-84,5.50,4169.14,7,0
10/29/2018 15:23:29 ,12,1,1.31000,1,2.17000,2.53000,51.059803,3.709250,1,10044,1,3.400000,1,54.15,1,3.83,1,-84,5.50,4169.14,7,0
10/29/2018 15:23:31 ,13,1,1.02000,1,2.16000,2.39000,51.059818,3.709271,1,1233,1,3.500000,1,43.74,1,3.28,1,-106,6.50,2430.60,9,1
10/29/2018 15:23:31 ,13,1,1.02000,1,2.16000,2.39000,51.059818,3.709271,1,1233,1,3.500000,1,43.74,1,3.28,1,-106,6.50,2430.60,9,0
10/29/2018 15:23:33 ,13,1,1.31000,1,2.17000,2.53000,51.059841,3.709281,1,2222,1,4.300000,1,2.67,1,5.09,1,-106,6.50,2430.60,9,0
10/29/2018 15:23:33 ,13,1,1.31000,1,2.17000,2.53000,51.059841,3.709281,1,11212,1,4.300000,1,2.67,1,5.09,1,-111,3.75,2426.40,9,1
10/29/2018 15:23:35 ,13,1,1.02000,1,2.16000,2.39000,51.059860,3.709293,1,31,1,4.400000,1,8.15,1,4.67,1,-111,3.75,2426.40,9,0
10/29/2018 15:23:36 ,13,1,1.02000,1,2.16000,2.39000,51.059867,3.709306,1,1403,1,4.400000,1,26.16,1,4.69,1,-111,3.75,2426.40,9,0
10/29/2018 15:23:37 ,13,1,1.02000,1,2.16000,2.39000,51.059879,3.709318,1,2124,1,4.400000,1,28.74,1,4.98,1,-111,3.75,2426.40,9,0
10/29/2018 15:23:39 ,13,1,1.02000,1,2.16000,2.39000,51.059898,3.709344,1,2232,1,3.800000,1,34.74,1,4.98,1,-111,3.75,2426.40,9,0
10/29/2018 15:23:41 ,12,1,1.09000,1,2.23000,2.48000,51.059909,3.709389,1,2311,1,3.300000,1,45.80,1,5.28,1,-111,3.75,2426.40,9,0
10/29/2018 15:23:43 ,12,1,1.40000,1,2.23000,2.63000,51.059925,3.709430,1,2323,1,3.100000,1,54.86,1,5.43,1,-111,3.75,2426.40,9,0
10/29/2018 15:23:44 ,11,1,1.40000,1,2.23000,2.63000,51.059932,3.709445,1,4033,1,3.200000,1,49.75,1,5.39,1,-116,4.25,-1148.45,12,1
10/29/2018 15:23:44 ,11,1,1.40000,1,2.23000,2.63000,51.059932,3.709445,1,4033,1,3.200000,1,49.75,1,5.39,1,-116,4.25,-1148.45,12,0
10/29/2018 15:23:46 ,13,1,1.09000,1,2.23000,2.48000,51.059951,3.709478,1,4122,1,3.400000,1,45.84,1,5.37,1,-116,4.25,-1148.45,12,0
10/29/2018 15:23:48 ,13,1,1.02000,1,2.16000,2.39000,51.059970,3.709504,1,4200,1,3.600000,1,40.51,1,5.24,1,-116,4.25,-1148.45,12,0
10/29/2018 15:23:50 ,13,1,1.02000,1,2.16000,2.39000,51.059982,3.709545,1,4214,1,3.200000,1,41.13,1,3.89,1,-116,4.25,-1148.45,12,0
10/29/2018 15:23:52 ,13,1,1.02000,1,2.16000,2.39000,51.059967,3.709593,1,4232,1,3.200000,1,62.58,1,3.82,1,-116,4.25,-1148.45,12,0
10/29/2018 15:23:53 ,13,1,1.02000,1,2.16000,2.39000,51.059970,3.709612,1,10302,1,5.000000,1,61.45,1,4.67,1,-113,5.25,-1137.97,12,1
10/29/2018 15:23:53 ,13,1,1.02000,1,2.16000,2.39000,51.059970,3.709612,1,10302,1,5.000000,1,61.45,1,4.67,1,-113,5.25,-1137.97,12,0
10/29/2018 15:23:55 ,12,1,1.22000,1,2.30000,2.60000,51.059974,3.709657,1,10413,1,6.000000,1,47.84,1,5.20,1,-113,5.25,-1137.97,12,0
10/29/2018 15:23:57 ,13,1,1.02000,1,2.16000,2.39000,51.059986,3.709686,1,10414,1,9.700000,1,51.23,1,4.30,1,-113,5.25,-1137.97,12,0
10/29/2018 15:23:58 ,12,1,1.22000,1,2.30000,2.60000,51.059989,3.709698,1,10442,1,11.900000,1,50.50,1,3.70,1,-113,5.25,-1137.97,12,0
