10/29/2018 15:24:06 ,12,1,1.21000,1,2.30000,2.60000,51.060070,3.709795,1,3130,1,28.899999,1,35.09,1,3.26,1,-107,6.25,4185.92,7,1
10/29/2018 15:24:06 ,12,1,1.21000,1,2.30000,2.60000,51.060070,3.709795,1,3130,1,28.899999,1,35.09,1,3.26,1,-107,6.25,4185.92,7,0
10/29/2018 15:24:08 ,12,1,1.21000,1,2.30000,2.60000,51.060089,3.709819,1,312,1,29.799999,1,35.02,1,4.93,1,-95,6.50,4152.36,7,1
10/29/2018 15:24:08 ,12,1,1.21000,1,2.30000,2.60000,51.060089,3.709819,1,312,1,29.799999,1,35.02,1,4.93,1,-95,6.50,4152.36,7,0
10/29/2018 15:24:10 ,12,1,1.29000,1,2.42000,2.74000,51.060111,3.709854,1,2322,1,31.899999,1,30.04,1,7.28,1,-113,7.50,2426.40,9,1
10/29/2018 15:24:10 ,12,1,1.29000,1,2.42000,2.74000,51.060111,3.709854,1,2322,1,31.899999,1,30.04,1,7.28,1,-113,7.50,2426.40,9,0
10/29/2018 15:24:12 ,12,1,1.21000,1,2.30000,2.60000,51.060138,3.709868,1,2410,1,37.500000,1,31.54,1,3.22,1,-113,7.50,2426.40,9,0
10/29/2018 15:24:13 ,12,1,1.21000,1,2.30000,2.60000,51.060146,3.709869,1,224,1,37.500000,1,19.30,1,3.26,1,-117,6.75,2418.02,9,1
10/29/2018 15:24:14 ,12,1,1.21000,1,2.30000,2.60000,51.060150,3.709880,1,1012,1,41.799999,1,22.39,1,3.78,1,-117,6.75,2418.02,9,0
10/29/2018 15:24:15 ,12,1,1.21000,1,2.30000,2.60000,51.060150,3.709903,1,2132,1,38.500000,1,27.50,1,2.61,1,-117,6.75,2418.02,9,0
10/29/2018 15:24:15 ,12,1,1.21000,1,2.30000,2.60000,51.060150,3.709903,1,4210,1,38.500000,1,27.50,1,2.61,1,-120,6.50,2422.21,9,1
10/29/2018 15:24:16 ,12,1,1.21000,1,2.30000,2.60000,51.060150,3.709930,1,10000,1,33.799999,1,37.47,1,3.94,1,-120,6.50,2422.21,9,0
10/29/2018 15:24:18 ,12,1,1.21000,1,2.29000,2.60000,51.060150,3.709975,1,10034,1,27.500000,1,47.91,1,4.72,1,-120,6.50,2422.21,9,0
10/29/2018 15:24:20 ,12,1,1.21000,1,2.29000,2.59000,51.060169,3.710011,1,10102,1,26.899999,1,49.13,1,4.50,1,-120,6.50,2422.21,9,0
10/29/2018 15:24:21 ,12,1,1.21000,1,2.29000,2.59000,51.060180,3.710026,1,2103,1,26.899999,1,49.15,1,4.85,1,-119,5.25,-1173.09,12,1
10/29/2018 15:24:22 ,13,1,1.21000,1,2.29000,2.59000,51.060195,3.710041,1,2212,1,26.500000,1,54.50,1,3.85,1,-119,5.25,-1173.09,12,0
10/29/2018 15:24:24 ,13,1,1.03000,1,2.16000,2.39000,51.060207,3.710072,1,2312,1,26.899999,1,64.97,1,4.37,1,-119,5.25,-1173.09,12,0
10/29/2018 15:24:26 ,13,1,1.03000,1,2.16000,2.39000,51.060214,3.710107,1,2340,1,29.899999,1,68.01,1,4.98,1,-119,5.25,-1173.09,12,0
10/29/2018 15:24:27 ,12,1,1.20000,1,2.39000,2.68000,51.060218,3.710132,1,2420,1,28.799999,1,62.51,1,5.09,1,-119,5.25,-1173.09,12,0
10/29/2018 15:24:28 ,13,1,1.20000,1,2.39000,2.68000,51.060241,3.710140,1,2440,1,27.200000,1,44.44,1,4.17,1,-119,5.25,-1173.09,12,0
10/29/2018 15:24:30 ,13,1,1.03000,1,2.16000,2.39000,51.060268,3.710171,1,3012,1,25.899999,1,50.36,1,5.67,1,-119,5.25,-1173.09,12,0
10/29/2018 15:24:30 ,13,1,1.03000,1,2.16000,2.39000,51.060268,3.710171,1,3332,1,25.899999,1,50.36,1,5.67,1,-119,4.75,-1207.70,12,1
10/29/2018 15:24:31 ,13,1,1.03000,1,2.16000,2.39000,51.060295,3.710175,1,3401,1,31.899999,1,33.41,1,5.43,1,-119,4.75,-1207.70,12,0
10/29/2018 15:24:33 ,13,1,1.03000,1,2.16000,2.39000,51.060317,3.710177,1,3430,1,37.500000,1,50.21,1,5.22,1,-119,4.75,-1207.70,12,0
10/29/2018 15:24:35 ,13,1,1.03000,1,2.16000,2.39000,51.060321,3.710186,1,4002,1,39.799999,1,73.32,1,2.54,1,-119,4.75,-1207.70,12,0
10/29/2018 15:24:37 ,13,1,1.03000,1,2.16000,2.39000,51.060306,3.710185,1,4004,1,44.799999,1,110.93,1,3.06,1,-119,4.75,-1207.70,12,0
10/29/2018 15:24:39 ,13,1,1.03000,1,2.16000,2.39000,51.060295,3.710197,1,4044,1,47.099998,1,126.88,1,2.26,1,-119,4.75,-1207.70,12,0
10/29/2018 15:24:39 ,13,1,1.03000,1,2.16000,2.39000,51.060295,3.710197,1,10110,1,47.099998,1,126.88,1,2.26,1,-121,4.50,-1197.21,12,1
10/29/2018 15:24:40 ,12,1,1.31000,1,2.16000,2.53000,51.060302,3.710207,1,4344,1,47.400001,1,49.65,1,4.46,1,-104,5.50,4135.58,7,1
10/29/2018 15:24:40 ,12,1,1.31000,1,2.16000,2.53000,51.060302,3.710207,1,4344,1,47.400001,1,49.65,1,4.46,1,-104,5.50,4135.58,7,0
10/29/2018 15:24:42 ,12,1,1.31000,1,2.16000,2.53000,51.060317,3.710222,1,1113,1,47.599998,1,36.32,1,4.65,1,-104,5.50,4135.58,7,1
10/29/2018 15:24:42 ,12,1,1.31000,1,2.16000,2.53000,51.060317,3.710222,1,1113,1,47.599998,1,36.32,1,4.65,1,-104,5.50,4135.58,7,0
