10/30/2018 14:17:45 ,11,1,1.44000,1,1.79000,2.29000,51.059310,3.711157,1,3021,1,13.900000,1,220.48,1,4.63,1,-113,5.50,931.14,7,1
10/30/2018 14:17:45 ,11,1,1.44000,1,1.79000,2.29000,51.059310,3.711157,1,3021,1,13.900000,1,220.48,1,4.63,1,-113,5.50,931.14,7,0
10/30/2018 14:17:47 ,11,1,1.44000,1,1.79000,2.29000,51.059288,3.711127,1,224,1,14.000000,1,225.91,1,5.87,1,-119,3.75,914.36,7,1
10/30/2018 14:17:47 ,11,1,1.44000,1,1.79000,2.29000,51.059288,3.711127,1,224,1,14.000000,1,225.91,1,5.87,1,-119,3.75,914.36,7,0
10/30/2018 14:17:48 ,11,1,1.44000,1,1.79000,2.29000,51.059276,3.711111,1,2111,1,14.500000,1,228.58,1,5.46,1,-119,3.75,914.36,7,0
10/30/2018 14:17:49 ,11,1,1.44000,1,1.79000,2.29000,51.059265,3.711099,1,2424,1,14.800001,1,229.66,1,4.94,1,-119,3.75,914.36,7,0
10/30/2018 14:17:51 ,11,1,1.83000,1,2.10000,2.79000,51.059242,3.711074,1,3003,1,15.200000,1,228.20,1,4.87,1,-119,3.75,914.36,7,0
10/30/2018 14:17:53 ,11,1,1.44000,1,1.78000,2.29000,51.059215,3.711049,1,3031,1,15.700000,1,224.32,1,5.37,1,-119,3.75,914.36,7,0
10/30/2018 14:17:55 ,11,1,1.84000,1,2.01000,2.73000,51.059196,3.711015,1,3322,1,15.800001,1,229.43,1,4.94,1,-119,3.75,914.36,7,0
10/30/2018 14:17:57 ,11,1,1.44000,1,1.78000,2.29000,51.059173,3.710980,1,3401,1,16.200000,1,233.77,1,5.32,1,-119,3.75,914.36,7,0
10/30/2018 14:17:58 ,11,1,1.44000,1,1.78000,2.29000,51.059154,3.710973,1,2210,1,16.600000,1,227.34,1,4.63,1,-127,3.50,-3555.46,12,1
10/30/2018 14:17:59 ,11,1,1.44000,1,1.78000,2.29000,51.059127,3.710969,1,2233,1,17.500000,1,216.72,1,5.52,1,-127,3.50,-3555.46,12,0
10/30/2018 14:18:01 ,11,1,1.44000,1,1.78000,2.29000,51.059097,3.710946,1,2303,1,18.899999,1,219.50,1,5.56,1,-127,3.50,-3555.46,12,0
10/30/2018 14:18:03 ,11,1,1.84000,1,2.01000,2.72000,51.059059,3.710925,1,2324,1,19.000000,1,209.37,1,6.11,1,-127,3.50,-3555.46,12,0
10/30/2018 14:18:04 ,11,1,1.84000,1,2.01000,2.72000,51.059051,3.710905,1,2404,1,19.200000,1,215.25,1,5.30,1,-127,3.50,-3555.46,12,0
10/30/2018 14:18:06 ,11,1,1.44000,1,1.78000,2.29000,51.059024,3.710883,1,2420,1,19.399999,1,216.56,1,4.72,1,-127,3.50,-3555.46,12,0
10/30/2018 14:18:07 ,11,1,1.43000,1,1.78000,2.29000,51.059009,3.710875,1,3431,1,20.000000,1,212.87,1,5.07,1,-128,2.50,-3564.90,12,1
10/30/2018 14:18:07 ,11,1,1.43000,1,1.78000,2.29000,51.059009,3.710875,1,3431,1,20.000000,1,212.87,1,5.07,1,-128,2.50,-3564.90,12,0
10/30/2018 14:18:09 ,11,1,1.43000,1,1.78000,2.29000,51.058979,3.710851,1,4033,1,21.100000,1,217.67,1,5.20,1,-128,2.50,-3564.90,12,0
10/30/2018 14:18:11 ,11,1,1.43000,1,1.78000,2.29000,51.058952,3.710826,1,4103,1,22.399999,1,223.25,1,4.56,1,-128,2.50,-3564.90,12,0
10/30/2018 14:18:13 ,11,1,1.43000,1,1.78000,2.29000,51.058929,3.710794,1,4124,1,22.899999,1,224.23,1,4.67,1,-128,2.50,-3564.90,12,0
10/30/2018 14:18:15 ,11,1,1.43000,1,1.78000,2.29000,51.058914,3.710764,1,4201,1,22.600000,1,227.69,1,3.96,1,-128,2.50,-3564.90,12,0
10/30/2018 14:18:16 ,11,1,1.43000,1,1.78000,2.29000,51.058902,3.710755,1,10240,1,22.700000,1,227.69,1,3.33,1,-127,1.75,-3570.14,12,1
10/30/2018 14:18:16 ,11,1,1.43000,1,1.78000,2.29000,51.058902,3.710755,1,10240,1,22.700000,1,227.69,1,3.33,1,-127,1.75,-3570.14,12,0
10/30/2018 14:18:18 ,11,1,1.43000,1,1.78000,2.29000,51.058879,3.710721,1,10310,1,23.100000,1,229.67,1,5.13,1,-127,1.75,-3570.14,12,0
10/30/2018 14:18:19 ,11,1,1.43000,1,1.78000,2.29000,51.058868,3.710709,1,4300,1,23.299999,1,225.38,1,4.96,1,-117,4.00,864.03,7,1
10/30/2018 14:18:20 ,11,1,1.43000,1,1.78000,2.29000,51.058856,3.710695,1,4320,1,23.399999,1,222.84,1,4.96,1,-117,4.00,864.03,7,0
10/30/2018 14:18:21 ,11,1,1.43000,1,1.78000,2.28000,51.058845,3.710673,1,1004,1,23.500000,1,225.42,1,5.83,1,-121,1.75,830.47,7,1
10/30/2018 14:18:22 ,11,1,1.43000,1,1.78000,2.28000,51.058834,3.710657,1,2124,1,23.399999,1,227.32,1,5.07,1,-121,1.75,830.47,7,0
10/30/2018 14:18:23 ,11,1,1.43000,1,1.78000,2.28000,51.058822,3.710643,1,2442,1,23.899999,1,228.27,1,5.09,1,-121,1.75,830.47,7,0
10/30/2018 14:18:25 ,11,1,1.43000,1,1.78000,2.28000,51.058795,3.710616,1,3024,1,24.600000,1,228.63,1,5.15,1,-121,1.75,830.47,7,0
10/30/2018 14:18:27 ,11,1,1.43000,1,1.78000,2.28000,51.058776,3.710589,1,3043,1,25.399999,1,228.59,1,4.67,1,-121,1.75,830.47,7,0
10/30/2018 14:18:29 ,11,1,1.43000,1,1.78000,2.28000,51.058757,3.710556,1,3343,1,25.600000,1,230.96,1,4.87,1,-121,1.75,830.47,7,0
10/30/2018 14:18:31 ,11,1,1.43000,1,1.78000,2.28000,51.058734,3.710526,1,3421,1,26.399999,1,234.89,1,4.83,1,-121,1.75,830.47,7,0
10/30/2018 14:18:33 ,11,1,1.43000,1,1.78000,2.28000,51.058700,3.710500,1,3443,1,28.200000,1,236.08,1,4.96,1,-121,1.75,830.47,7,0
10/30/2018 14:18:35 ,11,1,1.43000,1,1.78000,2.28000,51.058670,3.710473,1,240,1,30.200000,1,229.41,1,5.30,1,127,1.75,-3590.59,12,1
10/30/2018 14:18:35 ,11,1,1.43000,1,1.78000,2.28000,51.058670,3.710473,1,240,1,30.200000,1,229.41,1,5.30,1,127,1.75,-3590.59,12,0
10/30/2018 14:18:37 ,11,1,1.43000,1,1.78000,2.28000,51.058639,3.710452,1,2201,1,31.700000,1,224.46,1,5.13,1,127,1.75,-3590.59,12,0
10/30/2018 14:18:39 ,11,1,1.43000,1,1.78000,2.28000,51.058616,3.710427,1,2223,1,32.299999,1,220.75,1,5.37,1,127,1.75,-3590.59,12,0
10/30/2018 14:18:41 ,11,1,1.43000,1,1.78000,2.28000,51.058593,3.710395,1,2243,1,32.700000,1,223.88,1,5.20,1,127,1.75,-3590.59,12,0
10/30/2018 14:18:43 ,10,1,1.82000,1,2.10000,2.78000,51.058574,3.710373,1,2324,1,33.400001,1,221.16,1,4.41,1,127,1.75,-3590.59,12,0
10/30/2018 14:18:44 ,11,1,1.82000,1,2.10000,2.78000,51.058559,3.710356,1,2023,1,33.599998,1,222.87,1,5.41,1,127,2.25,-3602.12,12,1
10/30/2018 14:18:45 ,11,1,7.39000,1,8.60000,11.34000,51.058547,3.710344,1,2210,1,33.500000,1,216.12,1,5.67,1,127,2.25,-3602.12,12,0
10/30/2018 14:18:47 ,10,1,1.82000,1,2.10000,2.78000,51.058521,3.710323,1,2241,1,33.299999,1,208.77,1,5.07,1,127,2.25,-3602.12,12,0
10/30/2018 14:18:49 ,11,1,1.43000,1,1.78000,2.28000,51.058490,3.710315,1,2303,1,33.099998,1,197.24,1,4.74,1,127,2.25,-3602.12,12,0
10/30/2018 14:18:51 ,11,1,1.43000,1,1.78000,2.28000,51.058483,3.710300,1,2400,1,32.900001,1,197.24,1,3.17,1,127,2.25,-3602.12,12,0
10/30/2018 14:18:53 ,11,1,1.42000,1,1.78000,2.28000,51.058467,3.710285,1,2431,1,32.099998,1,197.24,1,3.85,1,127,2.25,-3602.12,12,0
10/30/2018 14:18:53 ,11,1,1.42000,1,1.78000,2.28000,51.058467,3.710285,1,11044,1,32.099998,1,197.24,1,3.85,1,-115,2.00,847.25,7,1
10/30/2018 14:18:54 ,10,1,1.82000,1,2.10000,2.78000,51.058452,3.710279,1,11104,1,32.200000,1,198.02,1,4.56,1,-115,2.00,847.25,7,0
10/30/2018 14:18:55 ,10,1,1.82000,1,2.10000,2.78000,51.058433,3.710278,1,2232,1,32.500000,1,193.91,1,5.32,1,-118,3.00,830.47,7,1
10/30/2018 14:18:56 ,11,1,1.82000,1,2.10000,2.78000,51.058429,3.710282,1,2302,1,32.799999,1,187.83,1,4.09,1,-118,3.00,830.47,7,0
10/30/2018 14:18:56 ,11,1,1.82000,1,2.10000,2.78000,51.058429,3.710282,1,11440,1,32.799999,1,187.83,1,4.09,1,-122,-2.75,763.36,7,1
10/30/2018 14:18:58 ,10,1,4.57000,1,3.43000,5.72000,51.058422,3.710262,1,1242,1,31.500000,1,187.83,1,3.43,1,-122,-2.75,763.36,7,0
10/30/2018 14:19:00 ,10,1,1.83000,1,1.99000,2.70000,51.058414,3.710239,1,2140,1,29.200000,1,187.83,1,4.11,1,-122,-2.75,763.36,7,0
10/30/2018 14:19:02 ,11,1,1.83000,1,1.99000,2.70000,51.058406,3.710229,1,2143,1,28.600000,1,191.48,1,3.72,1,-122,-2.75,763.36,7,0
10/30/2018 14:19:04 ,4,1,4.58000,1,3.43000,5.72000,51.058395,3.710208,1,2444,1,28.000000,1,200.70,1,4.30,1,-122,-2.75,763.36,7,0
10/30/2018 14:19:06 ,11,1,7.40000,1,8.61000,11.36000,51.058364,3.710206,1,3022,1,27.600000,1,188.37,1,5.67,1,-122,-2.75,763.36,7,0
10/30/2018 14:19:08 ,11,1,1.42000,1,1.77000,2.27000,51.058326,3.710204,1,3041,1,27.600000,1,182.57,1,7.70,1,-122,-2.75,763.36,7,0
10/30/2018 14:19:10 ,10,1,4.58000,1,3.42000,5.72000,51.058292,3.710205,1,3110,1,27.399999,1,178.81,1,7.00,1,-122,-2.75,763.36,7,0
10/30/2018 14:19:11 ,11,1,4.58000,1,3.42000,5.72000,51.058288,3.710190,1,11313,1,27.399999,1,182.87,1,6.11,1,126,-1.25,-3622.57,12,1
10/30/2018 14:19:11 ,11,1,4.58000,1,3.42000,5.72000,51.058288,3.710190,1,11313,1,27.399999,1,182.87,1,6.11,1,126,-1.25,-3622.57,12,0
10/30/2018 14:19:13 ,11,1,1.42000,1,1.77000,2.27000,51.058269,3.710197,1,1043,1,27.399999,1,180.62,1,4.82,1,126,-1.25,-3622.57,12,0
10/30/2018 14:19:15 ,11,1,1.82000,1,1.99000,2.70000,51.058258,3.710190,1,2212,1,27.100000,1,182.27,1,3.65,1,126,-1.25,-3622.57,12,0
10/30/2018 14:19:17 ,11,1,1.42000,1,1.77000,2.27000,51.058242,3.710184,1,2213,1,26.899999,1,194.23,1,4.67,1,126,-1.25,-3622.57,12,0
10/30/2018 14:19:19 ,11,1,1.42000,1,1.77000,2.27000,51.058235,3.710169,1,2304,1,27.000000,1,194.23,1,3.22,1,126,-1.25,-3622.57,12,0
10/30/2018 14:19:21 ,11,1,1.42000,1,2.10000,2.78000,51.058204,3.710159,1,43,1,27.100000,1,202.06,1,4.80,1,127,2.00,-3630.43,12,1
10/30/2018 14:19:21 ,11,1,1.42000,1,2.10000,2.78000,51.058204,3.710159,1,43,1,27.100000,1,202.06,1,4.80,1,127,2.00,-3630.43,12,0
10/30/2018 14:19:23 ,10,1,1.82000,1,1.99000,2.70000,51.058170,3.710165,1,2203,1,27.200000,1,189.80,1,5.82,1,127,2.00,-3630.43,12,0
10/30/2018 14:19:25 ,10,1,7.41000,1,8.63000,11.37000,51.058147,3.710167,1,2223,1,27.200000,1,181.57,1,5.52,1,127,2.00,-3630.43,12,0
10/30/2018 14:19:27 ,4,1,4.58000,1,3.41000,5.71000,51.058124,3.710171,1,2302,1,26.700000,1,176.76,1,4.74,1,127,2.00,-3630.43,12,0
10/30/2018 14:19:29 ,10,1,4.58000,1,3.41000,5.71000,51.058097,3.710157,1,3032,1,26.299999,1,187.60,1,4.61,1,127,2.00,-3630.43,12,0
10/30/2018 14:19:29 ,10,1,4.58000,1,3.41000,5.71000,51.058097,3.710157,1,4004,1,26.299999,1,187.60,1,4.61,1,-123,-8.50,780.14,7,1
10/30/2018 14:19:30 ,10,1,1.82000,1,1.99000,2.70000,51.058086,3.710159,1,4023,1,26.100000,1,185.11,1,3.82,1,-123,-8.50,780.14,7,0
10/30/2018 14:19:31 ,10,1,1.82000,1,1.99000,2.69000,51.058078,3.710136,1,214,1,26.000000,1,209.09,1,5.04,1,-122,-4.50,796.92,7,1
10/30/2018 14:19:32 ,11,1,7.41000,1,8.63000,11.38000,51.058071,3.710130,1,2013,1,26.100000,1,209.09,1,3.72,1,-122,-4.50,796.92,7,0
10/30/2018 14:19:33 ,10,1,4.58000,1,3.41000,5.71000,51.058059,3.710121,1,2431,1,26.000000,1,209.09,1,4.09,1,-122,-4.50,796.92,7,0
10/30/2018 14:19:35 ,4,1,4.59000,1,3.41000,5.71000,51.058036,3.710107,1,2434,1,25.399999,1,200.07,1,4.94,1,-122,-4.50,796.92,7,0
10/30/2018 14:19:37 ,11,1,1.82000,1,1.99000,2.69000,51.058025,3.710089,1,3021,1,25.399999,1,202.01,1,3.87,1,-122,-4.50,796.92,7,0
10/30/2018 14:19:39 ,4,1,4.59000,1,3.41000,5.71000,51.057983,3.710088,1,3120,1,25.700000,1,191.87,1,5.69,1,125,-6.00,-3623.09,12,1
10/30/2018 14:19:39 ,4,1,4.59000,1,3.41000,5.71000,51.057983,3.710088,1,3120,1,25.700000,1,191.87,1,5.69,1,125,-6.00,-3623.09,12,0
10/30/2018 14:19:41 ,3,1,3.89000,1,1.00000,4.01000,51.057941,3.710077,1,3221,1,25.700000,1,188.88,1,7.50,1,125,-6.00,-3623.09,12,0
10/30/2018 14:19:43 ,4,1,3.89000,1,1.00000,4.01000,51.057918,3.710063,1,3243,1,25.600000,1,190.25,1,5.85,1,125,-6.00,-3623.09,12,0
10/30/2018 14:19:45 ,10,1,4.59000,1,3.40000,5.71000,51.057888,3.710055,1,3312,1,25.600000,1,188.39,1,5.85,1,125,-6.00,-3623.09,12,0
10/30/2018 14:19:47 ,10,1,1.82000,1,1.98000,2.69000,51.057868,3.710049,1,3324,1,25.600000,1,191.14,1,5.22,1,125,-6.00,-3623.09,12,0
10/30/2018 14:19:48 ,3,1,3.89000,1,1.00000,4.01000,51.057857,3.710047,1,4400,1,25.600000,1,190.23,1,4.98,1,125,-4.00,-3621.52,12,1
10/30/2018 14:19:48 ,3,1,3.89000,1,1.00000,4.01000,51.057857,3.710047,1,4400,1,25.600000,1,190.23,1,4.98,1,125,-4.00,-3621.52,12,0
10/30/2018 14:19:50 ,10,1,3.89000,1,1.00000,4.01000,51.057826,3.710051,1,10000,1,25.600000,1,185.48,1,4.98,1,125,-4.00,-3621.52,12,0
10/30/2018 14:19:52 ,10,1,7.42000,1,8.64000,11.39000,51.057796,3.710048,1,10014,1,25.600000,1,184.36,1,5.33,1,125,-4.00,-3621.52,12,0
10/30/2018 14:19:54 ,10,1,3.89000,1,1.00000,4.01000,51.057758,3.710047,1,10033,1,25.600000,1,180.17,1,6.19,1,125,-4.00,-3621.52,12,0
10/30/2018 14:19:56 ,10,1,3.60000,1,2.43000,4.35000,51.057720,3.710053,1,10113,1,25.600000,1,179.86,1,6.82,1,125,-4.00,-3621.52,12,0
10/30/2018 14:19:57 ,11,1,1.81000,1,2.11000,2.77000,51.057712,3.710056,1,11114,1,25.600000,1,181.99,1,5.56,1,125,-2.75,-3616.28,12,1
10/30/2018 14:19:57 ,11,1,1.81000,1,2.11000,2.77000,51.057712,3.710056,1,11114,1,25.600000,1,181.99,1,5.56,1,125,-2.75,-3616.28,12,0
10/30/2018 14:19:59 ,10,1,1.81000,1,2.11000,2.77000,51.057666,3.710072,1,100,1,25.600000,1,177.55,1,8.41,1,125,-2.75,-3616.28,12,0
10/30/2018 14:20:00 ,4,1,7.43000,1,8.64000,11.40000,51.057636,3.710080,1,223,1,25.600000,1,176.91,1,9.48,1,125,-2.75,-3616.28,12,0
10/30/2018 14:20:01 ,10,1,7.43000,1,8.65000,11.40000,51.057628,3.710083,1,1443,1,25.600000,1,176.61,1,8.02,1,125,-2.75,-3616.28,12,0
10/30/2018 14:20:03 ,11,1,1.80000,1,2.11000,2.77000,51.057601,3.710081,1,2142,1,25.500000,1,178.51,1,6.59,1,125,-2.75,-3616.28,12,0
10/30/2018 14:20:03 ,11,1,1.80000,1,2.11000,2.77000,51.057601,3.710081,1,10223,1,25.500000,1,178.51,1,6.59,1,-123,-9.25,830.47,71,1
10/30/2018 14:20:04 ,11,1,1.80000,1,2.11000,2.77000,51.057582,3.710082,1,10302,1,25.500000,1,184.14,1,6.46,1,-123,-9.25,830.47,71,0
10/30/2018 14:20:05 ,10,1,7.43000,1,8.65000,11.40000,51.057563,3.710076,1,1444,1,25.500000,1,186.37,1,6.89,1,-123,-7.75,796.92,7,1
10/30/2018 14:20:06 ,4,1,3.89000,1,1.00000,4.01000,51.057552,3.710065,1,2202,1,25.500000,1,190.69,1,5.94,1,-123,-7.75,796.92,7,0
10/30/2018 14:20:08 ,10,1,7.43000,1,8.65000,11.40000,51.057525,3.710051,1,2432,1,25.500000,1,193.86,1,5.96,1,-123,-7.75,796.92,7,0
10/30/2018 14:20:10 ,4,1,3.89000,1,1.00000,4.01000,51.057495,3.710046,1,3020,1,25.500000,1,187.57,1,5.96,1,-123,-7.75,796.92,7,0
10/30/2018 14:20:12 ,4,1,7.43000,1,8.65000,11.40000,51.057479,3.710037,1,3112,1,25.500000,1,189.26,1,4.43,1,-123,-7.75,796.92,7,0
10/30/2018 14:20:14 ,10,1,1.81000,1,1.98000,2.68000,51.057456,3.710029,1,3343,1,25.500000,1,186.59,1,4.44,1,-123,-7.75,796.92,7,0
10/30/2018 14:20:16 ,10,1,1.81000,1,1.98000,2.68000,51.057449,3.710009,1,1222,1,25.500000,1,186.59,1,4.50,1,126,-9.50,-3575.91,12,1
10/30/2018 14:20:16 ,10,1,1.81000,1,1.98000,2.68000,51.057449,3.710009,1,1222,1,25.500000,1,186.59,1,4.50,1,126,-9.50,-3575.91,12,0
10/30/2018 14:20:18 ,3,1,3.89000,1,1.00000,4.01000,51.057437,3.709992,1,2223,1,25.500000,1,186.59,1,3.32,1,126,-9.50,-3575.91,12,0
10/30/2018 14:20:20 ,4,1,7.43000,1,8.66000,11.41000,51.057411,3.709976,1,2242,1,25.500000,1,186.59,1,4.50,1,126,-9.50,-3575.91,12,0
10/30/2018 14:20:22 ,4,1,7.44000,1,8.66000,11.41000,51.057380,3.709967,1,2224,1,25.500000,1,199.36,1,5.87,1,126,-9.50,-3575.91,12,0
10/30/2018 14:20:24 ,10,1,3.60000,1,2.45000,4.35000,51.057338,3.709966,1,2404,1,25.500000,1,202.08,1,5.63,1,126,-9.50,-3575.91,12,0
10/30/2018 14:20:25 ,10,1,7.44000,1,8.66000,11.41000,51.057308,3.709965,1,2424,1,25.500000,1,194.41,1,7.37,1,125,-7.50,-3561.23,12,1
10/30/2018 14:20:25 ,10,1,7.44000,1,8.66000,11.41000,51.057308,3.709965,1,2424,1,25.500000,1,194.41,1,7.37,1,125,-7.50,-3561.23,12,0
10/30/2018 14:20:27 ,4,1,7.44000,1,8.66000,11.41000,51.057281,3.709962,1,3023,1,25.500000,1,188.95,1,5.28,1,125,-7.50,-3561.23,12,0
10/30/2018 14:20:29 ,3,1,3.89000,1,1.00000,4.01000,51.057258,3.709952,1,3101,1,25.500000,1,185.84,1,5.06,1,125,-7.50,-3561.23,12,0
10/30/2018 14:20:31 ,4,1,3.89000,1,1.00000,4.01000,51.057228,3.709944,1,3112,1,25.500000,1,187.24,1,5.41,1,125,-7.50,-3561.23,12,0
10/30/2018 14:20:33 ,3,1,3.89000,1,1.00000,4.01000,51.057197,3.709926,1,3141,1,25.500000,1,191.01,1,5.78,1,125,-7.50,-3561.23,12,0
10/30/2018 14:20:34 ,4,1,3.89000,1,1.00000,4.01000,51.057186,3.709926,1,4212,1,25.500000,1,188.57,1,4.82,1,125,-5.75,-3558.08,12,1
10/30/2018 14:20:34 ,4,1,3.89000,1,1.00000,4.01000,51.057186,3.709926,1,4212,1,25.500000,1,188.57,1,4.82,1,125,-5.75,-3558.08,12,0
10/30/2018 14:20:36 ,4,1,7.44000,1,8.66000,11.42000,51.057132,3.709933,1,4303,1,25.500000,1,189.04,1,5.74,1,125,-5.75,-3558.08,12,0
10/30/2018 14:20:37 ,4,1,3.89000,1,1.00000,4.01000,51.057109,3.709935,1,12004,1,25.500000,1,187.35,1,5.54,1,-124,-8.00,947.91,7,1
10/30/2018 14:20:37 ,4,1,3.89000,1,1.00000,4.01000,51.057109,3.709935,1,12004,1,25.500000,1,187.35,1,5.54,1,-124,-8.00,947.91,7,0
10/30/2018 14:20:39 ,11,1,7.44000,1,8.66000,11.42000,51.057075,3.709935,1,1421,1,25.500000,1,184.74,1,5.09,1,-124,-8.00,947.91,7,0
10/30/2018 14:20:40 ,10,1,7.44000,1,8.66000,11.42000,51.057064,3.709934,1,2143,1,25.500000,1,182.40,1,5.07,1,-124,-8.00,947.91,7,0
10/30/2018 14:20:41 ,10,1,7.44000,1,8.66000,11.42000,51.057048,3.709927,1,413,1,25.500000,1,185.44,1,5.67,1,-123,-6.25,1015.02,7,1
10/30/2018 14:20:42 ,11,1,1.81000,1,1.97000,2.67000,51.057029,3.709921,1,2123,1,25.500000,1,186.80,1,6.24,1,-123,-6.25,1015.02,7,0
10/30/2018 14:20:44 ,10,1,3.89000,1,1.00000,4.01000,51.057010,3.709911,1,2303,1,25.500000,1,188.73,1,4.93,1,-123,-6.25,1015.02,7,0
10/30/2018 14:20:46 ,11,1,1.81000,1,1.97000,2.67000,51.056964,3.709923,1,2243,1,25.500000,1,171.15,1,6.95,1,-123,-6.25,1015.02,7,0
10/30/2018 14:20:48 ,11,1,1.80000,1,2.11000,2.77000,51.056934,3.709911,1,3103,1,25.500000,1,178.07,1,4.89,1,-123,-6.25,1015.02,7,0
10/30/2018 14:20:50 ,11,1,1.40000,1,1.76000,2.25000,51.056884,3.709870,1,3121,1,25.500000,1,194.37,1,4.91,1,-123,-6.25,1015.02,7,0
10/30/2018 14:20:52 ,10,1,1.80000,1,1.97000,2.67000,51.056858,3.709846,1,3213,1,25.399999,1,203.65,1,4.91,1,-123,-6.25,1015.02,7,0
10/30/2018 14:20:53 ,10,1,1.80000,1,1.97000,2.67000,51.056838,3.709842,1,204,1,25.399999,1,197.13,1,5.80,1,123,-2.50,-3552.31,12,1
10/30/2018 14:20:54 ,10,1,7.45000,1,8.67000,11.43000,51.056823,3.709817,1,344,1,25.399999,1,199.87,1,6.19,1,123,-2.50,-3552.31,12,0
10/30/2018 14:20:55 ,10,1,7.45000,1,8.67000,11.43000,51.056800,3.709787,1,2012,1,25.399999,1,205.46,1,6.48,1,123,-2.50,-3552.31,12,0
10/30/2018 14:20:57 ,10,1,7.45000,1,8.67000,11.43000,51.056758,3.709747,1,2233,1,25.399999,1,203.00,1,6.74,1,123,-2.50,-3552.31,12,0
10/30/2018 14:20:59 ,11,1,1.40000,1,1.76000,2.25000,51.056755,3.709688,1,2302,1,25.299999,1,213.50,1,4.33,1,123,-2.50,-3552.31,12,0
10/30/2018 14:21:01 ,11,1,1.79000,1,2.11000,2.77000,51.056774,3.709625,1,2333,1,25.100000,1,212.73,1,2.11,1,123,-2.50,-3552.31,12,0
10/30/2018 14:21:02 ,11,1,1.40000,1,1.76000,2.25000,51.056766,3.709609,1,444,1,25.100000,1,222.76,1,3.78,1,123,-4.75,-3521.38,12,1
10/30/2018 14:21:03 ,11,1,1.40000,1,1.76000,2.25000,51.056762,3.709596,1,2120,1,25.000000,1,222.80,1,3.04,1,123,-4.75,-3521.38,12,0
10/30/2018 14:21:05 ,10,1,1.79000,1,2.11000,2.77000,51.056755,3.709572,1,2333,1,24.799999,1,223.81,1,4.32,1,123,-4.75,-3521.38,12,0
10/30/2018 14:21:07 ,11,1,1.40000,1,1.76000,2.25000,51.056751,3.709566,1,2420,1,24.700000,1,223.81,1,2.19,1,123,-4.75,-3521.38,12,0
10/30/2018 14:21:09 ,11,1,1.40000,1,1.76000,2.24000,51.056747,3.709573,1,3004,1,24.299999,1,198.16,1,2.54,1,123,-4.75,-3521.38,12,0
10/30/2018 14:21:11 ,11,1,1.40000,1,1.76000,2.24000,51.056743,3.709593,1,2224,1,24.299999,1,164.43,1,3.41,1,123,-9.50,-3532.91,12,1
10/30/2018 14:21:11 ,11,1,1.40000,1,1.76000,2.24000,51.056743,3.709593,1,2224,1,24.299999,1,164.43,1,3.41,1,123,-9.50,-3532.91,12,0
10/30/2018 14:21:13 ,11,1,1.40000,1,1.76000,2.24000,51.056732,3.709611,1,3041,1,23.500000,1,155.30,1,4.13,1,123,-9.50,-3532.91,12,0
10/30/2018 14:21:15 ,10,1,1.69000,1,1.77000,2.45000,51.056720,3.709632,1,1141,1,22.700000,1,158.20,1,4.24,1,-124,0.25,914.36,7,1
10/30/2018 14:21:15 ,10,1,1.69000,1,1.77000,2.45000,51.056720,3.709632,1,1141,1,22.700000,1,158.20,1,4.24,1,-124,0.25,914.36,7,0
10/30/2018 14:21:17 ,11,1,1.40000,1,1.76000,2.24000,51.056713,3.709646,1,3033,1,22.299999,1,154.34,1,1.28,1,-124,0.25,914.36,7,0
10/30/2018 14:21:19 ,11,1,1.40000,1,1.76000,2.24000,51.056686,3.709649,1,3033,1,21.799999,1,159.58,1,4.32,1,-124,0.25,914.36,7,0
10/30/2018 14:21:21 ,10,1,1.80000,1,1.96000,2.66000,51.056663,3.709624,1,3144,1,20.899999,1,179.13,1,3.89,1,-124,0.25,914.36,7,0
10/30/2018 14:21:23 ,10,1,1.80000,1,1.96000,2.66000,51.056636,3.709577,1,3404,1,20.200000,1,206.89,1,5.61,1,-124,0.25,914.36,7,0
10/30/2018 14:21:25 ,10,1,1.80000,1,1.96000,2.66000,51.056602,3.709540,1,3443,1,19.100000,1,210.60,1,5.82,1,-124,0.25,914.36,7,0
10/30/2018 14:21:27 ,10,1,1.80000,1,1.96000,2.66000,51.056575,3.709504,1,4013,1,17.899999,1,210.33,1,5.80,1,-124,0.25,914.36,7,0
10/30/2018 14:21:29 ,10,1,1.80000,1,1.96000,2.66000,51.056564,3.709453,1,4034,1,16.500000,1,221.03,1,5.63,1,-124,0.25,914.36,7,0
10/30/2018 14:21:29 ,10,1,1.80000,1,1.96000,2.66000,51.056564,3.709453,1,10242,1,16.500000,1,221.03,1,5.63,1,122,-6.50,-3555.46,12,1
10/30/2018 14:21:30 ,10,1,1.80000,1,1.96000,2.66000,51.056556,3.709427,1,10313,1,16.000000,1,229.40,1,5.52,1,122,-6.50,-3555.46,12,0
10/30/2018 14:21:32 ,10,1,1.80000,1,1.96000,2.66000,51.056529,3.709386,1,10341,1,14.600001,1,223.57,1,5.78,1,122,-6.50,-3555.46,12,0
10/30/2018 14:21:34 ,10,1,1.80000,1,1.96000,2.66000,51.056514,3.709332,1,10412,1,13.300001,1,230.94,1,5.35,1,122,-6.50,-3555.46,12,0
10/30/2018 14:21:36 ,10,1,1.80000,1,1.96000,2.66000,51.056510,3.709279,1,10441,1,12.300001,1,243.96,1,5.80,1,122,-6.50,-3555.46,12,0
10/30/2018 14:21:38 ,11,1,1.80000,1,1.96000,2.66000,51.056507,3.709218,1,11010,1,11.800001,1,254.45,1,6.07,1,122,-6.50,-3555.46,12,0
10/30/2018 14:21:39 ,11,1,1.80000,1,1.96000,2.66000,51.056499,3.709195,1,14,1,11.800001,1,253.44,1,6.19,1,122,-3.00,-3571.71,12,1
10/30/2018 14:21:40 ,11,1,1.80000,1,1.96000,2.66000,51.056503,3.709161,1,304,1,11.900000,1,255.26,1,6.91,1,122,-3.00,-3571.71,12,0
10/30/2018 14:21:41 ,11,1,1.39000,1,1.75000,2.24000,51.056476,3.709153,1,1422,1,12.900000,1,243.90,1,6.98,1,122,-3.00,-3571.71,12,0
10/30/2018 14:21:43 ,10,1,1.79000,1,2.11000,2.77000,51.056484,3.709100,1,2314,1,13.400000,1,241.70,1,4.46,1,122,-3.00,-3571.71,12,0
10/30/2018 14:21:45 ,11,1,1.79000,1,2.11000,2.77000,51.056472,3.709059,1,2333,1,13.600001,1,230.09,1,5.30,1,122,-3.00,-3571.71,12,0
10/30/2018 14:21:47 ,11,1,1.39000,1,1.75000,2.24000,51.056472,3.709027,1,2400,1,13.200000,1,222.09,1,3.93,1,122,-3.00,-3571.71,12,0
10/30/2018 14:21:47 ,11,1,1.39000,1,1.75000,2.24000,51.056472,3.709027,1,11133,1,13.200000,1,222.09,1,3.93,1,-124,-7.00,880.80,7,1
10/30/2018 14:21:49 ,11,1,1.39000,1,1.75000,2.24000,51.056472,3.709003,1,124,1,13.300001,1,214.30,1,3.06,1,-124,-7.00,880.80,7,0
10/30/2018 14:21:49 ,11,1,1.39000,1,1.75000,2.24000,51.056472,3.709003,1,3404,1,13.300001,1,214.30,1,3.06,1,-124,-6.00,880.80,7,1
10/30/2018 14:21:50 ,11,1,1.79000,1,1.95000,2.65000,51.056465,3.709000,1,2422,1,14.400000,1,204.43,1,4.02,1,-124,-6.00,880.80,7,0
10/30/2018 14:21:51 ,11,1,1.79000,1,1.95000,2.65000,51.056461,3.708982,1,42,1,14.400000,1,201.55,1,4.74,1,-126,-6.50,796.92,7,1
10/30/2018 14:21:52 ,11,1,1.39000,1,1.75000,2.24000,51.056457,3.708965,1,1322,1,12.400000,1,205.60,1,5.11,1,-126,-6.50,796.92,7,0
10/30/2018 14:21:54 ,11,1,1.39000,1,1.75000,2.23000,51.056446,3.708926,1,2302,1,12.500000,1,228.91,1,5.72,1,-126,-6.50,796.92,7,0
10/30/2018 14:21:56 ,10,1,1.58000,1,2.14000,2.66000,51.056430,3.708899,1,2331,1,13.300001,1,234.62,1,5.85,1,-126,-6.50,796.92,7,0
10/30/2018 14:21:58 ,10,1,1.58000,1,2.14000,2.66000,51.056407,3.708867,1,3113,1,12.900000,1,229.12,1,5.98,1,-126,-6.50,796.92,7,0
10/30/2018 14:22:00 ,11,1,1.57000,1,2.14000,2.66000,51.056388,3.708831,1,3132,1,12.900000,1,230.67,1,5.56,1,-126,-6.50,796.92,7,0
10/30/2018 14:22:02 ,11,1,1.39000,1,1.75000,2.23000,51.056369,3.708803,1,3220,1,13.100001,1,227.58,1,5.30,1,-126,-6.50,796.92,7,0
10/30/2018 14:22:04 ,11,1,2.50000,1,2.87000,3.81000,51.056335,3.708828,1,3303,1,13.200000,1,218.76,1,4.57,1,-126,-6.50,796.92,7,0
10/30/2018 14:22:06 ,11,1,2.50000,1,2.87000,3.81000,51.056304,3.708849,1,3304,1,13.000000,1,188.83,1,4.93,1,-126,-6.50,-3522.43,7,0
10/30/2018 14:22:06 ,11,1,2.50000,1,2.87000,3.81000,51.056304,3.708849,1,3304,1,13.000000,1,188.83,1,4.93,1,124,-10.50,-3522.43,12,1
10/30/2018 14:22:07 ,11,1,1.39000,1,1.75000,2.23000,51.056331,3.708865,1,3430,1,13.100001,1,188.83,1,3.30,1,124,-10.50,-3522.43,12,0
10/30/2018 14:22:09 ,11,1,2.50000,1,2.87000,3.80000,51.056331,3.708901,1,4013,1,12.900000,1,188.83,1,4.11,1,124,-10.50,-3522.43,12,0
10/30/2018 14:22:11 ,10,1,2.50000,1,2.86000,3.80000,51.056278,3.708906,1,4021,1,12.400000,1,188.83,1,4.33,1,124,-10.50,-3522.43,12,0
10/30/2018 14:22:13 ,11,1,2.50000,1,2.86000,3.80000,51.056236,3.708914,1,4022,1,12.100001,1,169.34,1,5.28,1,124,-10.50,-3522.43,12,0
10/30/2018 14:22:15 ,11,1,2.50000,1,2.86000,3.80000,51.056194,3.708938,1,4103,1,11.700000,1,148.41,1,6.57,1,124,-10.50,-3522.43,12,0
10/30/2018 14:22:15 ,11,1,2.50000,1,2.86000,3.80000,51.056194,3.708938,1,10102,1,11.700000,1,148.41,1,6.57,1,122,-10.75,-3526.10,12,1
10/30/2018 14:22:16 ,11,1,1.38000,1,1.75000,2.23000,51.056175,3.708925,1,10120,1,12.100001,1,149.54,1,5.22,1,122,-10.75,-3526.10,12,0
10/30/2018 14:22:18 ,11,1,1.38000,1,1.75000,2.23000,51.056133,3.708921,1,10142,1,12.800001,1,143.68,1,5.70,1,122,-10.75,-3526.10,12,0
10/30/2018 14:22:20 ,11,1,2.50000,1,2.86000,3.80000,51.056098,3.708942,1,10221,1,12.700000,1,131.73,1,6.24,1,122,-10.75,-3526.10,12,0
10/30/2018 14:22:22 ,10,1,2.49000,1,2.86000,3.80000,51.056076,3.708913,1,11033,1,13.000000,1,131.73,1,1.46,1,122,-10.75,-3526.10,12,0
10/30/2018 14:22:23 ,10,1,2.49000,1,2.86000,3.80000,51.056060,3.708932,1,4204,1,13.300001,1,131.73,1,3.43,1,-123,-6.50,880.80,7,1
10/30/2018 14:22:24 ,10,1,2.49000,1,2.86000,3.80000,51.056037,3.708947,1,4201,1,13.400000,1,126.19,1,5.20,1,-123,-6.50,880.80,7,0
10/30/2018 14:22:25 ,10,1,2.81000,1,6.05000,6.67000,51.056026,3.708946,1,423,1,13.200000,1,126.19,1,3.26,1,-126,-3.75,864.03,7,1
10/30/2018 14:22:26 ,11,1,2.49000,1,2.86000,3.79000,51.056011,3.708939,1,2314,1,13.300001,1,126.19,1,2.93,1,-126,-3.75,864.03,7,0
10/30/2018 14:22:28 ,11,1,2.49000,1,2.86000,3.79000,51.055965,3.708930,1,2314,1,13.800001,1,136.40,1,4.69,1,-126,-3.75,864.03,7,0
10/30/2018 14:22:30 ,11,1,1.38000,1,1.75000,2.23000,51.055927,3.708881,1,2342,1,15.800001,1,159.36,1,4.87,1,-126,-3.75,864.03,7,0
10/30/2018 14:22:32 ,10,1,2.49000,1,2.86000,3.79000,51.055881,3.708832,1,3141,1,18.100000,1,181.68,1,4.98,1,-126,-3.75,864.03,7,0
10/30/2018 14:22:34 ,11,1,2.49000,1,6.04000,6.66000,51.055866,3.708840,1,141,1,19.200000,1,182.46,1,1.87,1,123,-8.00,-3574.86,12,1
10/30/2018 14:22:34 ,11,1,2.49000,1,6.04000,6.66000,51.055866,3.708840,1,141,1,19.200000,1,182.46,1,1.87,1,123,-8.00,-3574.86,12,0
10/30/2018 14:22:36 ,11,1,2.49000,1,2.86000,3.79000,51.055828,3.708850,1,2301,1,20.299999,1,182.46,1,3.30,1,123,-8.00,-3574.86,12,0
10/30/2018 14:22:38 ,11,1,2.58000,1,3.03000,3.98000,51.055789,3.708852,1,2321,1,21.299999,1,182.46,1,4.17,1,123,-8.00,-3574.86,12,0
10/30/2018 14:22:40 ,11,1,1.38000,1,1.75000,2.23000,51.055770,3.708837,1,2342,1,21.700000,1,182.46,1,2.28,1,123,-8.00,-3574.86,12,0
10/30/2018 14:22:42 ,11,1,2.48000,1,2.86000,3.78000,51.055736,3.708841,1,2411,1,22.600000,1,182.46,1,1.74,1,123,-8.00,-3574.86,12,0
10/30/2018 14:22:43 ,10,1,2.48000,1,2.85000,3.78000,51.055740,3.708824,1,1430,1,23.100000,1,182.46,1,1.65,1,124,-1.00,-3602.12,12,1
10/30/2018 14:22:44 ,11,1,2.48000,1,2.85000,3.78000,51.055728,3.708837,1,2232,1,23.600000,1,182.46,1,0.33,1,124,-1.00,-3602.12,12,0
10/30/2018 14:22:46 ,11,1,1.38000,1,1.74000,2.22000,51.055683,3.708846,1,2244,1,24.100000,1,182.46,1,2.19,1,124,-1.00,-3602.12,12,0
10/30/2018 14:22:48 ,11,1,1.38000,1,1.74000,2.22000,51.055641,3.708829,1,2324,1,23.500000,1,182.46,1,3.98,1,124,-1.00,-3602.12,12,0
10/30/2018 14:22:50 ,11,1,1.38000,1,1.74000,2.22000,51.055614,3.708849,1,2344,1,23.899999,1,182.46,1,2.96,1,124,-1.00,-3602.12,12,0
10/30/2018 14:22:52 ,11,1,1.38000,1,1.74000,2.22000,51.055576,3.708876,1,2341,1,24.200000,1,168.80,1,3.78,1,124,-1.00,-3602.12,12,0
10/30/2018 14:22:52 ,11,1,1.38000,1,1.74000,2.22000,51.055576,3.708876,1,3114,1,24.200000,1,168.80,1,3.78,1,122,-7.25,-3587.44,12,1
10/30/2018 14:22:53 ,11,1,1.38000,1,1.74000,2.22000,51.055561,3.708888,1,3224,1,23.899999,1,168.80,1,2.72,1,122,-7.25,-3587.44,12,0
10/30/2018 14:22:55 ,11,1,2.48000,1,2.85000,3.78000,51.055541,3.708904,1,3310,1,24.799999,1,168.80,1,2.54,1,122,-7.25,-3587.44,12,0
10/30/2018 14:22:56 ,11,1,2.48000,1,2.85000,3.78000,51.055530,3.708917,1,4044,1,25.600000,1,168.80,1,3.11,1,122,-7.25,-3587.44,12,0
10/30/2018 14:22:58 ,11,1,1.38000,1,1.74000,2.22000,51.055503,3.708965,1,4120,1,25.700000,1,168.80,1,2.78,1,122,-7.25,-3587.44,12,0
10/30/2018 14:22:59 ,11,1,1.38000,1,1.74000,2.22000,51.055484,3.709015,1,4411,1,25.500000,1,168.80,1,3.39,1,122,-7.25,-3587.44,12,0
10/30/2018 14:23:01 ,11,1,1.38000,1,1.74000,2.22000,51.055438,3.709136,1,4441,1,20.500000,1,168.80,1,0.59,1,122,-7.25,-3587.44,12,0
10/30/2018 14:23:03 ,11,1,1.77000,1,2.12000,2.76000,51.055389,3.709218,1,10010,1,15.500000,1,168.80,1,2.15,1,122,-7.25,-3587.44,12,0
10/30/2018 14:23:05 ,11,1,1.77000,1,2.12000,2.76000,51.055374,3.709241,1,10302,1,15.100001,1,168.80,1,2.72,1,122,-7.25,-3587.44,12,0
10/30/2018 14:23:07 ,11,1,1.77000,1,2.12000,2.76000,51.055358,3.709240,1,10322,1,15.000000,1,168.80,1,1.83,1,122,-7.25,-3587.44,12,0
10/30/2018 14:23:09 ,11,1,1.38000,1,1.74000,2.22000,51.055366,3.709230,1,10403,1,15.500000,1,168.80,1,1.00,1,122,-7.25,-3587.44,12,0
10/30/2018 14:23:10 ,11,1,1.37000,1,1.74000,2.22000,51.055366,3.709228,1,11214,1,16.299999,1,168.80,1,0.20,1,-122,-13.50,-3513.52,12,1
10/30/2018 14:23:10 ,11,1,1.37000,1,1.74000,2.22000,51.055366,3.709228,1,11214,1,16.299999,1,168.80,1,0.20,1,-122,-13.50,-3513.52,12,0
10/30/2018 14:23:12 ,11,1,1.56000,1,2.12000,2.63000,51.055332,3.709236,1,222,1,17.399999,1,168.80,1,2.85,1,-122,-13.50,-3513.52,12,0
10/30/2018 14:23:13 ,11,1,1.37000,1,1.74000,2.22000,51.055309,3.709218,1,1333,1,18.100000,1,168.80,1,4.06,1,-122,-13.50,-3513.52,12,0
10/30/2018 14:23:15 ,11,1,1.37000,1,1.74000,2.22000,51.055297,3.709181,1,2240,1,20.399999,1,168.80,1,1.94,1,-122,-13.50,-3513.52,12,0
10/30/2018 14:23:17 ,11,1,1.37000,1,1.74000,2.22000,51.055255,3.709121,1,2234,1,23.200000,1,197.57,1,5.74,1,-122,-13.50,-3513.52,12,0
10/30/2018 14:23:19 ,10,1,2.75000,1,5.96000,6.56000,51.055217,3.709060,1,2422,1,24.899999,1,219.60,1,6.87,1,-122,-13.50,-3513.52,12,0
10/30/2018 14:23:20 ,10,1,2.75000,1,5.96000,6.56000,51.055202,3.709059,1,422,1,24.899999,1,216.00,1,5.98,1,121,-5.75,-3450.60,12,1
10/30/2018 14:23:21 ,11,1,2.75000,1,5.96000,6.56000,51.055187,3.709066,1,1123,1,25.200000,1,216.00,1,4.32,1,121,-5.75,-3450.60,12,0
10/30/2018 14:23:22 ,11,1,2.75000,1,5.95000,6.56000,51.055168,3.709062,1,2202,1,25.000000,1,206.67,1,4.85,1,121,-5.75,-3450.60,12,0
10/30/2018 14:23:24 ,11,1,2.75000,1,5.95000,6.55000,51.055137,3.709033,1,2343,1,24.500000,1,206.67,1,4.76,1,121,-5.75,-3450.60,12,0
10/30/2018 14:23:26 ,4,1,2.75000,1,5.95000,6.55000,51.055107,3.709043,1,2430,1,25.399999,1,201.47,1,4.19,1,121,-5.75,-3450.60,12,0
10/30/2018 14:23:28 ,4,1,2.74000,1,5.94000,6.55000,51.055065,3.709058,1,3001,1,25.600000,1,201.47,1,4.89,1,121,-5.75,-3450.60,12,0
10/30/2018 14:23:29 ,4,1,2.74000,1,5.94000,6.54000,51.055049,3.709075,1,1214,1,25.399999,1,174.31,1,5.24,1,123,-9.50,-3379.30,12,1
10/30/2018 14:23:30 ,4,1,2.74000,1,5.94000,6.54000,51.055030,3.709076,1,3011,1,25.299999,1,174.31,1,5.22,1,123,-9.50,-3379.30,12,0
10/30/2018 14:23:32 ,4,1,2.74000,1,5.94000,6.54000,51.055007,3.709124,1,3013,1,25.500000,1,144.55,1,6.07,1,123,-9.50,-3379.30,12,0
10/30/2018 14:23:33 ,4,1,2.74000,1,5.94000,6.54000,51.054992,3.709124,1,3310,1,25.500000,1,143.40,1,5.07,1,123,-9.50,-3379.30,12,0
10/30/2018 14:23:35 ,4,1,2.74000,1,5.93000,6.53000,51.054965,3.709139,1,3410,1,25.500000,1,143.40,1,4.65,1,123,-9.50,-3379.30,12,0
10/30/2018 14:23:37 ,11,1,2.73000,1,5.93000,6.53000,51.054935,3.709159,1,3402,1,25.600000,1,154.91,1,5.11,1,123,-9.50,-3379.30,12,0
10/30/2018 14:23:39 ,11,1,1.77000,1,2.12000,2.76000,51.054916,3.709136,1,4223,1,27.200000,1,154.91,1,3.43,1,123,-9.50,-3379.30,12,0
10/30/2018 14:23:41 ,11,1,1.37000,1,1.74000,2.21000,51.054882,3.709109,1,4213,1,31.700000,1,158.12,1,5.19,1,123,-9.50,-3379.30,12,0
10/30/2018 14:23:43 ,11,1,2.45000,1,2.84000,3.75000,51.054824,3.709102,1,4244,1,33.299999,1,157.99,1,6.17,1,123,-9.50,-3379.30,12,0
10/30/2018 14:23:45 ,11,1,2.45000,1,2.84000,3.75000,51.054779,3.709111,1,4323,1,33.900001,1,148.98,1,5.89,1,123,-9.50,-3379.30,12,0
10/30/2018 14:23:47 ,11,1,2.45000,1,2.84000,3.75000,51.054744,3.709082,1,4300,1,33.900001,1,142.01,1,3.93,1,122,-10.00,-3421.24,12,1
10/30/2018 14:23:47 ,11,1,2.45000,1,2.84000,3.75000,51.054744,3.709082,1,4300,1,33.900001,1,142.01,1,3.93,1,122,-10.00,-3421.24,12,0
10/30/2018 14:23:49 ,10,1,1.77000,1,2.12000,2.76000,51.054714,3.709059,1,4324,1,36.299999,1,172.09,1,5.35,1,122,-10.00,-3421.24,12,0
10/30/2018 14:23:51 ,4,1,2.72000,1,5.91000,6.50000,51.054695,3.709057,1,4420,1,36.700000,1,172.09,1,3.78,1,122,-10.00,-3421.24,12,0
10/30/2018 14:23:53 ,10,1,2.45000,1,2.83000,3.74000,51.054641,3.709080,1,4422,1,37.700000,1,168.56,1,6.33,1,122,-10.00,-3421.24,12,0
10/30/2018 14:23:55 ,10,1,2.45000,1,2.83000,3.74000,51.054607,3.709077,1,4443,1,39.900001,1,171.42,1,6.33,1,122,-10.00,-3421.24,12,0
10/30/2018 14:23:56 ,10,1,2.45000,1,2.83000,3.74000,51.054592,3.709069,1,11010,1,41.000000,1,176.82,1,6.22,1,122,-12.00,-3435.92,12,1
10/30/2018 14:23:56 ,10,1,2.45000,1,2.83000,3.74000,51.054592,3.709069,1,11010,1,41.000000,1,176.82,1,6.22,1,122,-12.00,-3435.92,12,0
10/30/2018 14:23:58 ,10,1,2.44000,1,2.83000,3.74000,51.054550,3.709055,1,11110,1,44.000000,1,189.54,1,6.96,1,122,-12.00,-3435.92,12,0
10/30/2018 14:24:00 ,11,1,2.44000,1,2.83000,3.74000,51.054523,3.709037,1,11114,1,47.400001,1,195.41,1,5.83,1,122,-12.00,-3435.92,12,0
10/30/2018 14:24:02 ,11,1,2.44000,1,2.83000,3.74000,51.054473,3.709009,1,11201,1,52.099998,1,203.17,1,8.13,1,122,-12.00,-3435.92,12,0
10/30/2018 14:24:04 ,10,1,2.70000,1,5.89000,6.48000,51.054447,3.709040,1,423,1,53.599998,1,197.28,1,5.87,1,122,-12.00,-3435.92,12,0
10/30/2018 14:24:05 ,4,1,2.56000,1,1.00000,2.74000,51.054412,3.709073,1,2203,1,44.500000,1,184.91,1,6.19,1,122,-12.00,-3435.92,12,0
10/30/2018 14:24:07 ,0,1,99.99000,1,99.99000,99.99000,51.054412,3.709073,1,34000,1,44.500000,1,184.91,1,6.19,1,122,-12.00,-3435.92,12,0
10/30/2018 14:24:09 ,4,1,2.55000,1,1.00000,2.74000,51.054340,3.709077,1,3100,1,46.900001,1,183.30,1,6.46,1,122,-12.00,-3435.92,12,0
10/30/2018 14:24:11 ,4,1,2.55000,1,1.00000,2.74000,51.054313,3.709076,1,3121,1,48.200000,1,183.30,1,6.06,1,122,-12.00,-3435.92,12,0
10/30/2018 14:24:13 ,3,1,2.55000,1,1.00000,2.74000,51.054294,3.709087,1,3420,1,49.099998,1,183.30,1,5.28,1,122,-12.00,-3435.92,12,0
10/30/2018 14:24:15 ,4,1,2.55000,1,1.00000,2.74000,51.054302,3.709105,1,4000,1,49.799999,1,183.30,1,1.94,1,122,-12.00,-3435.92,12,0
10/30/2018 14:24:17 ,4,1,2.55000,1,1.00000,2.74000,51.054290,3.709117,1,4024,1,50.299999,1,183.30,1,1.33,1,122,-12.00,-3435.92,12,0
10/30/2018 14:24:19 ,11,1,2.20000,1,2.23000,3.13000,51.054290,3.709107,1,4043,1,50.599998,1,183.30,1,0.20,1,122,-12.00,-3435.92,12,0
10/30/2018 14:24:21 ,10,1,2.69000,1,5.86000,6.45000,51.054248,3.709106,1,4122,1,50.799999,1,183.30,1,2.87,1,122,-12.00,-3435.92,12,0
10/30/2018 14:24:23 ,10,1,1.76000,1,2.12000,2.76000,51.054241,3.709117,1,4131,1,50.900001,1,183.30,1,1.43,1,122,-12.00,-3435.92,12,0
10/30/2018 14:24:24 ,10,1,1.76000,1,2.12000,2.76000,51.054218,3.709117,1,2324,1,51.200000,1,183.30,1,3.22,1,-126,-9.75,-3485.73,12,1
10/30/2018 14:24:25 ,10,1,1.76000,1,2.13000,2.76000,51.054214,3.709097,1,2401,1,51.400001,1,183.30,1,1.78,1,-126,-9.75,-3485.73,12,0
10/30/2018 14:24:27 ,4,1,2.68000,1,5.85000,6.44000,51.054187,3.709105,1,2430,1,51.599998,1,183.30,1,3.02,1,-126,-9.75,-3485.73,12,0
10/30/2018 14:24:29 ,4,1,2.68000,1,5.85000,6.43000,51.054145,3.709154,1,2424,1,51.700000,1,146.20,1,5.54,1,-126,-9.75,-3485.73,12,0
10/30/2018 14:24:31 ,10,1,2.68000,1,5.85000,6.43000,51.054126,3.709167,1,3024,1,51.700000,1,146.20,1,2.43,1,-126,-9.75,-3485.73,12,0
10/30/2018 14:24:33 ,10,1,2.67000,1,5.84000,6.43000,51.054100,3.709207,1,3044,1,51.700000,1,146.20,1,3.43,1,-126,-9.75,-3485.73,12,0
10/30/2018 14:24:33 ,10,1,2.67000,1,5.84000,6.43000,51.054100,3.709207,1,4104,1,51.700000,1,146.20,1,3.43,1,122,-8.25,-3498.31,12,1
10/30/2018 14:24:34 ,10,1,1.76000,1,2.13000,2.76000,51.054096,3.709225,1,4130,1,51.900001,1,146.20,1,3.65,1,122,-8.25,-3498.31,12,0
10/30/2018 14:24:36 ,10,1,2.67000,1,5.84000,6.42000,51.054096,3.709258,1,4213,1,52.000000,1,146.20,1,2.65,1,122,-8.25,-3498.31,12,0
10/30/2018 14:24:37 ,10,1,2.67000,1,5.84000,6.42000,51.054080,3.709269,1,10001,1,52.000000,1,146.20,1,3.57,1,122,-8.25,-3498.31,12,0
10/30/2018 14:24:38 ,10,1,1.76000,1,2.13000,2.76000,51.054069,3.709249,1,10022,1,52.299999,1,146.20,1,2.57,1,122,-8.25,-3498.31,12,0
10/30/2018 14:24:40 ,10,1,2.67000,1,5.83000,6.41000,51.054031,3.709243,1,10323,1,52.299999,1,146.20,1,2.35,1,122,-8.25,-3498.31,12,0
10/30/2018 14:24:42 ,11,1,2.67000,1,5.83000,6.41000,51.053989,3.709258,1,10400,1,52.299999,1,146.20,1,4.61,1,122,-8.25,-3498.31,12,0
10/30/2018 14:24:44 ,10,1,2.42000,1,2.82000,3.72000,51.053962,3.709288,1,10424,1,52.500000,1,146.20,1,3.85,1,122,-8.25,-3498.31,12,0
10/30/2018 14:24:46 ,11,1,2.42000,1,2.82000,3.71000,51.053913,3.709308,1,11213,1,52.799999,1,147.86,1,2.96,1,122,-8.25,-3498.31,12,0
10/30/2018 14:24:48 ,11,1,2.42000,1,2.82000,3.71000,51.053882,3.709320,1,101,1,53.099998,1,141.61,1,2.89,1,122,-8.25,-3498.31,12,0
10/30/2018 14:24:49 ,11,1,2.42000,1,2.82000,3.71000,51.053871,3.709324,1,242,1,53.299999,1,141.61,1,2.83,1,122,-8.25,-3498.31,12,0
10/30/2018 14:24:50 ,11,1,2.42000,1,2.82000,3.71000,51.053867,3.709344,1,1404,1,53.299999,1,141.61,1,4.52,1,122,-8.25,-3498.31,12,0
10/30/2018 14:24:51 ,11,1,1.36000,1,1.73000,2.20000,51.053867,3.709382,1,2214,1,52.900001,1,99.57,1,4.98,1,122,-8.25,-3498.31,12,0
10/30/2018 14:24:52 ,11,1,1.36000,1,1.73000,2.20000,51.053848,3.709393,1,43,1,52.900001,1,99.57,1,3.41,1,122,-12.25,-3532.91,12,1
10/30/2018 14:24:53 ,11,1,2.42000,1,2.82000,3.71000,51.053821,3.709422,1,242,1,53.000000,1,99.57,1,4.04,1,122,-12.25,-3532.91,12,0
10/30/2018 14:24:54 ,11,1,1.36000,1,1.73000,2.20000,51.053787,3.709442,1,1332,1,53.099998,1,117.11,1,5.35,1,122,-12.25,-3532.91,12,0
10/30/2018 14:24:56 ,11,1,1.36000,1,1.73000,2.20000,51.053730,3.709479,1,2242,1,52.799999,1,145.11,1,5.74,1,122,-12.25,-3532.91,12,0
10/30/2018 14:24:58 ,11,1,1.36000,1,1.73000,2.20000,51.053703,3.709535,1,2322,1,52.099998,1,140.02,1,4.50,1,122,-12.25,-3532.91,12,0
10/30/2018 14:25:00 ,11,1,1.36000,1,1.73000,2.20000,51.053703,3.709609,1,2421,1,51.799999,1,154.49,1,2.96,1,122,-12.25,-3532.91,12,0
10/30/2018 14:25:01 ,11,1,1.36000,1,1.73000,2.20000,51.053699,3.709657,1,403,1,51.299999,1,154.49,1,2.85,1,122,-12.75,-3522.95,12,1
10/30/2018 14:25:02 ,11,1,1.36000,1,1.73000,2.20000,51.053684,3.709667,1,2133,1,50.900001,1,154.49,1,3.46,1,122,-12.75,-3522.95,12,0
10/30/2018 14:25:04 ,11,1,2.41000,1,2.81000,3.70000,51.053684,3.709656,1,2302,1,50.799999,1,154.49,1,0.67,1,122,-12.75,-3522.95,12,0
10/30/2018 14:25:06 ,11,1,1.76000,1,2.13000,2.76000,51.053642,3.709683,1,2323,1,50.200000,1,154.49,1,2.80,1,122,-12.75,-3522.95,12,0
10/30/2018 14:25:08 ,11,1,1.76000,1,2.13000,2.76000,51.053592,3.709717,1,2322,1,49.799999,1,164.39,1,5.46,1,122,-12.75,-3522.95,12,0
10/30/2018 14:25:10 ,11,1,1.35000,1,1.73000,2.20000,51.053558,3.709742,1,2344,1,49.299999,1,162.53,1,5.15,1,122,-12.75,-3522.95,12,0
10/30/2018 14:25:11 ,11,1,1.35000,1,1.73000,2.19000,51.053543,3.709758,1,3140,1,49.099998,1,158.44,1,4.65,1,122,-12.75,-3522.95,12,0
10/30/2018 14:25:13 ,11,1,1.35000,1,1.73000,2.19000,51.053516,3.709768,1,3234,1,47.900001,1,160.95,1,2.98,1,122,-12.75,-3522.95,12,0
10/30/2018 14:25:14 ,11,1,1.35000,1,1.73000,2.19000,51.053501,3.709780,1,4030,1,47.200000,1,160.95,1,3.52,1,122,-12.75,-3522.95,12,0
10/30/2018 14:25:15 ,11,1,1.35000,1,1.73000,2.19000,51.053478,3.709806,1,4040,1,46.799999,1,147.14,1,5.54,1,122,-12.75,-3522.95,12,0
10/30/2018 14:25:17 ,11,1,1.35000,1,1.73000,2.19000,51.053443,3.709836,1,4110,1,45.700000,1,140.72,1,4.98,1,122,-12.75,-3522.95,12,0
10/30/2018 14:25:19 ,11,1,1.35000,1,1.73000,2.19000,51.053417,3.709851,1,4211,1,44.900001,1,140.72,1,3.87,1,122,-12.75,-3522.95,12,0
10/30/2018 14:25:20 ,11,1,1.35000,1,1.73000,2.19000,51.053421,3.709851,1,10001,1,44.200000,1,140.72,1,1.31,1,122,-12.75,-3522.95,12,0
10/30/2018 14:25:22 ,11,1,1.35000,1,1.73000,2.19000,51.053405,3.709864,1,10013,1,43.000000,1,140.72,1,0.93,1,122,-12.75,-3522.95,12,0
10/30/2018 14:25:24 ,11,1,1.35000,1,1.73000,2.19000,51.053379,3.709907,1,10101,1,42.500000,1,140.72,1,3.63,1,122,-12.75,-3522.95,12,0
10/30/2018 14:25:26 ,11,1,1.35000,1,1.73000,2.19000,51.053337,3.709940,1,10044,1,40.099998,1,147.18,1,4.00,1,122,-12.75,-3522.95,12,0
10/30/2018 14:25:28 ,11,1,1.35000,1,1.73000,2.19000,51.053318,3.709949,1,10201,1,39.200000,1,147.18,1,2.85,1,-125,-18.50,-3460.04,12,1
10/30/2018 14:25:28 ,11,1,1.35000,1,1.73000,2.19000,51.053318,3.709949,1,10201,1,39.200000,1,147.18,1,2.85,1,-125,-18.50,-3460.04,12,0
10/30/2018 14:25:30 ,11,1,1.35000,1,1.73000,2.19000,51.053295,3.709947,1,10300,1,37.700000,1,147.18,1,3.56,1,-125,-18.50,-3460.04,12,0
10/30/2018 14:25:32 ,11,1,1.35000,1,1.73000,2.19000,51.053272,3.709935,1,10322,1,36.599998,1,183.17,1,2.69,1,-125,-18.50,-3460.04,12,0
10/30/2018 14:25:34 ,11,1,1.35000,1,1.72000,2.19000,51.053249,3.709944,1,10341,1,35.200000,1,183.17,1,2.19,1,-125,-18.50,-3460.04,12,0
10/30/2018 14:25:36 ,11,1,1.35000,1,1.72000,2.19000,51.053207,3.709932,1,10413,1,33.099998,1,183.17,1,3.43,1,-125,-18.50,-3460.04,12,0
10/30/2018 14:25:38 ,11,1,1.35000,1,1.72000,2.19000,51.053161,3.709943,1,10413,1,33.000000,1,190.69,1,3.17,1,-125,-18.50,-3460.04,12,0
10/30/2018 14:25:40 ,11,1,1.35000,1,1.72000,2.19000,51.053115,3.709997,1,10434,1,33.799999,1,164.09,1,4.44,1,-125,-18.50,-3460.04,12,0
10/30/2018 14:25:42 ,11,1,1.35000,1,1.72000,2.19000,51.053081,3.710040,1,11010,1,34.299999,1,159.14,1,4.96,1,-125,-18.50,-3460.04,12,0
10/30/2018 14:25:45 ,11,1,1.35000,1,1.72000,2.19000,51.053031,3.710057,1,104,1,33.400001,1,180.00,1,3.00,1,-125,-18.50,-3460.04,12,0
10/30/2018 14:25:46 ,11,1,1.35000,1,1.72000,2.19000,51.053028,3.710055,1,413,1,32.700000,1,180.00,1,1.76,1,-125,-18.50,-3460.04,12,0
10/30/2018 14:25:47 ,11,1,1.35000,1,1.72000,2.19000,51.053028,3.710048,1,2043,1,32.000000,1,180.00,1,1.46,1,-125,-18.50,-3460.04,12,0
10/30/2018 14:25:48 ,11,1,1.35000,1,1.72000,2.19000,51.053028,3.710055,1,3020,1,31.899999,1,180.00,1,0.65,1,-125,-18.50,-3460.04,12,0
10/30/2018 14:25:50 ,11,1,1.35000,1,1.72000,2.19000,51.053035,3.710055,1,3020,1,33.000000,1,36.84,1,1.46,1,-125,-18.50,-3460.04,12,0
10/30/2018 14:25:52 ,11,1,1.35000,1,1.72000,2.19000,51.053031,3.710056,1,3112,1,34.299999,1,24.52,1,0.35,1,-125,-18.50,-3460.04,12,0
10/30/2018 14:25:54 ,11,1,1.35000,1,1.72000,2.19000,51.053024,3.710054,1,3410,1,35.099998,1,24.52,1,0.52,1,-125,-18.50,-3460.04,12,0
10/30/2018 14:25:56 ,10,1,2.39000,1,2.80000,3.68000,51.053024,3.710055,1,1443,1,35.700000,1,24.52,1,0.20,1,-125,-16.50,-3505.13,12,1
10/30/2018 14:25:56 ,10,1,2.39000,1,2.80000,3.68000,51.053024,3.710055,1,1443,1,35.700000,1,24.52,1,0.20,1,-125,-16.50,-3505.13,12,0
10/30/2018 14:25:58 ,11,1,1.35000,1,1.72000,2.19000,51.053020,3.710054,1,2300,1,37.200000,1,24.52,1,0.11,1,-125,-16.50,-3505.13,12,0
10/30/2018 14:26:00 ,11,1,1.35000,1,1.72000,2.19000,51.053024,3.710054,1,2321,1,37.900001,1,24.52,1,0.00,1,-125,-16.50,-3505.13,12,0
10/30/2018 14:26:02 ,11,1,1.35000,1,1.72000,2.19000,51.053024,3.710053,1,2403,1,37.799999,1,24.52,1,0.39,1,-125,-16.50,-3505.13,12,0
10/30/2018 14:26:04 ,11,1,1.35000,1,1.72000,2.19000,51.053028,3.710049,1,2430,1,38.500000,1,24.52,1,0.22,1,-125,-16.50,-3505.13,12,0
10/30/2018 14:26:05 ,11,1,1.35000,1,1.72000,2.18000,51.053028,3.710048,1,3224,1,39.099998,1,24.52,1,0.26,1,123,-12.50,-3455.32,12,1
10/30/2018 14:26:05 ,11,1,1.35000,1,1.72000,2.18000,51.053028,3.710048,1,3224,1,39.099998,1,24.52,1,0.26,1,123,-12.50,-3455.32,12,0
10/30/2018 14:26:07 ,11,1,1.35000,1,1.72000,2.18000,51.053031,3.710043,1,3324,1,41.000000,1,24.52,1,0.09,1,123,-12.50,-3455.32,12,0
10/30/2018 14:26:09 ,11,1,1.34000,1,1.72000,2.18000,51.053039,3.710037,1,3343,1,43.200000,1,24.52,1,0.13,1,123,-12.50,-3455.32,12,0
10/30/2018 14:26:08 ,11,1,1.34000,1,1.72000,2.18000,51.053039,3.710034,1,3423,1,41.500000,1,24.52,1,0.39,1,123,-12.50,-3455.32,12,0
10/30/2018 14:26:10 ,11,1,1.34000,1,1.72000,2.18000,51.053039,3.710031,1,4044,1,40.799999,1,24.52,1,0.35,1,123,-12.50,-3455.32,12,0
10/30/2018 14:26:11 ,11,1,1.34000,1,1.72000,2.18000,51.053035,3.710030,1,10004,1,40.099998,1,24.52,1,0.61,1,122,-12.25,-3461.61,12,1
10/30/2018 14:26:11 ,11,1,1.34000,1,1.72000,2.18000,51.053035,3.710030,1,10004,1,40.099998,1,24.52,1,0.61,1,122,-12.25,-3461.61,12,0
10/30/2018 14:26:13 ,11,1,2.38000,1,2.79000,3.67000,51.053031,3.710030,1,10043,1,37.900001,1,24.52,1,0.28,1,122,-12.25,-3461.61,12,0
10/30/2018 14:26:15 ,11,1,1.75000,1,2.14000,2.76000,51.053039,3.710029,1,10401,1,39.900001,1,24.52,1,0.39,1,122,-12.25,-3461.61,12,0
10/30/2018 14:26:17 ,11,1,1.34000,1,1.72000,2.18000,51.053050,3.710024,1,10424,1,43.099998,1,24.52,1,1.02,1,122,-12.25,-3461.61,12,0
10/30/2018 14:26:18 ,11,1,1.34000,1,1.72000,2.18000,51.053047,3.710022,1,11214,1,42.400001,1,24.52,1,0.26,1,122,-12.25,-3461.61,12,0
10/30/2018 14:26:19 ,11,1,1.34000,1,1.72000,2.18000,51.053050,3.710021,1,11232,1,42.599998,1,24.52,1,0.11,1,122,-12.25,-3461.61,12,0
10/30/2018 14:26:21 ,11,1,1.75000,1,1.72000,2.18000,51.053066,3.710019,1,21,1,41.299999,1,24.52,1,0.11,1,122,-12.25,-3461.61,12,0
10/30/2018 14:26:22 ,11,1,1.75000,1,2.14000,2.76000,51.053066,3.710017,1,1141,1,40.900001,1,24.52,1,0.07,1,122,-12.25,-3461.61,12,0
10/30/2018 14:26:24 ,11,1,2.56000,1,5.68000,6.23000,51.053070,3.710016,1,2240,1,38.900001,1,24.52,1,0.09,1,122,-12.25,-3461.61,12,0
10/30/2018 14:26:25 ,11,1,2.56000,1,5.68000,6.23000,51.053077,3.710017,1,3024,1,37.599998,1,24.52,1,0.13,1,122,-12.25,-3461.61,12,0
10/30/2018 14:26:27 ,11,1,2.37000,1,2.79000,3.66000,51.053085,3.710017,1,3102,1,36.900001,1,24.52,1,0.20,1,122,-12.25,-3461.61,12,0
10/30/2018 14:26:29 ,11,1,1.34000,1,1.72000,2.18000,51.053089,3.710018,1,3121,1,36.500000,1,24.52,1,0.28,1,122,-12.25,-3461.61,12,0
10/30/2018 14:26:30 ,11,1,1.75000,1,2.14000,2.76000,51.053096,3.710018,1,3144,1,36.799999,1,24.52,1,0.50,1,122,-12.25,-3461.61,12,0
10/30/2018 14:26:32 ,11,1,1.75000,1,2.14000,2.76000,51.053096,3.710018,1,3214,1,36.400001,1,24.52,1,0.37,1,122,-12.25,-3461.61,12,0
10/30/2018 14:26:33 ,11,1,1.75000,1,2.14000,2.76000,51.053096,3.710020,1,3301,1,35.799999,1,24.52,1,0.54,1,122,-12.25,-3461.61,12,0
10/30/2018 14:26:35 ,11,1,1.75000,1,2.14000,2.76000,51.053108,3.710024,1,3323,1,34.599998,1,24.52,1,1.26,1,122,-12.25,-3461.61,12,0
10/30/2018 14:26:37 ,10,1,2.36000,1,2.79000,3.65000,51.053108,3.710023,1,3400,1,35.500000,1,24.52,1,0.37,1,122,-12.25,-3461.61,12,0
10/30/2018 14:26:39 ,11,1,2.55000,1,5.66000,6.21000,51.053112,3.710024,1,1304,1,35.900001,1,24.52,1,0.30,1,122,-10.00,-3488.87,12,1
10/30/2018 14:26:39 ,11,1,2.55000,1,5.66000,6.21000,51.053112,3.710024,1,1304,1,35.900001,1,24.52,1,0.30,1,122,-10.00,-3488.87,12,0
10/30/2018 14:26:41 ,11,1,1.34000,1,1.72000,2.18000,51.053115,3.710028,1,2300,1,36.099998,1,24.52,1,0.89,1,122,-10.00,-3488.87,12,0
10/30/2018 14:26:43 ,11,1,1.34000,1,1.72000,2.18000,51.053104,3.710033,1,2304,1,34.500000,1,24.52,1,0.20,1,122,-10.00,-3488.87,12,0
10/30/2018 14:26:45 ,11,1,1.75000,1,2.14000,2.76000,51.053100,3.710037,1,2402,1,32.500000,1,24.52,1,0.09,1,122,-10.00,-3488.87,12,0
10/30/2018 14:26:47 ,11,1,1.34000,1,1.72000,2.18000,51.053100,3.710041,1,2421,1,31.100000,1,24.52,1,0.28,1,122,-10.00,-3488.87,12,0
10/30/2018 14:26:49 ,11,1,1.34000,1,1.72000,2.18000,51.053100,3.710044,1,2442,1,29.899999,1,24.52,1,0.19,1,122,-10.00,-3488.87,12,0
10/30/2018 14:26:50 ,11,1,1.34000,1,1.72000,2.18000,51.053100,3.710046,1,3233,1,29.100000,1,24.52,1,0.09,1,122,-10.00,-3488.87,12,0
10/30/2018 14:26:52 ,11,1,1.34000,1,1.72000,2.18000,51.053092,3.710048,1,3313,1,27.500000,1,24.52,1,0.50,1,122,-10.00,-3488.87,12,0
10/30/2018 14:26:53 ,11,1,1.34000,1,1.72000,2.18000,51.053096,3.710051,1,4110,1,27.299999,1,24.52,1,0.48,1,122,-10.00,-3488.87,12,0
10/30/2018 14:26:55 ,11,1,1.34000,1,1.72000,2.18000,51.053096,3.710055,1,4133,1,26.899999,1,24.52,1,0.09,1,122,-10.00,-3488.87,12,0
10/30/2018 14:26:57 ,11,1,1.34000,1,1.72000,2.17000,51.053085,3.710056,1,4202,1,26.700000,1,24.52,1,0.30,1,122,-10.00,-3488.87,12,0
