00/00/2000 00:00:00 ,0,0,0.00000,0,0.00000,0.00000,0.000000,0.000000,0,0,0,0.000000,0,0.00,0,0.00,0,-121,2.00,-41.94,7,1
10/30/2018 13:16:18 ,0,1,99.99000,1,99.99000,99.99000,0.000000,0.000000,0,32244002423140,0,0.000000,0,0.00,0,0.00,0,-121,2.00,2139.09,7,0
10/30/2018 13:16:20 ,0,1,99.99000,1,99.99000,99.99000,0.000000,0.000000,0,32244002423140,0,0.000000,0,0.00,0,0.00,0,-121,2.00,-92.27,7,0
10/30/2018 13:16:21 ,0,1,99.99000,1,99.99000,99.99000,0.000000,0.000000,0,32244002423140,0,0.000000,0,0.00,0,0.00,0,-121,2.00,2088.76,7,0
10/30/2018 13:16:23 ,0,1,99.99000,1,99.99000,99.99000,0.000000,0.000000,0,32244002423140,0,0.000000,0,0.00,0,0.00,0,-121,2.00,-109.05,7,0
10/30/2018 13:16:24 ,0,1,99.99000,1,99.99000,99.99000,0.000000,0.000000,0,32244002423140,0,0.000000,0,0.00,0,0.00,0,-121,2.00,2071.99,7,0
10/30/2018 13:16:26 ,0,1,99.99000,1,99.99000,99.99000,0.000000,0.000000,0,32244002423140,0,0.000000,0,0.00,0,0.00,0,-121,2.00,2071.99,7,0
10/30/2018 13:16:27 ,0,1,99.99000,1,99.99000,99.99000,0.000000,0.000000,0,32244002423140,0,0.000000,0,0.00,0,0.00,0,-121,2.00,2021.65,7,0
10/30/2018 13:16:29 ,0,1,99.99000,1,99.99000,99.99000,0.000000,0.000000,0,32244002423140,0,0.000000,0,0.00,0,0.00,0,-121,2.00,2021.65,7,0
10/30/2018 13:16:30 ,0,1,99.99000,1,99.99000,99.99000,0.000000,0.000000,0,32244002423140,0,0.000000,0,0.00,0,0.00,0,-121,2.00,-142.61,7,0
10/30/2018 13:16:32 ,0,1,99.99000,1,99.99000,99.99000,0.000000,0.000000,0,32244002423140,0,0.000000,0,0.00,0,0.00,0,-121,2.00,2021.65,7,0
10/30/2018 13:16:33 ,0,1,99.99000,1,99.99000,99.99000,0.000000,0.000000,0,32244002423140,0,0.000000,0,0.00,0,0.00,0,-121,2.00,-209.72,7,0
10/30/2018 13:16:35 ,0,1,99.99000,1,99.99000,99.99000,0.000000,0.000000,0,32244002423140,0,0.000000,0,0.00,0,0.00,0,-121,2.00,1971.32,7,0
