10/30/2018 12:10:34 ,0,1,99.99000,1,99.99000,99.99000,0.000000,0.000000,0,32244002423140,0,0.000000,0,0.00,0,0.00,0,0,0.00,3397.39,0,0
10/30/2018 12:10:34 ,0,1,99.99000,1,99.99000,99.99000,0.000000,0.000000,0,32244002423140,0,0.000000,0,0.00,0,0.00,0,-120,2.50,3397.39,7,1
10/30/2018 12:10:35 ,0,1,99.99000,1,99.99000,99.99000,0.000000,0.000000,0,32244002423140,0,0.000000,0,0.00,0,0.00,0,-120,2.50,3397.39,7,0
10/30/2018 12:10:35 ,0,1,99.99000,1,99.99000,99.99000,0.000000,0.000000,0,32244002423140,0,0.000000,0,0.00,0,0.00,0,-121,2.00,3330.28,7,1
10/30/2018 12:10:36 ,0,1,99.99000,1,99.99000,99.99000,0.000000,0.000000,0,32244002423140,0,0.000000,0,0.00,0,0.00,0,-121,2.00,3330.28,7,0
10/30/2018 12:10:37 ,0,1,99.99000,1,99.99000,99.99000,0.000000,0.000000,0,32244002423140,0,0.000000,0,0.00,0,0.00,0,-121,2.00,3330.28,7,0
10/30/2018 12:10:39 ,0,1,99.99000,1,99.99000,99.99000,0.000000,0.000000,0,32244002423140,0,0.000000,0,0.00,0,0.00,0,-121,2.00,3330.28,7,0
10/30/2018 12:10:41 ,0,1,99.99000,1,99.99000,99.99000,0.000000,0.000000,0,32244002423140,0,0.000000,0,0.00,0,0.00,0,-121,2.00,3330.28,7,0
10/30/2018 12:10:43 ,0,1,99.99000,1,99.99000,99.99000,0.000000,0.000000,0,32244002423140,0,0.000000,0,0.00,0,0.00,0,-121,2.00,3330.28,7,0
10/30/2018 12:10:46 ,0,1,99.99000,1,99.99000,99.99000,0.000000,0.000000,0,32244002423140,0,0.000000,0,0.00,0,0.00,0,-121,2.00,3330.28,7,0
10/30/2018 12:10:47 ,0,1,99.99000,1,99.99000,99.99000,0.000000,0.000000,0,32244002423140,0,0.000000,0,0.00,0,0.00,0,-121,2.00,3330.28,7,0
10/30/2018 12:10:48 ,0,1,99.99000,1,99.99000,99.99000,0.000000,0.000000,0,32244002423140,0,0.000000,0,0.00,0,0.00,0,-121,2.00,3330.28,7,0
10/30/2018 12:10:49 ,0,1,99.99000,1,99.99000,99.99000,0.000000,0.000000,0,32244002423140,0,0.000000,0,0.00,0,0.00,0,127,2.25,-2292.45,12,1
10/30/2018 12:10:49 ,0,1,99.99000,1,99.99000,99.99000,0.000000,0.000000,0,32244002423140,0,0.000000,0,0.00,0,0.00,0,127,2.25,-2292.45,12,0
10/30/2018 12:10:51 ,0,1,99.99000,1,99.99000,99.99000,0.000000,0.000000,0,32244002423140,0,0.000000,0,0.00,0,0.00,0,127,2.25,-2292.45,12,0
10/30/2018 12:10:53 ,0,1,99.99000,1,99.99000,99.99000,0.000000,0.000000,0,32244002423140,0,0.000000,0,0.00,0,0.00,0,127,2.25,-2292.45,12,0
10/30/2018 12:10:54 ,0,1,99.99000,1,99.99000,99.99000,0.000000,0.000000,0,32244002423140,0,0.000000,0,0.00,0,0.00,0,127,2.25,-2292.45,12,0
10/30/2018 12:10:55 ,0,1,99.99000,1,99.99000,99.99000,0.000000,0.000000,0,32244002423140,0,0.000000,0,0.00,0,0.00,0,127,2.25,-2292.45,12,0
10/30/2018 12:10:57 ,0,1,99.99000,1,99.99000,99.99000,0.000000,0.000000,0,32244002423140,0,0.000000,0,0.00,0,0.00,0,127,2.25,-2292.45,12,0
10/30/2018 12:10:59 ,0,1,99.99000,1,99.99000,99.99000,0.000000,0.000000,0,32244002423140,0,0.000000,0,0.00,0,0.00,0,125,2.00,-2382.63,12,1
10/30/2018 12:10:59 ,0,1,99.99000,1,99.99000,99.99000,0.000000,0.000000,0,32244002423140,0,0.000000,0,0.00,0,0.00,0,125,2.00,-2382.63,12,0
10/30/2018 12:11:00 ,0,1,99.99000,1,99.99000,99.99000,0.000000,0.000000,0,32244002423140,0,0.000000,0,0.00,0,0.00,0,125,2.00,-2382.63,12,0
10/30/2018 12:11:02 ,0,1,99.99000,1,99.99000,99.99000,0.000000,0.000000,0,32244002423140,0,0.000000,0,0.00,0,0.00,0,125,2.00,-2382.63,12,0
10/30/2018 12:11:03 ,0,1,99.99000,1,99.99000,99.99000,0.000000,0.000000,0,32244002423140,0,0.000000,0,0.00,0,0.00,0,125,2.00,-2382.63,12,0
10/30/2018 12:11:05 ,0,1,99.99000,1,99.99000,99.99000,0.000000,0.000000,0,32244002423140,0,0.000000,0,0.00,0,0.00,0,125,2.00,-2382.63,12,0
10/30/2018 12:11:07 ,0,1,99.99000,1,99.99000,99.99000,0.000000,0.000000,0,32244002423140,0,0.000000,0,0.00,0,0.00,0,125,2.00,-2382.63,12,0
10/30/2018 12:11:08 ,0,1,99.99000,1,99.99000,99.99000,0.000000,0.000000,0,32244002423140,0,0.000000,0,0.00,0,0.00,0,-118,3.50,2843.74,7,1
10/30/2018 12:11:09 ,0,1,99.99000,1,99.99000,99.99000,0.000000,0.000000,0,32244002423140,0,0.000000,0,0.00,0,0.00,0,-118,3.50,2843.74,7,0
10/30/2018 12:11:10 ,0,1,99.99000,1,99.99000,99.99000,0.000000,0.000000,0,32244002423140,0,0.000000,0,0.00,0,0.00,0,-121,2.25,2810.18,7,1
10/30/2018 12:11:11 ,0,1,99.99000,1,99.99000,99.99000,0.000000,0.000000,0,32244002423140,0,0.000000,0,0.00,0,0.00,0,-121,2.25,2810.18,7,0
10/30/2018 12:11:12 ,0,1,99.99000,1,99.99000,99.99000,0.000000,0.000000,0,32244002423140,0,0.000000,0,0.00,0,0.00,0,-121,2.25,2810.18,7,0
10/30/2018 12:11:14 ,0,1,99.99000,1,99.99000,99.99000,0.000000,0.000000,0,32244002423140,0,0.000000,0,0.00,0,0.00,0,-121,2.25,2810.18,7,0
10/30/2018 12:11:15 ,0,1,99.99000,1,99.99000,99.99000,0.000000,0.000000,0,32244002423140,0,0.000000,0,0.00,0,0.00,0,-121,2.25,2810.18,7,0
10/30/2018 12:11:17 ,0,1,99.99000,1,99.99000,99.99000,0.000000,0.000000,0,32244002423140,0,0.000000,0,0.00,0,0.00,0,-121,2.25,2810.18,7,0
10/30/2018 12:11:18 ,0,1,99.99000,1,99.99000,99.99000,0.000000,0.000000,0,32244002423140,0,0.000000,0,0.00,0,0.00,0,-121,2.25,2810.18,7,0
10/30/2018 12:11:19 ,0,1,99.99000,1,99.99000,99.99000,0.000000,0.000000,0,32244002423140,0,0.000000,0,0.00,0,0.00,0,-121,2.25,2810.18,7,0
10/30/2018 12:11:20 ,0,1,99.99000,1,99.99000,99.99000,0.000000,0.000000,0,32244002423140,0,0.000000,0,0.00,0,0.00,0,-121,2.25,2810.18,7,0
10/30/2018 12:11:22 ,0,1,99.99000,1,99.99000,99.99000,0.000000,0.000000,0,32244002423140,0,0.000000,0,0.00,0,0.00,0,-121,2.25,2810.18,7,0
10/30/2018 12:11:23 ,0,1,99.99000,1,99.99000,99.99000,0.000000,0.000000,0,32244002423140,0,0.000000,0,0.00,0,0.00,0,-121,2.25,2810.18,7,0
10/30/2018 12:11:25 ,0,1,99.99000,1,99.99000,99.99000,0.000000,0.000000,0,32244002423140,0,0.000000,0,0.00,0,0.00,0,-121,2.25,2810.18,7,0
10/30/2018 12:11:26 ,0,1,99.99000,1,99.99000,99.99000,0.000000,0.000000,0,32244002423140,0,0.000000,0,0.00,0,0.00,0,-121,2.25,2810.18,7,0
10/30/2018 12:11:26 ,0,1,99.99000,1,99.99000,99.99000,0.000000,0.000000,0,32244002423140,0,0.000000,0,0.00,0,0.00,0,127,1.75,-2573.47,12,1
10/30/2018 12:11:27 ,0,1,99.99000,1,99.99000,99.99000,0.000000,0.000000,0,32244002423140,0,0.000000,0,0.00,0,0.00,0,127,1.75,-2573.47,12,0
10/30/2018 12:11:29 ,0,1,99.99000,1,99.99000,99.99000,0.000000,0.000000,0,32244002423140,0,0.000000,0,0.00,0,0.00,0,127,1.75,-2573.47,12,0
10/30/2018 12:11:31 ,0,1,99.99000,1,99.99000,99.99000,0.000000,0.000000,0,32244002423140,0,0.000000,0,0.00,0,0.00,0,127,1.75,-2573.47,12,0
10/30/2018 12:11:33 ,0,1,99.99000,1,99.99000,99.99000,0.000000,0.000000,0,32244002423140,0,0.000000,0,0.00,0,0.00,0,127,1.75,-2573.47,12,0
10/30/2018 12:11:35 ,0,1,99.99000,1,99.99000,99.99000,0.000000,0.000000,0,32244002423140,0,0.000000,0,0.00,0,0.00,0,127,1.75,-2573.47,12,0
10/30/2018 12:11:35 ,0,1,99.99000,1,99.99000,99.99000,0.000000,0.000000,0,32244002423140,0,0.000000,0,0.00,0,0.00,0,-124,4.00,-2608.59,12,1
10/30/2018 12:11:36 ,0,1,99.99000,1,99.99000,99.99000,0.000000,0.000000,0,32244002423140,0,0.000000,0,0.00,0,0.00,0,-124,4.00,-2608.59,12,0
10/30/2018 12:11:38 ,0,1,99.99000,1,99.99000,99.99000,0.000000,0.000000,0,32244002423140,0,0.000000,0,0.00,0,0.00,0,-124,4.00,-2608.59,12,0
10/30/2018 12:11:40 ,0,1,99.99000,1,99.99000,99.99000,0.000000,0.000000,0,32244002423140,0,0.000000,0,0.00,0,0.00,0,-124,4.00,-2608.59,12,0
10/30/2018 12:11:42 ,0,1,99.99000,1,99.99000,99.99000,0.000000,0.000000,0,32244002423140,0,0.000000,0,0.00,0,0.00,0,-119,3.75,2675.97,7,1
10/30/2018 12:11:42 ,0,1,99.99000,1,99.99000,99.99000,0.000000,0.000000,0,32244002423140,0,0.000000,0,0.00,0,0.00,0,-119,3.75,2675.97,7,0
10/30/2018 12:11:44 ,0,1,99.99000,1,99.99000,99.99000,0.000000,0.000000,0,32244002423140,0,0.000000,0,0.00,0,0.00,0,-111,6.25,2692.74,7,1
10/30/2018 12:11:44 ,0,1,99.99000,1,99.99000,99.99000,0.000000,0.000000,0,32244002423140,0,0.000000,0,0.00,0,0.00,0,-111,6.25,2692.74,7,0
10/30/2018 12:11:45 ,0,1,99.99000,1,99.99000,99.99000,0.000000,0.000000,0,32244002423140,0,0.000000,0,0.00,0,0.00,0,-111,6.25,2692.74,7,0
10/30/2018 12:11:46 ,0,1,99.99000,1,99.99000,99.99000,0.000000,0.000000,0,32244002423140,0,0.000000,0,0.00,0,0.00,0,-111,6.25,2692.74,7,0
10/30/2018 12:11:48 ,0,1,99.99000,1,99.99000,99.99000,0.000000,0.000000,0,32244002423140,0,0.000000,0,0.00,0,0.00,0,-111,6.25,2692.74,7,0
10/30/2018 12:11:49 ,0,1,99.99000,1,99.99000,99.99000,0.000000,0.000000,0,32244002423140,0,0.000000,0,0.00,0,0.00,0,-111,6.25,2692.74,7,0
10/30/2018 12:11:51 ,0,1,99.99000,1,99.99000,99.99000,0.000000,0.000000,0,32244002423140,0,0.000000,0,0.00,0,0.00,0,-111,6.25,2692.74,7,0
10/30/2018 12:11:52 ,0,1,99.99000,1,99.99000,99.99000,0.000000,0.000000,0,32244002423140,0,0.000000,0,0.00,0,0.00,0,-111,6.25,2692.74,7,0
10/30/2018 12:11:54 ,0,1,99.99000,1,99.99000,99.99000,0.000000,0.000000,0,32244002423140,0,0.000000,0,0.00,0,0.00,0,-122,4.25,-2661.02,12,1
10/30/2018 12:11:54 ,0,1,99.99000,1,99.99000,99.99000,0.000000,0.000000,0,32244002423140,0,0.000000,0,0.00,0,0.00,0,-122,4.25,-2661.02,12,0
10/30/2018 12:11:55 ,0,1,99.99000,1,99.99000,99.99000,0.000000,0.000000,0,32244002423140,0,0.000000,0,0.00,0,0.00,0,-122,4.25,-2661.02,12,0
10/30/2018 12:11:56 ,0,1,99.99000,1,99.99000,99.99000,0.000000,0.000000,0,32244002423140,0,0.000000,0,0.00,0,0.00,0,-122,4.25,-2661.02,12,0
10/30/2018 12:11:57 ,0,1,99.99000,1,99.99000,99.99000,0.000000,0.000000,0,32244002423140,0,0.000000,0,0.00,0,0.00,0,-122,4.25,-2661.02,12,0
10/30/2018 12:11:58 ,0,1,99.99000,1,99.99000,99.99000,0.000000,0.000000,0,32244002423140,0,0.000000,0,0.00,0,0.00,0,-122,4.25,-2661.02,12,0
10/30/2018 12:12:00 ,0,1,99.99000,1,99.99000,99.99000,0.000000,0.000000,0,32244002423140,0,0.000000,0,0.00,0,0.00,0,-122,4.25,-2661.02,12,0
10/30/2018 12:12:02 ,0,1,99.99000,1,99.99000,99.99000,0.000000,0.000000,0,32244002423140,0,0.000000,0,0.00,0,0.00,0,-122,4.25,-2661.02,12,0
10/30/2018 12:12:03 ,0,1,99.99000,1,99.99000,99.99000,0.000000,0.000000,0,32244002423140,0,0.000000,0,0.00,0,0.00,0,-120,5.25,-2681.47,12,1
10/30/2018 12:12:04 ,0,1,99.99000,1,99.99000,99.99000,0.000000,0.000000,0,32244002423140,0,0.000000,0,0.00,0,0.00,0,-120,5.25,-2681.47,12,0
10/30/2018 12:12:06 ,0,1,99.99000,1,99.99000,99.99000,0.000000,0.000000,0,32244002423140,0,0.000000,0,0.00,0,0.00,0,-120,5.25,-2681.47,12,0
10/30/2018 12:12:08 ,0,1,99.99000,1,99.99000,99.99000,0.000000,0.000000,0,32244002423140,0,0.000000,0,0.00,0,0.00,0,-120,5.25,-2681.47,12,0
10/30/2018 12:12:10 ,0,1,99.99000,1,99.99000,99.99000,0.000000,0.000000,0,32244002423140,0,0.000000,0,0.00,0,0.00,0,-120,5.25,-2681.47,12,0
10/30/2018 12:12:12 ,0,1,99.99000,1,99.99000,99.99000,0.000000,0.000000,0,32244002423140,0,0.000000,0,0.00,0,0.00,0,-120,5.00,-2720.27,12,1
10/30/2018 12:12:12 ,0,1,99.99000,1,99.99000,99.99000,0.000000,0.000000,0,32244002423140,0,0.000000,0,0.00,0,0.00,0,-120,5.00,-2720.27,12,0
10/30/2018 12:12:14 ,0,1,99.99000,1,99.99000,99.99000,0.000000,0.000000,0,32244002423140,0,0.000000,0,0.00,0,0.00,0,-120,5.00,-2720.27,12,0
10/30/2018 12:12:16 ,0,1,99.99000,1,99.99000,99.99000,0.000000,0.000000,0,32244002423140,0,0.000000,0,0.00,0,0.00,0,-120,5.00,-2720.27,12,0
10/30/2018 12:12:16 ,0,1,99.99000,1,99.99000,99.99000,0.000000,0.000000,0,32244002423140,0,0.000000,0,0.00,0,0.00,0,-108,6.25,2575.30,7,1
10/30/2018 12:12:17 ,0,1,99.99000,1,99.99000,99.99000,0.000000,0.000000,0,32244002423140,0,0.000000,0,0.00,0,0.00,0,-108,6.25,2575.30,7,0
10/30/2018 12:12:18 ,0,1,99.99000,1,99.99000,99.99000,0.000000,0.000000,0,32244002423140,0,0.000000,0,0.00,0,0.00,0,-107,6.50,2558.53,7,1
10/30/2018 12:12:19 ,0,1,99.99000,1,99.99000,99.99000,0.000000,0.000000,0,32244002423140,0,0.000000,0,0.00,0,0.00,0,-107,6.50,2558.53,7,0
10/30/2018 12:12:19 ,0,1,99.99000,1,99.99000,99.99000,0.000000,0.000000,0,32244002423140,0,0.000000,0,0.00,0,0.00,0,-108,6.25,2558.53,7,1
10/30/2018 12:12:20 ,0,1,99.99000,1,99.99000,99.99000,0.000000,0.000000,0,32244002423140,0,0.000000,0,0.00,0,0.00,0,-108,6.25,2558.53,7,0
10/30/2018 12:12:22 ,0,1,99.99000,1,99.99000,99.99000,0.000000,0.000000,0,32244002423140,0,0.000000,0,0.00,0,0.00,0,-108,6.25,2558.53,7,0
10/30/2018 12:12:23 ,0,1,99.99000,1,99.99000,99.99000,0.000000,0.000000,0,32244002423140,0,0.000000,0,0.00,0,0.00,0,-108,6.25,2558.53,7,0
10/30/2018 12:12:25 ,0,1,99.99000,1,99.99000,99.99000,0.000000,0.000000,0,32244002423140,0,0.000000,0,0.00,0,0.00,0,-108,6.25,2558.53,7,0
10/30/2018 12:12:27 ,0,1,99.99000,1,99.99000,99.99000,0.000000,0.000000,0,32244002423140,0,0.000000,0,0.00,0,0.00,0,-108,6.25,2558.53,7,0
10/30/2018 12:12:29 ,0,1,99.99000,1,99.99000,99.99000,0.000000,0.000000,0,32244002423140,0,0.000000,0,0.00,0,0.00,0,-108,6.25,2558.53,7,0
10/30/2018 12:12:31 ,0,1,99.99000,1,99.99000,99.99000,0.000000,0.000000,0,32244002423140,0,0.000000,0,0.00,0,0.00,0,-123,4.25,-2816.74,12,1
10/30/2018 12:12:31 ,0,1,99.99000,1,99.99000,99.99000,0.000000,0.000000,0,32244002423140,0,0.000000,0,0.00,0,0.00,0,-123,4.25,-2816.74,12,0
10/30/2018 12:12:32 ,0,1,99.99000,1,99.99000,99.99000,0.000000,0.000000,0,32244002423140,0,0.000000,0,0.00,0,0.00,0,-123,4.25,-2816.74,12,0
10/30/2018 12:12:33 ,0,1,99.99000,1,99.99000,99.99000,0.000000,0.000000,0,32244002423140,0,0.000000,0,0.00,0,0.00,0,-123,4.25,-2816.74,12,0
10/30/2018 12:12:35 ,0,1,99.99000,1,99.99000,99.99000,0.000000,0.000000,0,32244002423140,0,0.000000,0,0.00,0,0.00,0,-123,4.25,-2816.74,12,0
10/30/2018 12:12:37 ,0,1,99.99000,1,99.99000,99.99000,0.000000,0.000000,0,32244002423140,0,0.000000,0,0.00,0,0.00,0,-123,4.25,-2816.74,12,0
10/30/2018 12:12:39 ,0,1,99.99000,1,99.99000,99.99000,0.000000,0.000000,0,32244002423140,0,0.000000,0,0.00,0,0.00,0,-123,4.25,-2816.74,12,0
10/30/2018 12:12:40 ,0,1,99.99000,1,99.99000,99.99000,0.000000,0.000000,0,32244002423140,0,0.000000,0,0.00,0,0.00,0,-124,3.50,-2832.47,12,1
10/30/2018 12:12:41 ,0,1,99.99000,1,99.99000,99.99000,0.000000,0.000000,0,32244002423140,0,0.000000,0,0.00,0,0.00,0,-124,3.50,-2832.47,12,0
10/30/2018 12:12:43 ,0,1,99.99000,1,99.99000,99.99000,0.000000,0.000000,0,32244002423140,0,0.000000,0,0.00,0,0.00,0,-124,3.50,-2832.47,12,0
10/30/2018 12:12:45 ,0,1,99.99000,1,99.99000,99.99000,0.000000,0.000000,0,32244002423140,0,0.000000,0,0.00,0,0.00,0,-124,3.50,-2832.47,12,0
10/30/2018 12:12:47 ,0,1,99.99000,1,99.99000,99.99000,0.000000,0.000000,0,32244002423140,0,0.000000,0,0.00,0,0.00,0,-124,3.50,-2832.47,12,0
10/30/2018 12:12:49 ,0,1,99.99000,1,99.99000,99.99000,0.000000,0.000000,0,32244002423140,0,0.000000,0,0.00,0,0.00,0,-114,4.75,-2861.30,12,1
10/30/2018 12:12:49 ,0,1,99.99000,1,99.99000,99.99000,0.000000,0.000000,0,32244002423140,0,0.000000,0,0.00,0,0.00,0,-114,4.75,-2861.30,12,0
10/30/2018 12:12:50 ,0,1,99.99000,1,99.99000,99.99000,0.000000,0.000000,0,32244002423140,0,0.000000,0,0.00,0,0.00,0,-101,6.00,2441.08,7,1
10/30/2018 12:12:50 ,0,1,99.99000,1,99.99000,99.99000,0.000000,0.000000,0,32244002423140,0,0.000000,0,0.00,0,0.00,0,-101,6.00,2441.08,7,0
10/30/2018 12:12:52 ,0,1,99.99000,1,99.99000,99.99000,0.000000,0.000000,0,32244002423140,0,0.000000,0,0.00,0,0.00,0,-101,6.00,2441.08,7,0
10/30/2018 12:12:52 ,0,1,99.99000,1,99.99000,99.99000,0.000000,0.000000,0,32244002423140,0,0.000000,0,0.00,0,0.00,0,-97,6.00,2441.08,7,1
10/30/2018 12:12:53 ,0,1,99.99000,1,99.99000,99.99000,0.000000,0.000000,0,32244002423140,0,0.000000,0,0.00,0,0.00,0,-97,6.00,2441.08,7,0
10/30/2018 12:12:54 ,0,1,99.99000,1,99.99000,99.99000,0.000000,0.000000,0,32244002423140,0,0.000000,0,0.00,0,0.00,0,-97,6.00,2441.08,7,0
10/30/2018 12:12:56 ,0,1,99.99000,1,99.99000,99.99000,0.000000,0.000000,0,32244002423140,0,0.000000,0,0.00,0,0.00,0,-97,6.00,2441.08,7,0
10/30/2018 12:12:58 ,0,1,99.99000,1,99.99000,99.99000,0.000000,0.000000,0,32244002423140,0,0.000000,0,0.00,0,0.00,0,-97,6.00,2441.08,7,0
10/30/2018 12:13:00 ,0,1,99.99000,1,99.99000,99.99000,0.000000,0.000000,0,32244002423140,0,0.000000,0,0.00,0,0.00,0,-97,6.00,2441.08,7,0
10/30/2018 12:13:02 ,0,1,99.99000,1,99.99000,99.99000,0.000000,0.000000,0,32244002423140,0,0.000000,0,0.00,0,0.00,0,-97,6.00,2441.08,7,0
10/30/2018 12:13:04 ,0,1,99.99000,1,99.99000,99.99000,0.000000,0.000000,0,32244002423140,0,0.000000,0,0.00,0,0.00,0,-97,6.00,2441.08,7,0
10/30/2018 12:13:06 ,0,1,99.99000,1,99.99000,99.99000,0.000000,0.000000,0,32244002423140,0,0.000000,0,0.00,0,0.00,0,-97,6.00,2441.08,7,0
10/30/2018 12:13:07 ,0,1,99.99000,1,99.99000,99.99000,0.000000,0.000000,0,32244002423140,0,0.000000,0,0.00,0,0.00,0,-120,5.25,-2913.21,12,1
10/30/2018 12:13:07 ,0,1,99.99000,1,99.99000,99.99000,0.000000,0.000000,0,32244002423140,0,0.000000,0,0.00,0,0.00,0,-120,5.25,-2913.21,12,0
10/30/2018 12:13:09 ,0,1,99.99000,1,99.99000,99.99000,0.000000,0.000000,0,32244002423140,0,0.000000,0,0.00,0,0.00,0,-120,5.25,-2913.21,12,0
10/30/2018 12:13:11 ,0,1,99.99000,1,99.99000,99.99000,0.000000,0.000000,0,32244002423140,0,0.000000,0,0.00,0,0.00,0,-120,5.25,-2913.21,12,0
10/30/2018 12:13:13 ,0,1,99.99000,1,99.99000,99.99000,0.000000,0.000000,0,32244002423140,0,0.000000,0,0.00,0,0.00,0,-120,5.25,-2913.21,12,0
10/30/2018 12:13:15 ,0,1,99.99000,1,99.99000,99.99000,0.000000,0.000000,0,32244002423140,0,0.000000,0,0.00,0,0.00,0,-120,5.25,-2913.21,12,0
10/30/2018 12:13:17 ,0,1,99.99000,1,99.99000,99.99000,0.000000,0.000000,0,32244002423140,0,0.000000,0,0.00,0,0.00,0,-126,4.00,-2920.55,12,1
10/30/2018 12:13:17 ,0,1,99.99000,1,99.99000,99.99000,0.000000,0.000000,0,32244002423140,0,0.000000,0,0.00,0,0.00,0,-126,4.00,-2920.55,12,0
10/30/2018 12:13:18 ,0,1,99.99000,1,99.99000,99.99000,0.000000,0.000000,0,32244002423140,0,0.000000,0,0.00,0,0.00,0,-126,4.00,-2920.55,12,0
10/30/2018 12:13:20 ,0,1,99.99000,1,99.99000,99.99000,0.000000,0.000000,0,32244002423140,0,0.000000,0,0.00,0,0.00,0,-126,4.00,-2920.55,12,0
10/30/2018 12:13:21 ,0,1,99.99000,1,99.99000,99.99000,0.000000,0.000000,0,32244002423140,0,0.000000,0,0.00,0,0.00,0,-126,4.00,-2920.55,12,0
10/30/2018 12:13:23 ,0,1,99.99000,1,99.99000,99.99000,0.000000,0.000000,0,32244002423140,0,0.000000,0,0.00,0,0.00,0,-126,4.00,-2920.55,12,0
10/30/2018 12:13:25 ,0,1,99.99000,1,99.99000,99.99000,0.000000,0.000000,0,32244002423140,0,0.000000,0,0.00,0,0.00,0,-108,5.25,2357.20,7,1
10/30/2018 12:13:25 ,0,1,99.99000,1,99.99000,99.99000,0.000000,0.000000,0,32244002423140,0,0.000000,0,0.00,0,0.00,0,-108,5.25,2357.20,7,0
10/30/2018 12:13:26 ,0,1,99.99000,1,99.99000,99.99000,0.000000,0.000000,0,32244002423140,0,0.000000,0,0.00,0,0.00,0,-111,5.75,2340.42,7,1
10/30/2018 12:13:26 ,0,1,99.99000,1,99.99000,99.99000,0.000000,0.000000,0,32244002423140,0,0.000000,0,0.00,0,0.00,0,-111,5.75,2340.42,7,0
10/30/2018 12:13:28 ,0,1,99.99000,1,99.99000,99.99000,0.000000,0.000000,0,32244002423140,0,0.000000,0,0.00,0,0.00,0,-111,5.75,2340.42,7,0
10/30/2018 12:13:30 ,0,1,99.99000,1,99.99000,99.99000,0.000000,0.000000,0,32244002423140,0,0.000000,0,0.00,0,0.00,0,-111,5.75,2340.42,7,0
10/30/2018 12:13:32 ,0,1,99.99000,1,99.99000,99.99000,0.000000,0.000000,0,32244002423140,0,0.000000,0,0.00,0,0.00,0,-111,5.75,2340.42,7,0
10/30/2018 12:13:34 ,0,1,99.99000,1,99.99000,99.99000,0.000000,0.000000,0,32244002423140,0,0.000000,0,0.00,0,0.00,0,-111,5.75,2340.42,7,0
10/30/2018 12:13:35 ,0,1,99.99000,1,99.99000,99.99000,0.000000,0.000000,0,32244002423140,0,0.000000,0,0.00,0,0.00,0,-120,5.00,-2955.67,12,1
10/30/2018 12:13:36 ,0,1,99.99000,1,99.99000,99.99000,0.000000,0.000000,0,32244002423140,0,0.000000,0,0.00,0,0.00,0,-120,5.00,-2955.67,12,0
10/30/2018 12:13:38 ,0,1,99.99000,1,99.99000,99.99000,0.000000,0.000000,0,32244002423140,0,0.000000,0,0.00,0,0.00,0,-120,5.00,-2955.67,12,0
10/30/2018 12:13:40 ,0,1,99.99000,1,99.99000,99.99000,0.000000,0.000000,0,32244002423140,0,0.000000,0,0.00,0,0.00,0,-120,5.00,-2955.67,12,0
10/30/2018 12:13:42 ,0,1,99.99000,1,99.99000,99.99000,0.000000,0.000000,0,32244002423140,0,0.000000,0,0.00,0,0.00,0,-120,5.00,-2955.67,12,0
10/30/2018 12:13:44 ,0,1,99.99000,1,99.99000,99.99000,0.000000,0.000000,0,32244002423140,0,0.000000,0,0.00,0,0.00,0,-120,5.00,-2955.67,12,0
10/30/2018 12:13:44 ,0,1,99.99000,1,99.99000,99.99000,0.000000,0.000000,0,32244002423140,0,0.000000,0,0.00,0,0.00,0,-127,4.00,-2960.92,12,1
10/30/2018 12:13:45 ,0,1,99.99000,1,99.99000,99.99000,0.000000,0.000000,0,32244002423140,0,0.000000,0,0.00,0,0.00,0,-127,4.00,-2960.92,12,0
10/30/2018 12:13:47 ,0,1,99.99000,1,99.99000,99.99000,0.000000,0.000000,0,32244002423140,0,0.000000,0,0.00,0,0.00,0,-127,4.00,-2960.92,12,0
10/30/2018 12:13:49 ,0,1,99.99000,1,99.99000,99.99000,0.000000,0.000000,0,32244002423140,0,0.000000,0,0.00,0,0.00,0,-127,4.00,-2960.92,12,0
10/30/2018 12:13:51 ,11,1,6.37000,1,9.91000,11.78000,0.000000,0.000000,0,32244002423140,0,0.000000,0,0.00,0,0.00,0,-127,4.00,-2960.92,12,0
10/30/2018 12:13:53 ,13,1,1.16000,1,1.14000,1.62000,51.059780,3.708966,1,3312,1,123.599998,1,168.62,1,4.85,1,-127,4.00,-2960.92,12,0
10/30/2018 12:13:53 ,13,1,1.16000,1,1.14000,1.62000,51.059780,3.708966,1,4311,1,123.599998,1,168.62,1,4.85,1,-112,4.25,-2973.50,12,1
10/30/2018 12:13:54 ,14,1,0.99000,1,1.09000,1.47000,51.059799,3.708914,1,4321,1,123.800003,1,145.13,1,3.72,1,-112,4.25,-2973.50,12,0
10/30/2018 12:13:56 ,21,1,0.98000,1,1.20000,1.55000,51.059829,3.708530,1,4400,1,114.300003,1,82.03,1,3.78,1,-112,4.25,-2973.50,12,0
10/30/2018 12:13:58 ,20,1,1.92000,1,2.25000,2.96000,51.059951,3.708538,1,4414,1,103.400001,1,11.25,1,5.13,1,-112,4.25,-2973.50,12,0
10/30/2018 12:13:59 ,20,1,1.57000,1,2.28000,2.76000,51.059963,3.708543,1,1314,1,100.500000,1,11.25,1,2.37,1,-95,5.50,2323.64,7,1
10/30/2018 12:14:00 ,20,1,1.57000,1,2.28000,2.76000,51.059986,3.708545,1,3000,1,96.099998,1,11.25,1,3.11,1,-95,5.50,2323.64,7,0
10/30/2018 12:14:00 ,20,1,1.57000,1,2.28000,2.76000,51.059986,3.708545,1,11001,1,96.099998,1,11.25,1,3.11,1,-96,6.25,2323.64,7,1
10/30/2018 12:14:01 ,20,1,1.57000,1,2.28000,2.76000,51.060016,3.708541,1,11003,1,90.300003,1,22.56,1,5.82,1,-96,6.25,2323.64,7,0
10/30/2018 12:14:03 ,20,1,1.57000,1,2.28000,2.76000,51.060062,3.708556,1,111,1,85.599998,1,22.56,1,3.67,1,-96,6.25,2323.64,7,0
10/30/2018 12:14:04 ,20,1,1.57000,1,2.28000,2.76000,51.060092,3.708551,1,322,1,75.199996,1,36.71,1,5.17,1,-96,6.25,2323.64,7,0
10/30/2018 12:14:05 ,14,1,1.92000,1,2.24000,2.95000,51.060119,3.708558,1,2013,1,69.199996,1,48.68,1,6.28,1,-96,6.25,2323.64,7,0
10/30/2018 12:14:06 ,20,1,1.92000,1,2.24000,2.95000,51.060153,3.708560,1,3020,1,62.400001,1,30.20,1,5.07,1,-96,6.25,2323.64,7,0
10/30/2018 12:14:08 ,20,1,1.92000,1,2.24000,2.95000,51.060203,3.708555,1,3123,1,51.500000,1,4.43,1,4.26,1,-96,6.25,2323.64,7,0
10/30/2018 12:14:09 ,20,1,1.92000,1,2.24000,2.95000,51.060218,3.708556,1,3400,1,46.799999,1,2.98,1,3.85,1,-96,6.25,2323.64,7,0
10/30/2018 12:14:11 ,20,1,1.38000,1,1.77000,2.25000,51.060253,3.708549,1,3422,1,38.000000,1,2.95,1,2.80,1,-96,6.25,2323.64,7,0
10/30/2018 12:14:12 ,20,1,1.38000,1,1.77000,2.25000,51.060256,3.708555,1,324,1,38.000000,1,2.95,1,3.04,1,-111,5.50,-2953.58,12,1
10/30/2018 12:14:13 ,20,1,1.38000,1,1.77000,2.25000,51.060249,3.708567,1,1103,1,33.900001,1,2.95,1,2.87,1,-111,5.50,-2953.58,12,0
10/30/2018 12:14:14 ,20,1,1.38000,1,1.77000,2.25000,51.060272,3.708565,1,2212,1,29.899999,1,4.50,1,4.67,1,-111,5.50,-2953.58,12,0
10/30/2018 12:14:16 ,20,1,1.71000,1,3.05000,3.50000,51.060295,3.708575,1,3043,1,26.200000,1,12.63,1,5.67,1,-111,5.50,-2953.58,12,0
10/30/2018 12:14:17 ,20,1,1.40000,1,1.85000,2.32000,51.060298,3.708578,1,3132,1,24.399999,1,12.63,1,1.74,1,-111,5.50,-2953.58,12,0
10/30/2018 12:14:19 ,20,1,1.38000,1,1.77000,2.25000,51.060272,3.708595,1,3203,1,23.100000,1,12.63,1,2.28,1,-111,5.50,-2953.58,12,0
10/30/2018 12:14:21 ,20,1,1.38000,1,1.77000,2.25000,51.060260,3.708565,1,1033,1,18.399999,1,161.83,1,5.70,1,-109,4.00,-2927.89,12,1
10/30/2018 12:14:21 ,20,1,1.38000,1,1.77000,2.25000,51.060260,3.708565,1,1033,1,18.399999,1,161.83,1,5.70,1,-109,4.00,-2927.89,12,0
10/30/2018 12:14:23 ,20,1,1.38000,1,1.77000,2.25000,51.060245,3.708538,1,3034,1,15.600001,1,177.04,1,5.63,1,-109,4.00,-2927.89,12,0
10/30/2018 12:14:25 ,14,1,1.40000,1,1.85000,2.32000,51.060230,3.708498,1,3141,1,17.000000,1,177.04,1,4.20,1,-109,4.00,-2927.89,12,0
10/30/2018 12:14:27 ,14,1,1.40000,1,1.85000,2.32000,51.060184,3.708472,1,3122,1,16.899999,1,186.15,1,9.30,1,-109,4.00,-2927.89,12,0
10/30/2018 12:14:29 ,14,1,1.38000,1,1.77000,2.24000,51.060146,3.708452,1,3210,1,18.000000,1,188.18,1,5.93,1,-109,4.00,-2927.89,12,0
10/30/2018 12:14:30 ,20,1,1.57000,1,2.27000,2.76000,51.060123,3.708437,1,2341,1,18.799999,1,199.13,1,8.65,1,-107,2.25,-2901.15,12,1
10/30/2018 12:14:31 ,20,1,1.57000,1,2.27000,2.76000,51.060108,3.708425,1,3013,1,18.500000,1,197.98,1,8.17,1,-107,2.25,-2901.15,12,0
10/30/2018 12:14:33 ,13,1,1.57000,1,2.27000,2.76000,51.060081,3.708424,1,3043,1,16.500000,1,183.23,1,6.46,1,-107,2.25,-2901.15,12,0
10/30/2018 12:14:34 ,13,1,1.40000,1,1.85000,2.32000,51.060058,3.708431,1,3342,1,17.899999,1,176.19,1,8.91,1,-107,2.25,-2901.15,12,0
10/30/2018 12:14:35 ,13,1,1.40000,1,1.85000,2.32000,51.060039,3.708423,1,224,1,17.899999,1,187.09,1,9.35,1,-83,6.00,2407.53,7,1
10/30/2018 12:14:36 ,20,1,1.44000,1,1.81000,2.31000,51.060031,3.708420,1,343,1,15.300001,1,188.19,1,7.63,1,-83,6.00,2407.53,7,0
10/30/2018 12:14:36 ,20,1,1.44000,1,1.81000,2.31000,51.060031,3.708420,1,3431,1,15.300001,1,188.19,1,7.63,1,-83,6.00,2424.31,7,1
10/30/2018 12:14:37 ,20,1,1.44000,1,1.81000,2.31000,51.060009,3.708406,1,4211,1,15.800001,1,198.59,1,9.98,1,-83,6.00,2424.31,7,0
10/30/2018 12:14:39 ,14,1,1.38000,1,1.77000,2.24000,51.059974,3.708365,1,4300,1,13.900000,1,210.73,1,12.04,1,-83,6.00,2424.31,7,0
10/30/2018 12:14:41 ,14,1,1.44000,1,1.77000,2.28000,51.059940,3.708334,1,4321,1,12.900000,1,211.25,1,12.30,1,-83,6.00,2424.31,7,0
10/30/2018 12:14:43 ,14,1,1.38000,1,1.77000,2.24000,51.059932,3.708321,1,10104,1,9.800001,1,210.85,1,4.56,1,-83,6.00,2424.31,7,0
10/30/2018 12:14:45 ,14,1,1.40000,1,1.85000,2.32000,51.059883,3.708335,1,10134,1,13.100001,1,184.25,1,7.67,1,-83,6.00,2424.31,7,0
10/30/2018 12:14:47 ,14,1,1.44000,1,1.77000,2.28000,51.059871,3.708370,1,10220,1,9.600001,1,160.12,1,6.87,1,-83,6.00,2424.31,7,0
10/30/2018 12:14:48 ,14,1,1.38000,1,1.77000,2.24000,51.059871,3.708390,1,10432,1,9.000000,1,160.12,1,3.96,1,-101,3.75,-2782.66,12,1
10/30/2018 12:14:48 ,14,1,1.38000,1,1.77000,2.24000,51.059871,3.708390,1,10432,1,9.000000,1,160.12,1,3.96,1,-101,3.75,-2782.66,12,0
10/30/2018 12:14:50 ,14,1,1.38000,1,1.77000,2.24000,51.059867,3.708411,1,11014,1,9.400000,1,160.12,1,2.72,1,-101,3.75,-2782.66,12,0
10/30/2018 12:14:51 ,14,1,1.44000,1,1.77000,2.28000,51.059856,3.708409,1,11103,1,9.300001,1,160.12,1,5.17,1,-101,3.75,-2782.66,12,0
10/30/2018 12:14:53 ,14,1,1.44000,1,1.85000,2.35000,51.059814,3.708437,1,11040,1,11.700000,1,159.39,1,8.20,1,-101,3.75,-2782.66,12,0
10/30/2018 12:14:55 ,13,1,1.57000,1,2.26000,2.76000,51.059814,3.708453,1,11204,1,11.400000,1,159.39,1,3.43,1,-101,3.75,-2782.66,12,0
10/30/2018 12:14:56 ,14,1,4.43000,1,4.05000,6.01000,51.059806,3.708455,1,11231,1,10.300001,1,159.39,1,4.33,1,-101,3.75,-2782.66,12,0
10/30/2018 12:14:58 ,14,1,4.43000,1,4.05000,6.01000,51.059783,3.708461,1,140,1,10.300001,1,159.39,1,6.48,1,-96,5.25,-2714.50,12,1
10/30/2018 12:14:58 ,14,1,4.43000,1,4.05000,6.01000,51.059783,3.708461,1,140,1,10.300001,1,159.39,1,6.48,1,-96,5.25,-2714.50,12,0
10/30/2018 12:14:59 ,13,1,1.93000,1,2.23000,2.95000,51.059764,3.708487,1,1434,1,9.400000,1,159.39,1,5.13,1,-96,5.25,-2714.50,12,0
10/30/2018 12:15:01 ,13,1,3.51000,1,3.37000,4.87000,51.059738,3.708507,1,3032,1,9.300001,1,159.39,1,4.85,1,-96,5.25,-2714.50,12,0
10/30/2018 12:15:03 ,13,1,2.03000,1,2.24000,3.03000,51.059703,3.708525,1,3030,1,10.000000,1,159.39,1,7.24,1,-96,5.25,-2714.50,12,0
10/30/2018 12:15:05 ,13,1,1.93000,1,2.23000,2.95000,51.059665,3.708564,1,3114,1,11.600001,1,159.39,1,6.19,1,-96,5.25,-2714.50,12,0
10/30/2018 12:15:07 ,13,1,1.93000,1,2.23000,2.95000,51.059627,3.708596,1,1000,1,14.500000,1,159.39,1,5.00,1,-91,6.25,-2671.51,12,1
10/30/2018 12:15:07 ,13,1,1.93000,1,2.23000,2.95000,51.059627,3.708596,1,1000,1,14.500000,1,159.39,1,5.00,1,-91,6.25,-2671.51,12,0
10/30/2018 12:15:07 ,13,1,1.93000,1,2.23000,2.95000,51.059627,3.708596,1,4320,1,14.500000,1,159.39,1,5.00,1,-61,5.25,2592.08,7,1
10/30/2018 12:15:08 ,13,1,1.93000,1,2.23000,2.95000,51.059619,3.708599,1,4320,1,14.000000,1,171.57,1,5.30,1,-61,5.25,2592.08,7,0
10/30/2018 12:15:09 ,14,1,1.93000,1,2.23000,2.95000,51.059593,3.708619,1,444,1,14.700000,1,173.69,1,6.61,1,-66,6.00,2592.08,7,1
10/30/2018 12:15:10 ,13,1,1.93000,1,2.23000,2.95000,51.059581,3.708642,1,2232,1,14.900000,1,169.86,1,6.33,1,-66,6.00,2592.08,7,0
10/30/2018 12:15:10 ,13,1,1.93000,1,2.23000,2.95000,51.059581,3.708642,1,10212,1,14.900000,1,169.86,1,6.33,1,-69,6.00,2608.86,7,1
10/30/2018 12:15:11 ,13,1,1.93000,1,2.23000,2.95000,51.059555,3.708665,1,11002,1,16.000000,1,168.03,1,7.39,1,-69,6.00,2608.86,7,0
10/30/2018 12:15:13 ,13,1,1.93000,1,2.23000,2.95000,51.059528,3.708697,1,11030,1,16.299999,1,166.45,1,6.39,1,-69,6.00,2608.86,7,0
10/30/2018 12:15:15 ,12,1,1.96000,1,2.27000,3.00000,51.059490,3.708734,1,11110,1,18.000000,1,167.34,1,7.15,1,-69,6.00,2608.86,7,0
10/30/2018 12:15:18 ,13,1,3.43000,1,4.03000,4.78000,51.059455,3.708755,1,203,1,18.600000,1,163.29,1,4.76,1,-69,6.00,2608.86,7,0
10/30/2018 12:15:19 ,14,1,1.39000,1,1.76000,2.24000,51.059432,3.708790,1,1002,1,21.600000,1,163.29,1,2.76,1,-69,6.00,2608.86,7,0
10/30/2018 12:15:20 ,14,1,3.21000,1,3.31000,4.61000,51.059440,3.708784,1,2121,1,20.299999,1,163.29,1,1.89,1,-69,6.00,2608.86,7,0
10/30/2018 12:15:22 ,14,1,3.22000,1,3.31000,4.61000,51.059459,3.708760,1,3011,1,17.200000,1,163.29,1,1.52,1,-69,6.00,2608.86,7,0
10/30/2018 12:15:24 ,14,1,2.05000,1,2.29000,3.08000,51.059429,3.708825,1,3034,1,21.200000,1,163.29,1,1.31,1,-69,6.00,2608.86,7,0
10/30/2018 12:15:25 ,14,1,1.39000,1,1.76000,2.24000,51.059425,3.708847,1,4003,1,21.899999,1,163.29,1,0.93,1,-87,4.25,-2627.47,12,1
10/30/2018 12:15:25 ,14,1,1.39000,1,1.76000,2.24000,51.059425,3.708847,1,4003,1,21.899999,1,163.29,1,0.93,1,-87,4.25,-2627.47,12,0
10/30/2018 12:15:27 ,13,1,1.57000,1,2.26000,2.75000,51.059410,3.708870,1,4113,1,23.500000,1,163.29,1,1.30,1,-87,4.25,-2627.47,12,0
10/30/2018 12:15:29 ,13,1,1.41000,1,1.84000,2.31000,51.059410,3.708872,1,4140,1,23.799999,1,163.29,1,0.87,1,-87,4.25,-2627.47,12,0
10/30/2018 12:15:31 ,11,1,3.22000,1,3.38000,4.67000,51.059387,3.708879,1,4214,1,26.799999,1,163.29,1,3.50,1,-87,4.25,-2627.47,12,0
10/30/2018 12:15:33 ,11,1,3.44000,1,5.16000,6.20000,51.059383,3.708872,1,4241,1,27.700000,1,163.29,1,1.24,1,-87,4.25,-2627.47,12,0
10/30/2018 12:15:34 ,12,1,3.23000,1,3.38000,4.67000,51.059387,3.708873,1,4311,1,28.299999,1,163.29,1,0.41,1,-87,4.25,-2627.47,12,0
10/30/2018 12:15:34 ,12,1,3.23000,1,3.38000,4.67000,51.059387,3.708873,1,10243,1,28.299999,1,163.29,1,0.41,1,-86,5.25,-2607.02,12,1
10/30/2018 12:15:35 ,11,1,3.44000,1,5.16000,6.20000,51.059387,3.708871,1,10320,1,28.700000,1,163.29,1,0.30,1,-86,5.25,-2607.02,12,0
10/30/2018 12:15:37 ,12,1,1.96000,1,2.26000,3.00000,51.059383,3.708895,1,10344,1,29.899999,1,163.29,1,0.80,1,-86,5.25,-2607.02,12,0
10/30/2018 12:15:39 ,12,1,2.54000,1,3.02000,3.95000,51.059402,3.708916,1,10430,1,29.100000,1,163.29,1,0.72,1,-86,5.25,-2607.02,12,0
10/30/2018 12:15:41 ,14,1,1.93000,1,2.22000,2.94000,51.059413,3.708902,1,10434,1,27.500000,1,163.29,1,0.31,1,-86,5.25,-2607.02,12,0
10/30/2018 12:15:42 ,13,1,1.71000,1,3.01000,3.46000,51.059417,3.708909,1,11312,1,28.100000,1,163.29,1,0.65,1,-86,5.25,-2607.02,12,0
10/30/2018 12:15:43 ,13,1,1.71000,1,3.01000,3.46000,51.059436,3.708900,1,2120,1,28.100000,1,163.29,1,2.48,1,-52,5.25,2675.97,7,1
10/30/2018 12:15:44 ,13,1,1.57000,1,2.25000,2.75000,51.059440,3.708901,1,3022,1,26.200000,1,163.29,1,2.02,1,-52,5.25,2675.97,7,0
10/30/2018 12:15:44 ,13,1,1.57000,1,2.25000,2.75000,51.059440,3.708901,1,12010,1,26.200000,1,163.29,1,2.02,1,-62,5.50,2675.97,7,1
10/30/2018 12:15:46 ,13,1,1.57000,1,2.25000,2.75000,51.059459,3.708909,1,1224,1,26.100000,1,163.29,1,2.41,1,-62,5.50,2675.97,7,0
10/30/2018 12:15:47 ,13,1,1.57000,1,2.25000,2.75000,51.059471,3.708918,1,2443,1,25.500000,1,163.29,1,3.33,1,-62,5.50,2675.97,7,0
10/30/2018 12:15:49 ,13,1,1.45000,1,1.76000,2.28000,51.059474,3.708916,1,3101,1,23.600000,1,163.29,1,1.02,1,-62,5.50,2675.97,7,0
10/30/2018 12:15:50 ,13,1,1.45000,1,1.76000,2.28000,51.059474,3.708919,1,3124,1,22.600000,1,163.29,1,0.76,1,-62,5.50,2675.97,7,0
10/30/2018 12:15:52 ,12,1,1.47000,1,1.84000,2.36000,51.059482,3.708937,1,3410,1,20.500000,1,163.29,1,0.78,1,-62,5.50,2675.97,7,0
10/30/2018 12:15:53 ,12,1,3.23000,1,3.31000,4.62000,51.059482,3.708959,1,314,1,19.899999,1,163.29,1,2.57,1,-93,4.50,-2571.37,12,1
10/30/2018 12:15:54 ,13,1,3.23000,1,3.31000,4.62000,51.059486,3.708956,1,2031,1,18.799999,1,163.29,1,0.94,1,-93,4.50,-2571.37,12,0
10/30/2018 12:15:55 ,13,1,3.23000,1,3.31000,4.62000,51.059486,3.708952,1,3122,1,18.799999,1,163.29,1,0.67,1,-93,4.50,-2571.37,12,0
10/30/2018 12:15:57 ,14,1,1.69000,1,1.86000,2.51000,51.059467,3.708967,1,3202,1,20.100000,1,163.29,1,0.67,1,-93,4.50,-2571.37,12,0
10/30/2018 12:15:59 ,14,1,1.39000,1,1.75000,2.24000,51.059455,3.708983,1,3213,1,19.799999,1,163.29,1,0.96,1,-93,4.50,-2571.37,12,0
10/30/2018 12:16:01 ,13,1,1.57000,1,2.25000,2.74000,51.059436,3.709025,1,3321,1,21.600000,1,163.29,1,0.87,1,-93,4.50,-2571.37,12,0
10/30/2018 12:16:02 ,14,1,1.57000,1,2.25000,2.74000,51.059425,3.709043,1,2033,1,22.799999,1,163.29,1,0.70,1,-85,3.50,-2538.86,12,1
10/30/2018 12:16:03 ,14,1,1.39000,1,1.75000,2.24000,51.059421,3.709058,1,3012,1,22.600000,1,163.29,1,0.96,1,-85,3.50,-2538.86,12,0
10/30/2018 12:16:05 ,13,1,1.93000,1,2.22000,2.94000,51.059402,3.709089,1,3111,1,20.399999,1,163.29,1,3.06,1,-85,3.50,-2538.86,12,0
10/30/2018 12:16:07 ,14,1,1.39000,1,1.75000,2.24000,51.059394,3.709112,1,3130,1,21.799999,1,163.29,1,1.09,1,-85,3.50,-2538.86,12,0
10/30/2018 12:16:08 ,14,1,1.39000,1,1.75000,2.24000,51.059394,3.709107,1,3200,1,22.899999,1,163.29,1,0.69,1,-85,3.50,-2538.86,12,0
10/30/2018 12:16:09 ,14,1,1.39000,1,1.75000,2.24000,51.059398,3.709105,1,3221,1,21.700000,1,163.29,1,0.44,1,-85,3.50,-2538.86,12,0
10/30/2018 12:16:11 ,14,1,1.93000,1,2.21000,2.94000,51.059387,3.709088,1,3314,1,23.299999,1,163.29,1,0.50,1,-85,3.50,-2518.94,12,0
10/30/2018 12:16:11 ,14,1,1.93000,1,2.21000,2.94000,51.059387,3.709088,1,3314,1,23.299999,1,163.29,1,0.50,1,-86,4.00,-2518.94,12,1
10/30/2018 12:16:12 ,14,1,1.39000,1,1.75000,2.24000,51.059391,3.709087,1,3402,1,23.000000,1,163.29,1,0.91,1,-86,4.00,-2518.94,12,0
10/30/2018 12:16:14 ,14,1,1.39000,1,1.75000,2.24000,51.059410,3.709078,1,3414,1,21.899999,1,163.29,1,0.89,1,-86,4.00,-2518.94,12,0
10/30/2018 12:16:16 ,14,1,1.39000,1,1.75000,2.24000,51.059413,3.709072,1,300,1,21.799999,1,163.29,1,0.89,1,-59,6.25,2726.30,7,1
10/30/2018 12:16:16 ,14,1,1.39000,1,1.75000,2.24000,51.059413,3.709072,1,300,1,21.799999,1,163.29,1,0.89,1,-59,6.25,2726.30,7,0
10/30/2018 12:16:17 ,13,1,1.94000,1,2.21000,2.94000,51.059425,3.709071,1,2144,1,21.200000,1,163.29,1,0.81,1,-59,6.25,2726.30,7,0
10/30/2018 12:16:17 ,13,1,1.94000,1,2.21000,2.94000,51.059425,3.709071,1,4022,1,21.200000,1,163.29,1,0.81,1,-74,6.00,2726.30,7,1
10/30/2018 12:16:18 ,14,1,1.94000,1,2.21000,2.94000,51.059425,3.709063,1,4041,1,20.500000,1,163.29,1,1.46,1,-74,6.00,2726.30,7,0
10/30/2018 12:16:19 ,13,1,2.20000,1,2.74000,3.51000,51.059413,3.709066,1,231,1,20.799999,1,163.29,1,1.67,1,-71,5.75,2726.30,7,1
10/30/2018 12:16:20 ,13,1,1.49000,1,2.17000,2.64000,51.059421,3.709062,1,3001,1,20.000000,1,163.29,1,1.00,1,-71,5.75,2726.30,7,0
10/30/2018 12:16:22 ,13,1,2.00000,1,2.67000,3.33000,51.059448,3.709022,1,3034,1,21.399999,1,243.67,1,4.54,1,-71,5.75,2726.30,7,0
10/30/2018 12:16:24 ,13,1,1.94000,1,2.21000,2.94000,51.059444,3.709038,1,3134,1,21.600000,1,243.67,1,1.11,1,-71,5.75,2726.30,7,0
10/30/2018 12:16:26 ,13,1,2.17000,1,2.40000,3.24000,51.059471,3.709018,1,3413,1,19.700000,1,243.67,1,3.32,1,-71,5.75,2726.30,7,0
10/30/2018 12:16:28 ,13,1,1.94000,1,2.21000,2.94000,51.059486,3.708998,1,3442,1,20.799999,1,281.71,1,3.83,1,-71,5.75,2726.30,7,0
10/30/2018 12:16:29 ,13,1,1.94000,1,2.21000,2.94000,51.059497,3.708978,1,11330,1,21.700000,1,290.43,1,4.85,1,-86,1.25,-2472.80,12,1
10/30/2018 12:16:29 ,13,1,1.94000,1,2.21000,2.94000,51.059497,3.708978,1,11330,1,21.700000,1,290.43,1,4.85,1,-86,1.25,-2472.80,12,0
10/30/2018 12:16:31 ,12,1,2.54000,1,3.95000,4.70000,51.059528,3.708980,1,1221,1,22.500000,1,324.84,1,6.17,1,-86,1.25,-2472.80,12,0
10/30/2018 12:16:32 ,13,1,2.27000,1,2.92000,3.71000,51.059543,3.708961,1,2340,1,22.500000,1,323.45,1,7.09,1,-86,1.25,-2472.80,12,0
10/30/2018 12:16:34 ,12,1,2.54000,1,3.95000,4.69000,51.059562,3.708964,1,3004,1,23.200000,1,322.83,1,6.44,1,-86,1.25,-2472.80,12,0
10/30/2018 12:16:36 ,13,1,2.00000,1,2.66000,3.33000,51.059585,3.708959,1,3032,1,24.299999,1,325.57,1,6.28,1,-86,1.25,-2472.80,12,0
10/30/2018 12:16:38 ,12,1,2.01000,1,3.49000,4.03000,51.059600,3.708942,1,3113,1,25.200000,1,321.12,1,6.02,1,-86,1.25,-2472.80,12,0
10/30/2018 12:16:39 ,13,1,2.00000,1,3.49000,4.03000,51.059619,3.708919,1,111,1,25.100000,1,319.84,1,7.11,1,-104,4.50,-2454.45,12,1
10/30/2018 12:16:40 ,14,1,2.00000,1,2.66000,3.33000,51.059635,3.708909,1,1221,1,24.899999,1,320.09,1,6.59,1,-104,4.50,-2454.45,12,0
10/30/2018 12:16:41 ,14,1,1.44000,1,2.17000,2.60000,51.059661,3.708867,1,2434,1,23.200000,1,319.75,1,7.50,1,-104,4.50,-2454.45,12,0
10/30/2018 12:16:43 ,14,1,1.49000,1,2.26000,2.71000,51.059761,3.708651,1,3044,1,11.000000,1,317.94,1,4.06,1,-104,4.50,-2454.45,12,0
10/30/2018 12:16:45 ,14,1,1.46000,1,3.06000,3.39000,51.059818,3.708528,1,3120,1,6.200000,1,320.54,1,4.43,1,-104,4.50,-2454.45,12,0
10/30/2018 12:16:47 ,14,1,1.44000,1,2.16000,2.60000,51.059841,3.708452,1,3124,1,5.400000,1,323.04,1,5.93,1,-104,4.50,-2454.45,12,0
10/30/2018 12:16:48 ,14,1,1.44000,1,2.16000,2.60000,51.059852,3.708433,1,1341,1,6.400000,1,330.53,1,6.59,1,-105,4.75,-2423.00,12,1
10/30/2018 12:16:49 ,14,1,1.44000,1,2.16000,2.60000,51.059875,3.708427,1,2440,1,9.100001,1,347.17,1,9.69,1,-105,4.75,-2423.00,12,0
10/30/2018 12:16:51 ,14,1,1.44000,1,2.16000,2.60000,51.059906,3.708408,1,3224,1,8.300001,1,349.62,1,7.20,1,-105,4.75,-2423.00,12,0
10/30/2018 12:16:51 ,14,1,1.44000,1,2.16000,2.60000,51.059906,3.708408,1,10213,1,8.300001,1,349.62,1,7.20,1,-85,5.75,2810.18,7,1
10/30/2018 12:16:52 ,14,1,1.46000,1,3.06000,3.39000,51.059928,3.708394,1,10300,1,7.700000,1,346.92,1,7.57,1,-85,5.75,2810.18,7,0
10/30/2018 12:16:53 ,14,1,1.46000,1,3.06000,3.39000,51.059947,3.708383,1,1434,1,7.300000,1,347.03,1,6.93,1,-91,6.00,2826.96,7,1
10/30/2018 12:16:54 ,14,1,1.46000,1,3.06000,3.38000,51.059963,3.708366,1,3020,1,7.100000,1,344.29,1,7.17,1,-91,6.00,2826.96,7,0
10/30/2018 12:16:55 ,14,1,1.44000,1,2.16000,2.60000,51.059974,3.708348,1,3323,1,7.500000,1,340.75,1,7.24,1,-91,6.00,2826.96,7,0
10/30/2018 12:16:57 ,14,1,1.44000,1,2.16000,2.59000,51.060009,3.708325,1,3342,1,7.100000,1,343.48,1,8.02,1,-91,6.00,2826.96,7,0
10/30/2018 12:16:59 ,14,1,1.44000,1,2.16000,2.59000,51.060031,3.708280,1,3412,1,7.100000,1,332.61,1,7.78,1,-91,6.00,2826.96,7,0
10/30/2018 12:17:01 ,14,1,1.44000,1,2.16000,2.59000,51.060043,3.708231,1,4210,1,7.300000,1,320.80,1,7.28,1,-91,6.00,2826.96,7,0
10/30/2018 12:17:03 ,14,1,1.44000,1,2.16000,2.59000,51.060054,3.708179,1,4220,1,6.600000,1,303.23,1,6.46,1,-91,6.00,2826.96,7,0
10/30/2018 12:17:05 ,14,1,1.46000,1,3.05000,3.38000,51.060054,3.708124,1,4304,1,6.400000,1,286.29,1,6.17,1,-91,6.00,2826.96,7,0
10/30/2018 12:17:06 ,14,1,2.15000,1,3.47000,4.08000,51.060062,3.708103,1,4400,1,6.400000,1,287.65,1,5.74,1,-117,4.25,-2348.02,12,1
10/30/2018 12:17:06 ,14,1,2.15000,1,3.47000,4.08000,51.060062,3.708103,1,4400,1,6.400000,1,287.65,1,5.74,1,-117,4.25,-2348.02,12,0
10/30/2018 12:17:08 ,14,1,1.44000,1,2.16000,2.59000,51.060077,3.708055,1,4442,1,6.500000,1,293.83,1,5.69,1,-117,4.25,-2348.02,12,0
10/30/2018 12:17:10 ,13,1,1.44000,1,2.16000,2.59000,51.060070,3.708019,1,10040,1,5.600000,1,289.43,1,2.87,1,-117,4.25,-2348.02,12,0
10/30/2018 12:17:12 ,14,1,1.44000,1,2.16000,2.59000,51.060066,3.707963,1,10101,1,6.300000,1,280.93,1,4.11,1,-117,4.25,-2348.02,12,0
10/30/2018 12:17:14 ,13,1,1.46000,1,3.04000,3.37000,51.060066,3.707908,1,10111,1,7.900000,1,282.52,1,5.59,1,-117,4.25,-2348.02,12,0
10/30/2018 12:17:15 ,14,1,1.46000,1,3.04000,3.37000,51.060085,3.707889,1,11112,1,7.700000,1,298.97,1,5.78,1,-118,4.50,-2292.97,12,1
10/30/2018 12:17:15 ,14,1,1.46000,1,3.04000,3.37000,51.060085,3.707889,1,11112,1,7.700000,1,298.97,1,5.78,1,-118,4.50,-2292.97,12,0
10/30/2018 12:17:16 ,14,1,1.44000,1,2.15000,2.59000,51.060096,3.707869,1,11324,1,7.300000,1,308.36,1,5.78,1,-118,4.50,-2292.97,12,0
10/30/2018 12:17:18 ,14,1,1.44000,1,2.15000,2.59000,51.060115,3.707827,1,424,1,7.300000,1,314.78,1,6.00,1,-118,4.50,-2292.97,12,0
10/30/2018 12:17:19 ,14,1,1.44000,1,2.15000,2.59000,51.060115,3.707796,1,1222,1,6.200000,1,306.13,1,5.96,1,-118,4.50,-2292.97,12,0
10/30/2018 12:17:20 ,13,1,1.46000,1,3.04000,3.37000,51.060131,3.707777,1,2401,1,5.800000,1,311.46,1,5.91,1,-118,4.50,-2292.97,12,0
10/30/2018 12:17:21 ,14,1,1.46000,1,3.04000,3.37000,51.060142,3.707755,1,2441,1,5.800000,1,315.18,1,6.41,1,-118,4.50,-2292.97,12,0
10/30/2018 12:17:23 ,14,1,1.44000,1,2.15000,2.59000,51.060161,3.707705,1,3020,1,5.000000,1,312.87,1,6.50,1,-118,4.50,-2292.97,12,0
10/30/2018 12:17:25 ,13,1,1.44000,1,2.15000,2.59000,51.060173,3.707645,1,341,1,4.800000,1,303.60,1,7.09,1,-121,4.00,-2250.51,12,1
10/30/2018 12:17:25 ,13,1,1.44000,1,2.15000,2.59000,51.060173,3.707645,1,341,1,4.800000,1,303.60,1,7.09,1,-121,4.00,-2250.51,12,0
10/30/2018 12:17:25 ,14,1,1.44000,1,2.15000,2.59000,51.060173,3.707645,1,3433,1,5.200000,1,303.60,1,7.09,1,-100,6.25,2944.40,7,1
10/30/2018 12:17:27 ,14,1,1.44000,1,2.15000,2.59000,51.060203,3.707606,1,203,1,4.900000,1,318.78,1,7.35,1,-100,6.25,2944.40,7,0
10/30/2018 12:17:27 ,14,1,1.44000,1,2.15000,2.59000,51.060203,3.707606,1,3132,1,4.900000,1,318.78,1,7.35,1,-105,6.25,2961.18,7,1
10/30/2018 12:17:28 ,14,1,1.44000,1,2.15000,2.59000,51.060203,3.707598,1,3214,1,4.900000,1,320.26,1,3.85,1,-105,6.25,2961.18,7,0
10/30/2018 12:17:29 ,13,1,1.44000,1,2.15000,2.59000,51.060207,3.707576,1,4030,1,4.500000,1,313.98,1,5.13,1,-105,6.25,2961.18,7,0
10/30/2018 12:17:31 ,14,1,1.44000,1,2.15000,2.59000,51.060207,3.707518,1,4034,1,4.100000,1,292.15,1,6.30,1,-105,6.25,2961.18,7,0
10/30/2018 12:17:33 ,13,1,1.44000,1,2.15000,2.59000,51.060237,3.707479,1,4111,1,3.500000,1,303.33,1,6.22,1,-105,6.25,2961.18,7,0
10/30/2018 12:17:35 ,13,1,1.44000,1,2.15000,2.59000,51.060256,3.707442,1,4344,1,4.000000,1,315.07,1,5.41,1,-105,6.25,2961.18,7,0
10/30/2018 12:17:37 ,13,1,1.44000,1,2.15000,2.59000,51.060295,3.707420,1,4433,1,3.700000,1,334.40,1,7.89,1,-105,6.25,2961.18,7,0
10/30/2018 12:17:39 ,14,1,1.44000,1,2.15000,2.59000,51.060325,3.707385,1,4442,1,3.100000,1,333.96,1,7.39,1,-105,6.25,2961.18,7,0
10/30/2018 12:17:41 ,14,1,1.44000,1,2.15000,2.58000,51.060348,3.707350,1,10031,1,3.200000,1,331.28,1,7.11,1,-105,6.25,2961.18,7,0
10/30/2018 12:17:43 ,13,1,1.50000,1,2.24000,2.69000,51.060367,3.707300,1,2431,1,3.300000,1,317.59,1,7.50,1,-121,0.50,-2215.38,12,1
10/30/2018 12:17:43 ,13,1,1.50000,1,2.24000,2.69000,51.060367,3.707300,1,2431,1,3.300000,1,317.59,1,7.50,1,-121,0.50,-2215.38,12,0
10/30/2018 12:17:44 ,13,1,1.44000,1,2.15000,2.58000,51.060375,3.707286,1,3034,1,3.300000,1,316.91,1,5.28,1,-121,0.50,-2215.38,12,0
10/30/2018 12:17:46 ,13,1,1.44000,1,2.14000,2.58000,51.060375,3.707272,1,3204,1,2.700000,1,316.91,1,1.11,1,-121,0.50,-2215.38,12,0
10/30/2018 12:17:48 ,13,1,1.50000,1,2.14000,2.61000,51.060363,3.707253,1,3233,1,3.200000,1,316.91,1,1.37,1,-121,0.50,-2215.38,12,0
10/30/2018 12:17:50 ,11,1,2.44000,1,3.47000,4.24000,51.060367,3.707251,1,3314,1,3.400000,1,316.91,1,0.67,1,-121,0.50,-2215.38,12,0
10/30/2018 12:17:52 ,13,1,2.42000,1,2.24000,3.29000,51.060367,3.707252,1,3331,1,3.300000,1,316.91,1,0.65,1,-121,0.50,-2215.38,12,0
10/30/2018 12:17:52 ,13,1,2.42000,1,2.24000,3.29000,51.060367,3.707252,1,4213,1,3.300000,1,316.91,1,0.65,1,126,2.00,-2221.15,12,1
10/30/2018 12:17:53 ,13,1,2.42000,1,2.24000,3.29000,51.060371,3.707254,1,4244,1,3.500000,1,316.91,1,0.17,1,126,2.00,-2221.15,12,0
10/30/2018 12:17:55 ,13,1,1.50000,1,2.23000,2.69000,51.060367,3.707248,1,4304,1,3.700000,1,316.91,1,0.11,1,126,2.00,-2221.15,12,0
10/30/2018 12:17:57 ,13,1,1.50000,1,2.23000,2.69000,51.060363,3.707240,1,4340,1,3.800000,1,316.91,1,0.09,1,126,2.00,-2221.15,12,0
10/30/2018 12:17:59 ,13,1,1.44000,1,2.14000,2.58000,51.060363,3.707234,1,4402,1,3.400000,1,316.91,1,0.15,1,126,2.00,-2221.15,12,0
10/30/2018 12:18:00 ,13,1,1.44000,1,2.14000,2.58000,51.060359,3.707230,1,241,1,3.400000,1,316.91,1,0.26,1,-118,4.00,2977.96,7,1
10/30/2018 12:18:01 ,13,1,1.44000,1,2.14000,2.58000,51.060359,3.707226,1,2023,1,3.700000,1,316.91,1,0.07,1,-118,4.00,2977.96,7,0
10/30/2018 12:18:01 ,13,1,1.44000,1,2.14000,2.58000,51.060359,3.707226,1,10002,1,3.700000,1,316.91,1,0.07,1,-114,-0.50,2977.96,7,1
10/30/2018 12:18:02 ,13,1,1.44000,1,2.14000,2.58000,51.060356,3.707221,1,10023,1,4.000000,1,316.91,1,0.11,1,-114,-0.50,2977.96,7,0
10/30/2018 12:18:03 ,13,1,1.73000,1,2.21000,2.81000,51.060356,3.707219,1,1214,1,4.300000,1,316.91,1,0.13,1,-119,3.25,2961.18,7,1
10/30/2018 12:18:04 ,14,1,1.34000,1,1.82000,2.26000,51.060356,3.707219,1,3031,1,4.800000,1,316.91,1,1.57,1,-119,3.25,2961.18,7,0
10/30/2018 12:18:06 ,13,1,1.34000,1,1.82000,2.26000,51.060359,3.707219,1,3140,1,4.800000,1,316.91,1,0.22,1,-119,3.25,2961.18,7,0
10/30/2018 12:18:08 ,13,1,1.34000,1,1.82000,2.26000,51.060363,3.707219,1,3201,1,5.300000,1,316.91,1,0.09,1,-119,3.25,2961.18,7,0
10/30/2018 12:18:10 ,13,1,1.34000,1,1.82000,2.26000,51.060367,3.707221,1,3443,1,5.800000,1,316.91,1,0.04,1,-119,3.25,2961.18,7,0
10/30/2018 12:18:11 ,13,1,1.34000,1,1.82000,2.26000,51.060367,3.707221,1,203,1,5.800000,1,316.91,1,0.06,1,126,0.00,-2229.01,12,1
10/30/2018 12:18:12 ,14,1,1.34000,1,1.82000,2.26000,51.060367,3.707220,1,1024,1,6.200000,1,316.91,1,0.09,1,126,0.00,-2229.01,12,0
10/30/2018 12:18:13 ,13,1,1.34000,1,1.82000,2.26000,51.060367,3.707220,1,2142,1,6.400000,1,316.91,1,0.07,1,126,0.00,-2229.01,12,0
10/30/2018 12:18:14 ,13,1,1.34000,1,1.82000,2.26000,51.060367,3.707219,1,2421,1,6.500000,1,316.91,1,0.15,1,126,0.00,-2229.01,12,0
10/30/2018 12:18:16 ,14,1,1.17000,1,2.68000,2.92000,51.060371,3.707221,1,2434,1,6.300000,1,316.91,1,0.50,1,126,0.00,-2229.01,12,0
10/30/2018 12:18:18 ,14,1,1.39000,1,2.76000,3.09000,51.060371,3.707219,1,3030,1,5.900000,1,316.91,1,0.26,1,126,0.00,-2229.01,12,0
10/30/2018 12:18:20 ,14,1,1.17000,1,2.67000,2.92000,51.060371,3.707218,1,1022,1,5.600000,1,316.91,1,0.56,1,126,1.50,-2232.68,12,1
10/30/2018 12:18:20 ,14,1,1.17000,1,2.67000,2.92000,51.060371,3.707218,1,1022,1,5.600000,1,316.91,1,0.56,1,126,1.50,-2232.68,12,0
10/30/2018 12:18:22 ,14,1,1.17000,1,2.67000,2.92000,51.060367,3.707212,1,2414,1,4.900000,1,316.91,1,0.35,1,126,1.50,-2232.68,12,0
10/30/2018 12:18:24 ,14,1,1.17000,1,2.67000,2.92000,51.060367,3.707214,1,3023,1,4.400000,1,316.91,1,0.94,1,126,1.50,-2232.68,12,0
10/30/2018 12:18:26 ,20,1,1.17000,1,2.67000,2.92000,51.060375,3.707219,1,3033,1,3.700000,1,316.91,1,1.72,1,126,1.50,-2232.68,12,0
10/30/2018 12:18:27 ,14,1,1.13000,1,1.81000,2.13000,51.060379,3.707211,1,3110,1,3.900000,1,316.91,1,1.61,1,126,1.50,-2232.68,12,0
10/30/2018 12:18:29 ,13,1,1.18000,1,1.96000,2.29000,51.060382,3.707207,1,2311,1,4.400000,1,316.91,1,1.06,1,125,0.25,-2233.73,12,1
10/30/2018 12:18:29 ,13,1,1.18000,1,1.96000,2.29000,51.060382,3.707207,1,2311,1,4.400000,1,316.91,1,1.06,1,125,0.25,-2233.73,12,0
10/30/2018 12:18:31 ,13,1,1.18000,1,1.96000,2.29000,51.060382,3.707202,1,3020,1,4.300000,1,316.91,1,0.44,1,125,0.25,-2233.73,12,0
10/30/2018 12:18:33 ,12,1,9.93000,1,17.63000,20.23000,51.060375,3.707204,1,3103,1,3.900000,1,316.91,1,0.89,1,125,0.25,-2233.73,12,0
10/30/2018 12:18:35 ,13,1,9.95000,1,17.68000,20.29000,51.060379,3.707214,1,3343,1,3.700000,1,316.91,1,0.48,1,125,0.25,-2233.73,12,0
10/30/2018 12:18:35 ,13,1,9.95000,1,17.68000,20.29000,51.060379,3.707214,1,11244,1,3.700000,1,316.91,1,0.48,1,-120,3.50,2944.40,7,1
10/30/2018 12:18:37 ,13,1,9.95000,1,17.71000,20.32000,51.060386,3.707185,1,343,1,3.700000,1,316.91,1,1.85,1,-120,3.50,2944.40,7,0
10/30/2018 12:18:37 ,13,1,2.46000,1,17.71000,20.32000,51.060386,3.707185,1,1401,1,3.500000,1,316.91,1,1.85,1,-123,0.00,2944.40,7,1
10/30/2018 12:18:38 ,13,1,1.72000,1,2.00000,2.64000,51.060375,3.707192,1,3012,1,3.600000,1,316.91,1,0.91,1,-123,0.00,2944.40,7,0
10/30/2018 12:18:39 ,12,1,1.72000,1,2.00000,2.64000,51.060348,3.707161,1,3244,1,4.300000,1,316.91,1,3.09,1,-123,0.00,2944.40,7,0
10/30/2018 12:18:41 ,12,1,2.44000,1,2.22000,3.30000,51.060325,3.707130,1,3333,1,4.400000,1,316.91,1,4.17,1,-123,0.00,2944.40,7,0
10/30/2018 12:18:43 ,11,1,2.44000,1,2.22000,3.30000,51.060325,3.707127,1,3404,1,4.800000,1,316.91,1,2.87,1,-123,0.00,2944.40,7,0
10/30/2018 12:18:45 ,10,1,2.86000,1,2.22000,3.62000,51.060314,3.707132,1,4202,1,4.800000,1,316.91,1,2.93,1,-123,0.00,2944.40,7,0
10/30/2018 12:18:47 ,13,1,2.44000,1,2.22000,3.30000,51.060279,3.707095,1,4224,1,5.000000,1,316.91,1,4.59,1,-123,0.00,2944.40,7,0
10/30/2018 12:18:47 ,13,1,2.44000,1,2.22000,3.30000,51.060279,3.707095,1,10333,1,5.000000,1,316.91,1,4.59,1,-128,3.25,-2249.98,12,1
10/30/2018 12:18:48 ,12,1,2.44000,1,2.22000,3.30000,51.060272,3.707097,1,10412,1,5.100000,1,316.91,1,4.41,1,-128,3.25,-2249.98,12,0
10/30/2018 12:18:50 ,12,1,2.54000,1,3.55000,4.37000,51.060264,3.707113,1,10432,1,5.000000,1,316.91,1,3.96,1,-128,3.25,-2249.98,12,0
10/30/2018 12:18:52 ,11,1,4.80000,1,4.15000,6.35000,51.060295,3.707126,1,11014,1,4.700000,1,316.91,1,1.30,1,-128,3.25,-2249.98,12,0
10/30/2018 12:18:54 ,11,1,4.74000,1,3.25000,5.75000,51.060298,3.707168,1,11101,1,5.100000,1,316.91,1,2.13,1,-128,3.25,-2249.98,12,0
10/30/2018 12:18:56 ,11,1,4.74000,1,3.26000,5.75000,51.060302,3.707181,1,11120,1,4.600000,1,316.91,1,1.72,1,-128,3.25,-2249.98,12,0
10/30/2018 12:18:57 ,11,1,4.74000,1,3.26000,5.75000,51.060264,3.707189,1,100,1,4.600000,1,316.91,1,3.54,1,124,-0.25,-2261.52,12,1
10/30/2018 12:18:58 ,12,1,2.45000,1,2.21000,3.30000,51.060218,3.707170,1,241,1,4.400000,1,316.91,1,4.50,1,124,-0.25,-2261.52,12,0
10/30/2018 12:18:59 ,12,1,2.87000,1,2.21000,3.62000,51.060169,3.707177,1,1410,1,4.500000,1,316.91,1,6.72,1,124,-0.25,-2261.52,12,0
10/30/2018 12:19:00 ,11,1,2.40000,1,2.82000,3.71000,51.060180,3.707197,1,2410,1,4.500000,1,316.91,1,6.04,1,124,-0.25,-2261.52,12,0
10/30/2018 12:19:02 ,10,1,4.82000,1,4.14000,6.35000,51.060173,3.707204,1,3013,1,4.500000,1,316.91,1,5.33,1,124,-0.25,-2261.52,12,0
10/30/2018 12:19:03 ,12,1,4.82000,1,4.14000,6.35000,51.060169,3.707234,1,3011,1,4.600000,1,316.91,1,5.63,1,124,-0.25,-2261.52,12,0
10/30/2018 12:19:04 ,11,1,4.76000,1,3.26000,5.76000,51.060176,3.707232,1,3034,1,4.500000,1,316.91,1,4.52,1,124,-0.25,-2261.52,12,0
10/30/2018 12:19:05 ,12,1,4.76000,1,3.26000,5.77000,51.060195,3.707261,1,3114,1,4.500000,1,316.91,1,3.80,1,124,-0.25,-2261.52,12,0
10/30/2018 12:19:06 ,11,1,4.76000,1,3.26000,5.77000,51.060184,3.707278,1,410,1,4.700000,1,316.91,1,4.48,1,-126,4.00,-2270.43,12,1
10/30/2018 12:19:07 ,12,1,30.02000,1,21.85000,37.13000,51.060184,3.707278,1,20030,1,4.700000,1,316.91,1,4.48,1,-126,4.00,-2270.43,12,0
10/30/2018 12:19:08 ,13,1,3.73000,1,3.89000,5.39000,51.060016,3.707176,1,2030,1,6.600000,1,243.47,1,7.93,1,-126,4.00,-2270.43,12,0
10/30/2018 12:19:10 ,11,1,29.85000,1,21.73000,36.92000,51.059806,3.707061,1,12430,1,8.200000,1,204.87,1,14.67,1,-119,3.75,2894.07,7,1
10/30/2018 12:19:10 ,11,1,29.85000,1,21.73000,36.92000,51.059806,3.707061,1,12430,1,8.200000,1,204.87,1,14.67,1,-119,3.75,2894.07,7,0
10/30/2018 12:19:11 ,11,1,29.79000,1,21.69000,36.85000,51.059806,3.707061,1,40132,1,8.200000,1,204.87,1,14.67,1,-118,4.25,2894.07,7,1
10/30/2018 12:19:11 ,11,1,29.79000,1,21.69000,36.85000,51.059806,3.707061,1,40132,1,8.200000,1,204.87,1,14.67,1,-118,4.25,2894.07,7,0
10/30/2018 12:19:13 ,4,1,29.68000,1,21.61000,36.71000,51.059806,3.707061,1,121444,1,8.200000,1,204.87,1,14.67,1,-118,4.25,2894.07,7,0
10/30/2018 12:19:15 ,4,1,29.56000,1,21.53000,36.57000,51.059806,3.707061,1,203030,1,8.200000,1,204.87,1,14.67,1,-118,4.25,2894.07,7,0
10/30/2018 12:19:17 ,10,1,29.45000,1,21.45000,36.43000,51.059806,3.707061,1,234101,1,8.200000,1,204.87,1,14.67,1,-118,4.25,2894.07,7,0
10/30/2018 12:19:19 ,4,1,29.34000,1,21.37000,36.30000,51.059806,3.707061,1,320341,1,8.200000,1,204.87,1,14.67,1,-118,4.25,2894.07,7,0
10/30/2018 12:19:21 ,12,1,29.23000,1,21.29000,36.16000,51.059806,3.707061,1,401414,1,8.200000,1,204.87,1,14.67,1,-118,4.25,2894.07,7,0
10/30/2018 12:19:23 ,11,1,4.78000,1,3.26000,5.79000,51.059906,3.707201,1,11033,1,13.500000,1,204.87,1,2.61,1,-118,4.25,2894.07,7,0
10/30/2018 12:19:24 ,13,1,4.79000,1,3.26000,5.79000,51.059963,3.707202,1,3412,1,13.900000,1,204.87,1,1.07,1,126,1.25,-2290.88,12,1
10/30/2018 12:19:25 ,11,1,4.79000,1,3.26000,5.79000,51.059967,3.707188,1,3440,1,14.200000,1,204.87,1,1.74,1,126,1.25,-2290.88,12,0
10/30/2018 12:19:27 ,0,1,99.99000,1,99.99000,99.99000,51.059978,3.707176,1,22022,1,14.500000,1,204.87,1,1.76,1,126,1.25,-2290.88,12,0
10/30/2018 12:19:29 ,0,1,99.99000,1,99.99000,99.99000,51.059978,3.707176,1,103043,1,14.500000,1,204.87,1,1.76,1,126,1.25,-2290.88,12,0
10/30/2018 12:19:31 ,0,1,99.99000,1,99.99000,99.99000,51.059978,3.707176,1,134114,1,14.500000,1,204.87,1,1.76,1,126,1.25,-2290.88,12,0
10/30/2018 12:19:33 ,11,1,7.42000,1,1.00000,7.49000,51.060127,3.707067,1,4142,1,10.300001,1,204.87,1,3.17,1,126,1.25,-2290.88,12,0
10/30/2018 12:19:33 ,11,1,7.42000,1,1.00000,7.49000,51.060127,3.707067,1,10210,1,10.300001,1,204.87,1,3.17,1,127,1.75,-2291.40,12,1
10/30/2018 12:19:34 ,12,1,1.93000,1,1.00000,2.17000,51.060237,3.707105,1,10223,1,10.800001,1,204.87,1,4.28,1,127,1.75,-2291.40,12,0
10/30/2018 12:19:36 ,10,1,3.56000,1,1.00000,3.69000,51.060314,3.707181,1,10244,1,11.700000,1,204.87,1,4.39,1,127,1.75,-2291.40,12,0
10/30/2018 12:19:38 ,0,1,99.99000,1,99.99000,99.99000,51.060314,3.707181,1,41320,1,11.700000,1,204.87,1,4.39,1,127,1.75,-2291.40,12,0
10/30/2018 12:19:40 ,10,1,4.07000,1,8.03000,9.00000,51.060348,3.707221,1,10403,1,12.100001,1,204.87,1,1.96,1,127,1.75,-2291.40,12,0
10/30/2018 12:19:42 ,10,1,4.07000,1,8.04000,9.01000,51.060329,3.707523,1,10420,1,13.200000,1,204.87,1,4.63,1,127,1.75,-2291.40,12,0
10/30/2018 12:19:42 ,10,1,4.07000,1,8.04000,9.01000,51.060329,3.707523,1,11432,1,13.200000,1,204.87,1,4.63,1,126,1.75,-2309.23,12,1
10/30/2018 12:19:44 ,0,1,99.99000,1,99.99000,99.99000,51.060337,3.707560,1,12423,1,13.200000,1,204.87,1,4.02,1,126,1.75,2860.52,12,0
10/30/2018 12:19:44 ,0,1,99.99000,1,99.99000,99.99000,51.060337,3.707560,1,12423,1,13.200000,1,204.87,1,4.02,1,-112,6.50,2860.52,7,1
10/30/2018 12:19:45 ,10,1,5.33000,1,10.16000,11.47000,51.060375,3.707650,1,2010,1,13.600001,1,204.87,1,4.19,1,-112,6.50,2860.52,7,0
10/30/2018 12:19:45 ,10,1,5.33000,1,10.16000,11.47000,51.060375,3.707650,1,10443,1,13.600001,1,204.87,1,4.19,1,-115,5.50,2860.52,7,1
10/30/2018 12:19:46 ,10,1,4.69000,1,24.33000,24.78000,51.060398,3.707647,1,11022,1,13.500000,1,204.87,1,3.85,1,-115,5.50,2860.52,7,0
10/30/2018 12:19:48 ,11,1,4.57000,1,7.21000,8.53000,51.060451,3.707444,1,40,1,13.900000,1,204.87,1,2.52,1,-115,5.50,2860.52,7,0
10/30/2018 12:19:49 ,13,1,2.04000,1,1.99000,2.85000,51.060485,3.707395,1,323,1,13.600001,1,204.87,1,2.59,1,-115,5.50,2860.52,7,0
10/30/2018 12:19:50 ,13,1,2.04000,1,1.99000,2.85000,51.060504,3.707322,1,1430,1,13.400000,1,204.87,1,2.43,1,-115,5.50,2860.52,7,0
10/30/2018 12:19:52 ,13,1,2.04000,1,1.99000,2.85000,51.060535,3.707184,1,2431,1,13.100001,1,204.87,1,2.11,1,-115,5.50,2860.52,7,0
10/30/2018 12:19:54 ,14,1,1.72000,1,1.98000,2.62000,51.060562,3.707152,1,3230,1,12.800001,1,204.87,1,1.26,1,-115,5.50,2860.52,7,0
10/30/2018 12:19:56 ,14,1,1.13000,1,1.79000,2.12000,51.060497,3.706948,1,3243,1,11.800001,1,204.87,1,1.22,1,-115,5.50,2860.52,7,0
10/30/2018 12:19:58 ,13,1,1.40000,1,1.82000,2.30000,51.060474,3.706901,1,3331,1,11.200000,1,204.87,1,1.91,1,-115,5.50,2860.52,7,0
10/30/2018 12:20:00 ,12,1,1.31000,1,1.94000,2.34000,51.060466,3.706876,1,3403,1,11.000000,1,204.87,1,2.52,1,-115,5.50,2860.52,7,0
10/30/2018 12:20:01 ,13,1,1.22000,1,1.94000,2.29000,51.060455,3.706865,1,1440,1,10.900000,1,204.87,1,2.52,1,-128,3.50,-2330.72,12,1
10/30/2018 12:20:02 ,13,1,1.22000,1,1.94000,2.29000,51.060459,3.706865,1,2422,1,10.900000,1,204.87,1,1.37,1,-128,3.50,-2330.72,12,0
10/30/2018 12:20:04 ,13,1,1.22000,1,3.14000,3.37000,51.060482,3.706871,1,2422,1,10.900000,1,204.87,1,3.15,1,-128,3.50,-2330.72,12,0
10/30/2018 12:20:06 ,12,1,1.75000,1,3.18000,3.63000,51.060485,3.706862,1,3020,1,11.000000,1,204.87,1,2.00,1,-128,3.50,-2330.72,12,0
10/30/2018 12:20:08 ,11,1,1.75000,1,3.17000,3.63000,51.060489,3.706845,1,3042,1,11.100001,1,204.87,1,2.87,1,-128,3.50,-2330.72,12,0
10/30/2018 12:20:10 ,11,1,4.15000,1,8.22000,9.20000,51.060489,3.706839,1,3131,1,10.800001,1,204.87,1,2.94,1,-128,3.50,-2330.72,12,0
10/30/2018 12:20:10 ,11,1,4.15000,1,8.22000,9.20000,51.060489,3.706839,1,3232,1,10.800001,1,204.87,1,2.94,1,124,1.00,-2328.63,12,1
10/30/2018 12:20:11 ,11,1,4.15000,1,8.22000,9.21000,51.060482,3.706839,1,3401,1,10.800001,1,204.87,1,3.30,1,124,1.00,-2328.63,12,0
10/30/2018 12:20:13 ,0,1,99.99000,1,99.99000,99.99000,51.060482,3.706839,1,34422,1,10.800001,1,204.87,1,3.30,1,124,1.00,-2328.63,12,0
10/30/2018 12:20:15 ,13,1,3.72000,1,12.36000,12.90000,51.060443,3.706702,1,3410,1,10.700000,1,222.92,1,7.39,1,124,1.00,-2328.63,12,0
10/30/2018 12:20:17 ,11,1,3.73000,1,12.39000,12.94000,51.060417,3.706474,1,3434,1,10.500000,1,251.82,1,14.00,1,124,1.00,-2328.63,12,0
10/30/2018 12:20:18 ,11,1,2.71000,1,7.32000,7.80000,51.060398,3.706361,1,4241,1,10.700000,1,254.46,1,17.02,1,124,1.00,-2328.63,12,0
10/30/2018 12:20:20 ,11,1,4.39000,1,12.19000,12.95000,51.060344,3.706140,1,4304,1,11.200000,1,253.80,1,19.96,1,124,1.00,-2328.63,12,0
10/30/2018 12:20:21 ,10,1,6.59000,1,15.50000,16.84000,51.060356,3.706091,1,10104,1,11.300001,1,255.06,1,18.98,1,124,1.00,-2328.63,12,0
10/30/2018 12:20:23 ,13,1,4.18000,1,8.30000,9.30000,51.060382,3.706166,1,10123,1,11.900000,1,255.49,1,12.09,1,124,1.00,-2328.63,12,0
10/30/2018 12:20:25 ,14,1,1.34000,1,1.80000,2.24000,51.060401,3.706654,1,10202,1,8.400000,1,249.04,1,4.61,1,124,1.00,-2328.63,12,0
10/30/2018 12:20:27 ,14,1,1.14000,1,1.79000,2.12000,51.060409,3.706769,1,10421,1,6.200000,1,189.01,1,6.15,1,124,1.00,-2328.63,12,0
10/30/2018 12:20:28 ,14,1,1.14000,1,1.79000,2.12000,51.060417,3.706819,1,11201,1,5.100000,1,170.72,1,5.74,1,-120,0.50,-2315.52,12,1
10/30/2018 12:20:28 ,14,1,1.14000,1,1.79000,2.12000,51.060417,3.706819,1,11201,1,5.100000,1,170.72,1,5.74,1,-120,0.50,-2315.52,12,0
10/30/2018 12:20:30 ,14,1,1.17000,1,2.63000,2.88000,51.060413,3.706887,1,332,1,4.000000,1,146.83,1,6.04,1,-120,0.50,-2315.52,12,0
10/30/2018 12:20:31 ,14,1,1.14000,1,1.79000,2.12000,51.060401,3.706901,1,1434,1,3.500000,1,146.68,1,6.56,1,-120,0.50,-2315.52,12,0
10/30/2018 12:20:33 ,14,1,1.45000,1,2.09000,2.55000,51.060386,3.706948,1,2440,1,3.100000,1,143.34,1,5.15,1,-120,0.50,-2315.52,12,0
10/30/2018 12:20:34 ,14,1,1.14000,1,1.79000,2.12000,51.060379,3.706984,1,3011,1,2.800000,1,136.30,1,5.20,1,-120,0.50,-2315.52,12,0
10/30/2018 12:20:36 ,13,1,1.17000,1,2.63000,2.88000,51.060367,3.707041,1,3033,1,2.300000,1,137.48,1,5.85,1,-120,0.50,-2315.52,12,0
10/30/2018 12:20:37 ,13,1,1.17000,1,2.63000,2.88000,51.060359,3.707060,1,3100,1,1.600000,1,140.44,1,6.26,1,-120,0.50,-2315.52,12,0
10/30/2018 12:20:38 ,13,1,1.17000,1,2.63000,2.88000,51.060352,3.707089,1,344,1,1.600000,1,139.40,1,7.09,1,-125,4.75,-2301.36,12,1
10/30/2018 12:20:39 ,14,1,1.14000,1,1.79000,2.12000,51.060340,3.707118,1,1042,1,1.500000,1,144.93,1,6.63,1,-125,4.75,-2301.36,12,0
10/30/2018 12:20:40 ,14,1,1.14000,1,1.79000,2.12000,51.060337,3.707141,1,2330,1,2.200000,1,146.38,1,5.22,1,-125,4.75,-2301.36,12,0
10/30/2018 12:20:42 ,14,1,1.17000,1,2.63000,2.88000,51.060340,3.707236,1,3030,1,2.700000,1,134.70,1,5.98,1,-125,4.75,-2301.36,12,0
10/30/2018 12:20:44 ,14,1,1.24000,1,2.28000,2.59000,51.060348,3.707293,1,3102,1,5.500000,1,117.76,1,5.22,1,-125,4.75,-2301.36,12,0
10/30/2018 12:20:46 ,14,1,1.14000,1,1.79000,2.12000,51.060348,3.707348,1,3124,1,7.200000,1,113.96,1,4.94,1,-125,4.75,-2301.36,12,0
10/30/2018 12:20:47 ,14,1,1.14000,1,1.79000,2.12000,51.060344,3.707367,1,1202,1,8.100001,1,122.53,1,5.07,1,-122,5.00,-2273.57,12,1
10/30/2018 12:20:48 ,14,1,1.14000,1,1.79000,2.12000,51.060340,3.707390,1,2330,1,8.600001,1,123.73,1,5.50,1,-122,5.00,-2273.57,12,0
10/30/2018 12:20:50 ,14,1,1.14000,1,1.79000,2.12000,51.060329,3.707437,1,3032,1,9.700000,1,122.67,1,5.52,1,-122,5.00,-2273.57,12,0
10/30/2018 12:20:52 ,13,1,1.17000,1,2.62000,2.87000,51.060314,3.707476,1,3333,1,9.900000,1,127.27,1,5.82,1,-122,5.00,-2273.57,12,0
10/30/2018 12:20:52 ,13,1,1.17000,1,2.62000,2.87000,51.060314,3.707476,1,4133,1,9.900000,1,127.27,1,5.82,1,-110,6.50,2894.07,7,1
10/30/2018 12:20:53 ,13,1,1.17000,1,2.62000,2.87000,51.060298,3.707491,1,4211,1,9.900000,1,135.97,1,5.96,1,-110,6.50,2894.07,7,0
10/30/2018 12:20:54 ,13,1,1.17000,1,2.62000,2.87000,51.060295,3.707503,1,344,1,10.400000,1,137.52,1,4.22,1,-109,6.50,2894.07,7,1
10/30/2018 12:20:55 ,13,1,1.17000,1,2.62000,2.87000,51.060291,3.707519,1,2123,1,10.700000,1,133.78,1,4.56,1,-109,6.50,2894.07,7,0
10/30/2018 12:20:56 ,14,1,1.17000,1,2.62000,2.87000,51.060291,3.707538,1,3221,1,11.500000,1,118.48,1,4.39,1,-109,6.50,2894.07,7,0
10/30/2018 12:20:58 ,13,1,1.17000,1,2.62000,2.87000,51.060283,3.707571,1,3302,1,12.900000,1,112.82,1,4.20,1,-109,6.50,2894.07,7,0
10/30/2018 12:21:00 ,14,1,1.17000,1,2.62000,2.87000,51.060253,3.707604,1,3333,1,13.600001,1,134.96,1,6.67,1,-109,6.50,2894.07,7,0
10/30/2018 12:21:02 ,14,1,1.14000,1,1.78000,2.12000,51.060237,3.707645,1,4120,1,15.300001,1,130.94,1,6.65,1,-109,6.50,2894.07,7,0
10/30/2018 12:21:04 ,14,1,1.17000,1,2.62000,2.87000,51.060211,3.707674,1,4144,1,16.500000,1,136.31,1,6.37,1,-109,6.50,2894.07,7,0
10/30/2018 12:21:05 ,13,1,1.17000,1,2.62000,2.87000,51.060192,3.707679,1,4222,1,16.500000,1,147.42,1,5.82,1,-109,2.50,-2248.93,12,1
10/30/2018 12:21:05 ,13,1,1.17000,1,2.62000,2.87000,51.060192,3.707679,1,4222,1,16.500000,1,147.42,1,5.82,1,-109,2.50,-2248.93,12,0
10/30/2018 12:21:07 ,14,1,1.19000,1,1.79000,2.15000,51.060176,3.707718,1,4322,1,17.500000,1,134.90,1,6.39,1,-109,2.50,-2248.93,12,0
10/30/2018 12:21:08 ,13,1,1.19000,1,1.79000,2.15000,51.060169,3.707737,1,4341,1,18.399999,1,130.18,1,5.85,1,-109,2.50,-2248.93,12,0
10/30/2018 12:21:10 ,14,1,1.14000,1,1.78000,2.11000,51.060153,3.707762,1,4412,1,19.600000,1,129.81,1,4.50,1,-109,2.50,-2248.93,12,0
10/30/2018 12:21:12 ,14,1,1.14000,1,1.78000,2.11000,51.060127,3.707792,1,4443,1,20.399999,1,137.36,1,6.04,1,-109,2.50,-2248.93,12,0
10/30/2018 12:21:14 ,14,1,1.14000,1,1.78000,2.11000,51.060100,3.707826,1,10020,1,19.100000,1,140.37,1,4.76,1,-109,2.50,-2248.93,12,0
10/30/2018 12:21:14 ,14,1,1.14000,1,1.78000,2.11000,51.060100,3.707826,1,11003,1,19.100000,1,140.37,1,4.76,1,-116,4.25,-2232.68,12,1
10/30/2018 12:21:15 ,14,1,1.14000,1,1.78000,2.11000,51.060081,3.707841,1,11020,1,19.399999,1,143.38,1,5.78,1,-116,4.25,-2232.68,12,0
10/30/2018 12:21:17 ,14,1,1.14000,1,1.78000,2.11000,51.060062,3.707867,1,11103,1,19.000000,1,136.91,1,4.07,1,-116,4.25,-2232.68,12,0
10/30/2018 12:21:19 ,13,1,1.17000,1,2.62000,2.86000,51.060031,3.707889,1,11132,1,18.799999,1,145.11,1,5.82,1,-116,4.25,-2232.68,12,0
10/30/2018 12:21:21 ,12,1,1.40000,1,3.72000,3.98000,51.060012,3.707910,1,11204,1,19.500000,1,144.70,1,5.11,1,-116,4.25,-2232.68,12,0
10/30/2018 12:21:23 ,12,1,1.40000,1,3.72000,3.98000,51.059993,3.707946,1,222,1,19.500000,1,132.30,1,5.91,1,-116,4.25,-2232.68,12,0
10/30/2018 12:21:24 ,14,1,1.40000,1,3.72000,3.98000,51.059978,3.707966,1,231,1,20.299999,1,129.39,1,5.54,1,-114,4.50,-2210.14,12,1
10/30/2018 12:21:24 ,14,1,1.40000,1,3.72000,3.98000,51.059978,3.707966,1,231,1,20.299999,1,129.39,1,5.54,1,-114,4.50,-2210.14,12,0
10/30/2018 12:21:25 ,14,1,1.17000,1,2.61000,2.86000,51.059967,3.707987,1,2114,1,19.200000,1,129.89,1,5.85,1,-114,4.50,-2210.14,12,0
10/30/2018 12:21:26 ,14,1,1.17000,1,2.61000,2.86000,51.059951,3.708007,1,3013,1,18.600000,1,132.58,1,5.43,1,-114,4.50,-2210.14,12,0
10/30/2018 12:21:26 ,14,1,1.17000,1,2.61000,2.86000,51.059951,3.708007,1,10342,1,18.600000,1,132.58,1,5.43,1,-93,5.75,2961.18,7,1
10/30/2018 12:21:27 ,13,1,1.17000,1,2.61000,2.86000,51.059928,3.708031,1,10414,1,18.399999,1,137.47,1,7.50,1,-93,5.75,2961.18,7,0
10/30/2018 12:21:28 ,14,1,1.17000,1,2.61000,2.86000,51.059917,3.708058,1,2112,1,17.299999,1,134.38,1,6.56,1,-95,6.25,2944.40,7,1
10/30/2018 12:21:29 ,14,1,1.14000,1,1.78000,2.11000,51.059902,3.708079,1,3021,1,17.000000,1,134.73,1,5.44,1,-95,6.25,2944.40,7,0
10/30/2018 12:21:29 ,14,1,1.14000,1,1.78000,2.11000,51.059902,3.708079,1,11322,1,17.000000,1,134.73,1,5.44,1,-99,5.50,2961.18,7,1
10/30/2018 12:21:31 ,14,1,1.14000,1,1.78000,2.11000,51.059886,3.708097,1,1031,1,20.799999,1,140.98,1,3.80,1,-99,5.50,2961.18,7,0
10/30/2018 12:21:32 ,14,1,1.14000,1,1.78000,2.11000,51.059875,3.708100,1,2303,1,21.600000,1,146.32,1,2.93,1,-99,5.50,2961.18,7,0
10/30/2018 12:21:34 ,14,1,1.14000,1,1.78000,2.11000,51.059864,3.708117,1,3043,1,22.600000,1,152.89,1,2.87,1,-99,5.50,2961.18,7,0
10/30/2018 12:21:36 ,14,1,1.14000,1,1.78000,2.11000,51.059856,3.708140,1,3104,1,23.799999,1,112.49,1,3.83,1,-99,5.50,2961.18,7,0
10/30/2018 12:21:37 ,12,1,1.97000,1,2.91000,3.51000,51.059860,3.708170,1,3410,1,24.200000,1,90.08,1,7.59,1,-99,5.50,2961.18,7,0
10/30/2018 12:21:39 ,14,1,1.34000,1,1.79000,2.24000,51.059867,3.708211,1,3422,1,24.700000,1,74.20,1,6.67,1,-99,5.50,2961.18,7,0
10/30/2018 12:21:41 ,14,1,1.24000,1,2.27000,2.59000,51.059864,3.708242,1,3434,1,25.299999,1,79.15,1,5.41,1,-99,5.50,2961.18,7,0
10/30/2018 12:21:42 ,14,1,1.14000,1,1.78000,2.11000,51.059860,3.708247,1,2323,1,25.200000,1,79.15,1,3.30,1,-115,3.75,-2182.87,12,1
10/30/2018 12:21:43 ,13,1,1.24000,1,2.27000,2.59000,51.059860,3.708258,1,3022,1,25.700000,1,79.15,1,3.39,1,-115,3.75,-2182.87,12,0
10/30/2018 12:21:45 ,13,1,1.24000,1,2.27000,2.59000,51.059856,3.708296,1,3021,1,26.899999,1,81.95,1,4.67,1,-115,3.75,-2182.87,12,0
10/30/2018 12:21:47 ,13,1,1.24000,1,2.27000,2.59000,51.059867,3.708350,1,3034,1,27.000000,1,81.79,1,5.32,1,-115,3.75,-2182.87,12,0
10/30/2018 12:21:49 ,14,1,1.14000,1,1.78000,2.11000,51.059841,3.708407,1,3110,1,24.100000,1,109.18,1,5.33,1,-115,3.75,-2182.87,12,0
10/30/2018 12:21:51 ,14,1,1.19000,1,1.79000,2.15000,51.059806,3.708486,1,3123,1,20.600000,1,122.66,1,8.41,1,-115,3.75,-2182.87,12,0
10/30/2018 12:21:51 ,14,1,1.19000,1,1.79000,2.15000,51.059806,3.708486,1,4020,1,20.600000,1,122.66,1,8.41,1,-100,5.25,-2173.44,12,1
10/30/2018 12:21:52 ,14,1,1.19000,1,1.79000,2.15000,51.059791,3.708521,1,4112,1,19.299999,1,125.16,1,8.45,1,-100,5.25,-2173.44,12,0
10/30/2018 12:21:54 ,14,1,1.14000,1,1.78000,2.11000,51.059757,3.708572,1,4130,1,18.500000,1,135.25,1,7.41,1,-100,5.25,-2173.44,12,0
10/30/2018 12:21:56 ,14,1,1.46000,1,2.07000,2.53000,51.059726,3.708625,1,4200,1,17.399999,1,143.00,1,7.63,1,-100,5.25,-2173.44,12,0
10/30/2018 12:21:58 ,14,1,1.14000,1,1.78000,2.11000,51.059696,3.708672,1,4223,1,16.600000,1,141.85,1,6.56,1,-100,5.25,-2173.44,12,0
10/30/2018 12:22:00 ,14,1,1.30000,1,1.88000,2.28000,51.059673,3.708708,1,4304,1,15.500000,1,144.99,1,5.43,1,-100,5.25,-2173.44,12,0
10/30/2018 12:22:01 ,14,1,1.30000,1,1.88000,2.28000,51.059658,3.708722,1,122,1,15.500000,1,150.13,1,5.41,1,-68,6.25,2994.73,7,1
10/30/2018 12:22:02 ,14,1,1.14000,1,1.77000,2.11000,51.059642,3.708738,1,404,1,14.400000,1,152.36,1,5.82,1,-68,6.25,2994.73,7,0
10/30/2018 12:22:02 ,14,1,1.14000,1,1.77000,2.11000,51.059642,3.708738,1,3334,1,14.400000,1,152.36,1,5.82,1,-65,6.25,3011.51,7,1
10/30/2018 12:22:03 ,14,1,1.14000,1,1.77000,2.11000,51.059631,3.708757,1,3403,1,14.100001,1,152.79,1,5.87,1,-65,6.25,3011.51,7,0
10/30/2018 12:22:04 ,13,1,1.46000,1,1.77000,2.11000,51.059619,3.708786,1,101,1,13.000000,1,147.36,1,6.48,1,-69,5.75,2994.73,7,1
10/30/2018 12:22:05 ,13,1,1.46000,1,2.07000,2.53000,51.059604,3.708801,1,2330,1,13.000000,1,150.16,1,6.00,1,-69,5.75,2994.73,7,0
10/30/2018 12:22:07 ,13,1,1.46000,1,2.07000,2.53000,51.059593,3.708811,1,3033,1,12.300001,1,154.47,1,2.89,1,-69,5.75,2994.73,7,0
10/30/2018 12:22:09 ,13,1,1.53000,1,2.91000,3.29000,51.059597,3.708835,1,3101,1,11.700000,1,154.47,1,1.46,1,-69,5.75,2994.73,7,0
10/30/2018 12:22:11 ,13,1,1.52000,1,2.07000,2.57000,51.059593,3.708843,1,3401,1,10.300001,1,154.47,1,0.91,1,-69,5.75,2994.73,7,0
10/30/2018 12:22:13 ,14,1,1.46000,1,2.06000,2.53000,51.059593,3.708853,1,3420,1,10.600001,1,154.47,1,0.46,1,-69,5.75,2994.73,7,0
10/30/2018 12:22:15 ,14,1,3.14000,1,4.77000,5.71000,51.059585,3.708869,1,3443,1,10.500000,1,154.47,1,0.46,1,-69,5.75,2994.73,7,0
10/30/2018 12:22:17 ,13,1,3.14000,1,4.77000,5.71000,51.059585,3.708882,1,4024,1,11.400000,1,154.47,1,0.74,1,-69,5.75,2994.73,7,0
10/30/2018 12:22:18 ,13,1,1.79000,1,2.25000,2.87000,51.059581,3.708871,1,4043,1,11.800001,1,154.47,1,0.89,1,-69,5.75,2994.73,7,0
10/30/2018 12:22:19 ,13,1,1.67000,1,2.24000,2.79000,51.059577,3.708899,1,414,1,12.200000,1,154.47,1,1.39,1,-89,4.75,-2142.50,12,1
10/30/2018 12:22:20 ,13,1,1.46000,1,2.06000,2.53000,51.059574,3.708940,1,2033,1,12.400000,1,154.47,1,3.56,1,-89,4.75,-2142.50,12,0
10/30/2018 12:22:22 ,12,1,2.03000,1,2.52000,3.24000,51.059577,3.708988,1,2444,1,12.400000,1,154.47,1,2.93,1,-89,4.75,-2142.50,12,0
10/30/2018 12:22:24 ,13,1,2.03000,1,2.52000,3.24000,51.059577,3.709028,1,3030,1,12.400000,1,154.47,1,1.94,1,-89,4.75,-2142.50,12,0
10/30/2018 12:22:26 ,13,1,2.03000,1,2.52000,3.24000,51.059581,3.709049,1,3032,1,12.300001,1,154.47,1,0.56,1,-89,4.75,-2142.50,12,0
10/30/2018 12:22:27 ,13,1,2.03000,1,2.52000,3.24000,51.059581,3.709052,1,3120,1,12.600001,1,154.47,1,0.52,1,-89,4.75,-2142.50,12,0
10/30/2018 12:22:28 ,13,1,2.03000,1,2.52000,3.24000,51.059577,3.709053,1,2201,1,12.900000,1,154.47,1,0.59,1,-91,4.00,-2142.50,12,1
10/30/2018 12:22:29 ,13,1,2.03000,1,2.52000,3.24000,51.059577,3.709053,1,3010,1,13.000000,1,154.47,1,0.33,1,-91,4.00,-2142.50,12,0
10/30/2018 12:22:31 ,14,1,1.19000,1,1.78000,2.15000,51.059577,3.709052,1,3004,1,11.900000,1,154.47,1,0.19,1,-91,4.00,-2142.50,12,0
10/30/2018 12:22:33 ,14,1,1.19000,1,1.78000,2.14000,51.059577,3.709061,1,3040,1,11.900000,1,154.47,1,0.83,1,-91,4.00,-2142.50,12,0
10/30/2018 12:22:35 ,20,1,0.87000,1,1.47000,1.71000,51.059570,3.709097,1,3041,1,14.100001,1,154.47,1,0.57,1,-91,4.00,-2142.50,12,0
10/30/2018 12:22:36 ,20,1,0.96000,1,2.01000,2.23000,51.059562,3.709130,1,3402,1,14.300001,1,154.47,1,1.00,1,-91,4.00,-2142.50,12,0
10/30/2018 12:22:36 ,20,1,0.96000,1,2.01000,2.23000,51.059562,3.709130,1,10133,1,14.300001,1,154.47,1,1.00,1,-62,5.75,2994.73,7,1
10/30/2018 12:22:37 ,20,1,1.02000,1,2.06000,2.30000,51.059558,3.709141,1,10204,1,13.700000,1,154.47,1,0.89,1,-62,5.75,2994.73,7,0
10/30/2018 12:22:38 ,20,1,0.96000,1,2.01000,2.23000,51.059555,3.709167,1,1401,1,13.600001,1,154.47,1,1.20,1,-64,6.25,2994.73,7,1
10/30/2018 12:22:39 ,13,1,1.04000,1,1.54000,1.86000,51.059551,3.709189,1,3002,1,14.100001,1,154.47,1,0.89,1,-64,6.25,2994.73,7,0
10/30/2018 12:22:40 ,20,1,0.99000,1,1.50000,1.80000,51.059547,3.709222,1,3241,1,14.400000,1,154.47,1,1.37,1,-64,6.25,2994.73,7,0
10/30/2018 12:22:42 ,20,1,1.03000,1,1.51000,1.83000,51.059543,3.709253,1,3314,1,16.000000,1,154.47,1,0.07,1,-64,6.25,2994.73,7,0
10/30/2018 12:22:44 ,13,1,1.22000,1,1.54000,1.97000,51.059547,3.709263,1,3411,1,17.299999,1,154.47,1,0.28,1,-64,6.25,2994.73,7,0
10/30/2018 12:22:46 ,14,1,1.22000,1,1.54000,1.97000,51.059547,3.709282,1,4130,1,18.200000,1,154.47,1,1.30,1,-64,6.25,2994.73,7,0
10/30/2018 12:22:46 ,14,1,1.22000,1,1.54000,1.97000,51.059547,3.709282,1,10134,1,18.200000,1,154.47,1,1.30,1,-87,4.75,-2145.65,12,1
10/30/2018 12:22:47 ,13,1,1.75000,1,1.69000,2.43000,51.059547,3.709272,1,10230,1,17.600000,1,154.47,1,0.54,1,-87,4.75,-2145.65,12,0
10/30/2018 12:22:49 ,13,1,1.75000,1,1.69000,2.43000,51.059547,3.709257,1,10303,1,16.600000,1,154.47,1,0.31,1,-87,4.75,-2145.65,12,0
10/30/2018 12:22:51 ,14,1,1.22000,1,1.54000,1.96000,51.059547,3.709256,1,10312,1,16.600000,1,154.47,1,0.00,1,-87,4.75,-2145.65,12,0
10/30/2018 12:22:52 ,14,1,1.22000,1,1.54000,1.96000,51.059547,3.709244,1,10343,1,16.399999,1,154.47,1,0.20,1,-87,4.75,-2145.65,12,0
10/30/2018 12:22:54 ,14,1,1.28000,1,1.59000,2.04000,51.059547,3.709211,1,10422,1,15.400000,1,154.47,1,0.24,1,-87,4.75,-2145.65,12,0
10/30/2018 12:22:55 ,20,1,0.87000,1,1.46000,1.70000,51.059551,3.709185,1,11012,1,14.900000,1,154.47,1,0.59,1,-87,4.75,-2145.65,12,0
10/30/2018 12:22:55 ,20,1,0.87000,1,1.46000,1.70000,51.059551,3.709185,1,11401,1,14.900000,1,154.47,1,0.59,1,-88,4.25,-2144.60,12,1
10/30/2018 12:22:57 ,20,1,0.91000,1,1.46000,1.70000,51.059551,3.709177,1,40,1,15.400000,1,154.47,1,0.24,1,-88,4.25,-2144.60,12,0
10/30/2018 12:22:58 ,20,1,0.99000,1,1.48000,1.78000,51.059551,3.709178,1,1211,1,15.800001,1,154.47,1,0.15,1,-88,4.25,-2144.60,12,0
10/30/2018 12:22:59 ,14,1,1.02000,1,1.73000,2.01000,51.059558,3.709136,1,2440,1,15.100001,1,154.47,1,1.28,1,-88,4.25,-2144.60,12,0
10/30/2018 12:23:01 ,13,1,1.05000,1,1.75000,2.04000,51.059558,3.709129,1,3034,1,14.800001,1,154.47,1,0.50,1,-88,4.25,-2144.60,12,0
10/30/2018 12:23:03 ,20,1,1.03000,1,1.51000,1.83000,51.059562,3.709148,1,3043,1,15.500000,1,154.47,1,1.24,1,-88,4.25,-2144.60,12,0
10/30/2018 12:23:04 ,20,1,0.99000,1,1.50000,1.80000,51.059562,3.709141,1,3044,1,15.600001,1,154.47,1,0.22,1,-88,4.25,-2144.60,12,0
10/30/2018 12:23:05 ,14,1,1.03000,1,1.50000,1.80000,51.059562,3.709153,1,204,1,16.000000,1,154.47,1,0.52,1,-88,4.50,-2142.50,12,1
10/30/2018 12:23:06 ,20,1,0.87000,1,1.46000,1.70000,51.059562,3.709158,1,1330,1,17.200000,1,154.47,1,0.13,1,-88,4.50,-2142.50,12,0
10/30/2018 12:23:07 ,20,1,0.93000,1,1.47000,1.74000,51.059566,3.709162,1,2443,1,17.399999,1,154.47,1,0.19,1,-88,4.50,-2142.50,12,0
10/30/2018 12:23:09 ,20,1,0.91000,1,1.48000,1.74000,51.059570,3.709165,1,3030,1,18.000000,1,154.47,1,0.52,1,-88,4.50,-2142.50,12,0
10/30/2018 12:23:10 ,20,1,0.87000,1,1.46000,1.70000,51.059574,3.709171,1,11342,1,18.899999,1,154.47,1,1.24,1,-19,5.75,3011.51,7,1
10/30/2018 12:23:10 ,20,1,0.87000,1,1.46000,1.70000,51.059574,3.709171,1,11342,1,18.899999,1,154.47,1,1.24,1,-19,5.75,3011.51,7,0
10/30/2018 12:23:12 ,20,1,0.99000,1,1.50000,1.80000,51.059577,3.709149,1,1221,1,19.500000,1,154.47,1,0.61,1,-19,5.75,3011.51,7,0
10/30/2018 12:23:12 ,20,1,0.99000,1,1.50000,1.80000,51.059577,3.709149,1,3044,1,19.500000,1,154.47,1,0.61,1,-57,6.00,3011.51,7,1
10/30/2018 12:23:13 ,20,1,0.99000,1,1.50000,1.80000,51.059577,3.709125,1,3120,1,19.100000,1,154.47,1,1.39,1,-57,6.00,3011.51,7,0
10/30/2018 12:23:14 ,20,1,0.99000,1,1.50000,1.80000,51.059581,3.709125,1,300,1,19.100000,1,154.47,1,0.69,1,-53,-5.75,3095.40,7,1
10/30/2018 12:23:15 ,14,1,0.92000,1,1.49000,1.75000,51.059577,3.709136,1,2041,1,19.100000,1,154.47,1,0.31,1,-53,-5.75,3095.40,7,0
10/30/2018 12:23:17 ,20,1,1.07000,1,1.51000,1.85000,51.059574,3.709138,1,3023,1,18.500000,1,154.47,1,1.02,1,-53,-5.75,3095.40,7,0
10/30/2018 12:23:19 ,20,1,1.26000,1,1.54000,1.99000,51.059570,3.709155,1,3044,1,19.299999,1,154.47,1,0.69,1,-53,-5.75,3095.40,7,0
10/30/2018 12:23:21 ,20,1,1.22000,1,1.53000,1.96000,51.059566,3.709154,1,3334,1,19.799999,1,154.47,1,0.48,1,-53,-5.75,3095.40,7,0
10/30/2018 12:23:23 ,20,1,1.22000,1,1.53000,1.96000,51.059566,3.709142,1,3221,1,19.899999,1,154.47,1,0.39,1,-87,4.00,-2146.17,12,1
10/30/2018 12:23:23 ,20,1,1.22000,1,1.53000,1.96000,51.059566,3.709142,1,3221,1,19.899999,1,154.47,1,0.39,1,-87,4.00,-2146.17,12,0
10/30/2018 12:23:25 ,20,1,0.92000,1,1.46000,1.73000,51.059570,3.709141,1,3310,1,20.299999,1,154.47,1,0.41,1,-87,4.00,-2146.17,12,0
10/30/2018 12:23:27 ,20,1,1.18000,1,2.07000,2.38000,51.059570,3.709150,1,3324,1,20.299999,1,154.47,1,0.54,1,-87,4.00,-2146.17,12,0
10/30/2018 12:23:28 ,20,1,1.18000,1,2.07000,2.38000,51.059570,3.709155,1,3424,1,20.500000,1,154.47,1,0.72,1,-87,4.00,-2146.17,12,0
10/30/2018 12:23:30 ,14,1,1.07000,1,1.51000,1.85000,51.059574,3.709160,1,3441,1,20.899999,1,154.47,1,0.41,1,-87,4.00,-2146.17,12,0
10/30/2018 12:23:32 ,20,1,1.07000,1,1.51000,1.85000,51.059577,3.709156,1,4032,1,21.500000,1,154.47,1,0.33,1,-87,4.00,-2146.17,12,0
10/30/2018 12:23:32 ,20,1,1.07000,1,1.51000,1.85000,51.059577,3.709156,1,10013,1,21.500000,1,154.47,1,0.33,1,-87,2.50,-2144.60,12,1
10/30/2018 12:23:33 ,20,1,1.07000,1,1.51000,1.85000,51.059581,3.709146,1,10022,1,21.799999,1,154.47,1,0.87,1,-87,2.50,-2144.60,12,0
10/30/2018 12:23:35 ,14,1,0.99000,1,1.49000,1.79000,51.059589,3.709148,1,10102,1,22.899999,1,154.47,1,0.37,1,-87,2.50,-2144.60,12,0
10/30/2018 12:23:37 ,20,1,1.10000,1,2.01000,2.29000,51.059597,3.709156,1,10130,1,23.299999,1,154.47,1,1.20,1,-87,2.50,-2144.60,12,0
10/30/2018 12:23:39 ,14,1,1.03000,1,2.39000,2.60000,51.059593,3.709167,1,10201,1,23.200000,1,154.47,1,0.85,1,-87,2.50,-2144.60,12,0
10/30/2018 12:23:41 ,20,1,1.04000,1,2.01000,2.26000,51.059589,3.709170,1,10230,1,23.600000,1,154.47,1,1.76,1,-87,2.50,-2144.60,12,0
10/30/2018 12:23:41 ,20,1,1.04000,1,2.01000,2.26000,51.059589,3.709170,1,11242,1,23.600000,1,154.47,1,1.76,1,-82,5.00,-2138.31,12,1
10/30/2018 12:23:43 ,20,1,1.04000,1,2.01000,2.26000,51.059589,3.709178,1,333,1,23.600000,1,154.47,1,0.70,1,-82,5.00,-2138.31,12,0
10/30/2018 12:23:44 ,20,1,1.04000,1,2.00000,2.26000,51.059593,3.709180,1,1022,1,23.100000,1,154.47,1,0.61,1,-82,5.00,-2138.31,12,0
10/30/2018 12:23:45 ,14,1,0.96000,1,2.00000,2.21000,51.059593,3.709187,1,2143,1,23.000000,1,154.47,1,0.19,1,-82,5.00,-2138.31,12,0
10/30/2018 12:23:46 ,20,1,0.96000,1,2.00000,2.21000,51.059593,3.709200,1,3231,1,23.100000,1,154.47,1,0.98,1,-82,5.00,-2138.31,12,0
10/30/2018 12:23:46 ,20,1,0.96000,1,2.00000,2.21000,51.059593,3.709200,1,4201,1,23.100000,1,154.47,1,0.98,1,-58,5.50,9554.62,7,1
10/30/2018 12:23:46 ,20,1,0.96000,1,2.00000,2.21000,51.059593,3.709200,1,4322,1,23.100000,1,154.47,1,0.98,1,-65,5.75,2994.73,7,1
10/30/2018 12:23:47 ,14,1,1.10000,1,2.57000,2.79000,51.059593,3.709203,1,4413,1,22.600000,1,154.47,1,0.81,1,-65,5.75,2994.73,7,0
10/30/2018 12:23:48 ,14,1,1.04000,1,2.00000,2.26000,51.059589,3.709209,1,431,1,22.299999,1,154.47,1,0.33,1,-60,5.50,2994.73,7,1
10/30/2018 12:23:49 ,14,1,1.06000,1,2.40000,2.62000,51.059585,3.709211,1,2043,1,22.200000,1,154.47,1,0.15,1,-60,5.50,2994.73,7,0
10/30/2018 12:23:50 ,20,1,0.87000,1,1.46000,1.70000,51.059585,3.709215,1,3210,1,22.100000,1,154.47,1,0.91,1,-60,5.50,2994.73,7,0
10/30/2018 12:23:52 ,20,1,0.96000,1,1.99000,2.21000,51.059585,3.709209,1,3242,1,21.899999,1,154.47,1,0.26,1,-60,5.50,2994.73,7,0
10/30/2018 12:23:54 ,20,1,0.96000,1,1.99000,2.21000,51.059585,3.709212,1,3311,1,21.200000,1,154.47,1,0.63,1,-60,5.50,2994.73,7,0
10/30/2018 12:23:56 ,20,1,0.92000,1,1.46000,1.72000,51.059585,3.709215,1,4110,1,21.600000,1,154.47,1,0.07,1,-60,5.50,2994.73,7,0
10/30/2018 12:23:58 ,20,1,1.17000,1,2.09000,2.39000,51.059581,3.709240,1,4141,1,21.200000,1,154.47,1,0.65,1,-60,5.50,2994.73,7,0
10/30/2018 12:24:00 ,14,1,0.99000,1,1.49000,1.79000,51.059581,3.709247,1,1310,1,22.000000,1,154.47,1,0.52,1,-89,5.75,-2138.31,12,1
10/30/2018 12:24:00 ,14,1,0.99000,1,1.49000,1.79000,51.059581,3.709247,1,1310,1,22.000000,1,154.47,1,0.52,1,-89,5.75,-2138.31,12,0
10/30/2018 12:24:02 ,20,1,0.99000,1,1.49000,1.79000,51.059585,3.709257,1,3020,1,22.700000,1,154.47,1,0.26,1,-89,5.75,-2138.31,12,0
10/30/2018 12:24:04 ,20,1,0.96000,1,1.99000,2.21000,51.059593,3.709272,1,3023,1,23.399999,1,154.47,1,1.83,1,-89,5.75,-2138.31,12,0
10/30/2018 12:24:05 ,20,1,0.87000,1,1.45000,1.69000,51.059593,3.709273,1,3112,1,23.399999,1,154.47,1,2.09,1,-89,5.75,-2138.31,12,0
10/30/2018 12:24:07 ,20,1,0.91000,1,1.47000,1.73000,51.059604,3.709260,1,3114,1,22.799999,1,247.79,1,4.32,1,-89,5.75,-2138.31,12,0
10/30/2018 12:24:09 ,20,1,0.96000,1,1.99000,2.21000,51.059616,3.709273,1,3032,1,24.299999,1,284.84,1,3.57,1,-95,4.50,-2127.30,12,1
10/30/2018 12:24:09 ,20,1,0.96000,1,1.99000,2.21000,51.059616,3.709273,1,3032,1,24.299999,1,284.84,1,3.57,1,-95,4.50,-2127.30,12,0
10/30/2018 12:24:11 ,20,1,0.92000,1,1.48000,1.75000,51.059631,3.709259,1,3131,1,24.700000,1,325.87,1,2.63,1,-95,4.50,-2127.30,12,0
10/30/2018 12:24:13 ,20,1,0.87000,1,1.45000,1.69000,51.059661,3.709207,1,3120,1,24.399999,1,325.28,1,6.17,1,-95,4.50,-2127.30,12,0
10/30/2018 12:24:15 ,20,1,0.87000,1,1.45000,1.69000,51.059684,3.709178,1,3201,1,24.299999,1,335.17,1,5.06,1,-95,4.50,-2127.30,12,0
10/30/2018 12:24:16 ,20,1,0.87000,1,1.45000,1.69000,51.059700,3.709149,1,3220,1,24.100000,1,328.25,1,5.96,1,-95,4.50,-2127.30,12,0
10/30/2018 12:24:18 ,20,1,0.99000,1,1.48000,1.79000,51.059715,3.709112,1,3244,1,24.100000,1,320.21,1,4.48,1,-95,4.50,-2127.30,12,0
10/30/2018 12:24:18 ,20,1,0.99000,1,1.48000,1.79000,51.059715,3.709112,1,4231,1,24.100000,1,320.21,1,4.48,1,-99,5.25,-2124.15,12,1
10/30/2018 12:24:19 ,20,1,0.87000,1,1.45000,1.69000,51.059707,3.709092,1,4333,1,23.799999,1,320.21,1,2.56,1,-99,5.25,-2124.15,12,0
10/30/2018 12:24:20 ,20,1,0.93000,1,1.46000,1.73000,51.059719,3.709051,1,10100,1,23.399999,1,303.80,1,4.43,1,-99,5.25,-2124.15,12,0
10/30/2018 12:24:20 ,20,1,0.93000,1,1.46000,1.73000,51.059719,3.709051,1,10413,1,23.399999,1,303.80,1,4.43,1,-82,6.25,9453.96,7,1
10/30/2018 12:24:20 ,20,1,0.93000,1,1.46000,1.73000,51.059719,3.709051,1,11024,1,23.399999,1,303.80,1,4.43,1,-74,6.00,3011.51,7,1
10/30/2018 12:24:21 ,20,1,0.99000,1,1.48000,1.78000,51.059734,3.709012,1,11103,1,23.299999,1,300.73,1,5.69,1,-74,6.00,3011.51,7,0
10/30/2018 12:24:22 ,20,1,0.99000,1,1.48000,1.78000,51.059764,3.708928,1,2131,1,22.700000,1,310.38,1,6.65,1,-85,5.50,3028.29,7,1
10/30/2018 12:24:23 ,20,1,0.87000,1,1.45000,1.69000,51.059795,3.708832,1,3021,1,21.299999,1,320.75,1,6.33,1,-85,5.50,3028.29,7,0
10/30/2018 12:24:24 ,20,1,0.87000,1,1.45000,1.69000,51.059818,3.708728,1,3311,1,19.500000,1,326.06,1,6.35,1,-85,5.50,3028.29,7,0
10/30/2018 12:24:26 ,14,1,0.96000,1,1.99000,2.21000,51.059848,3.708619,1,3342,1,17.000000,1,333.76,1,5.37,1,-85,5.50,3028.29,7,0
10/30/2018 12:24:28 ,14,1,0.99000,1,1.48000,1.78000,51.059848,3.708582,1,4000,1,15.900000,1,332.31,1,2.37,1,-85,5.50,3028.29,7,0
10/30/2018 12:24:30 ,13,1,1.11000,1,1.99000,2.27000,51.059860,3.708537,1,4221,1,15.200000,1,331.18,1,3.78,1,-85,5.50,3028.29,7,0
10/30/2018 12:24:32 ,14,1,0.96000,1,1.98000,2.20000,51.059898,3.708501,1,4232,1,14.800001,1,348.26,1,8.33,1,-85,5.50,3028.29,7,0
10/30/2018 12:24:34 ,20,1,0.87000,1,1.45000,1.69000,51.059944,3.708469,1,4240,1,13.800001,1,346.39,1,7.48,1,-85,5.50,3028.29,7,0
10/30/2018 12:24:36 ,20,1,0.87000,1,1.45000,1.69000,51.059982,3.708431,1,4323,1,12.700000,1,337.40,1,6.00,1,-85,5.50,3028.29,7,0
10/30/2018 12:24:37 ,20,1,0.87000,1,1.45000,1.69000,51.059993,3.708411,1,234,1,12.700000,1,329.39,1,5.74,1,-106,4.25,-2100.56,12,1
10/30/2018 12:24:38 ,20,1,0.87000,1,1.45000,1.69000,51.060005,3.708394,1,414,1,12.100001,1,325.85,1,6.30,1,-106,4.25,-2100.56,12,0
10/30/2018 12:24:39 ,20,1,0.87000,1,1.45000,1.69000,51.060024,3.708373,1,2040,1,11.600001,1,326.26,1,7.19,1,-106,4.25,-2100.56,12,0
10/30/2018 12:24:41 ,20,1,0.87000,1,1.45000,1.69000,51.060043,3.708332,1,3040,1,10.600001,1,321.31,1,5.56,1,-106,4.25,-2100.56,12,0
10/30/2018 12:24:43 ,20,1,0.87000,1,1.45000,1.69000,51.060058,3.708289,1,3113,1,9.600001,1,311.74,1,5.44,1,-106,4.25,-2100.56,12,0
10/30/2018 12:24:44 ,20,1,0.87000,1,1.45000,1.69000,51.060062,3.708263,1,3144,1,9.400000,1,302.09,1,5.70,1,-106,4.25,-2100.56,12,0
10/30/2018 12:24:46 ,20,1,0.87000,1,1.45000,1.69000,51.060073,3.708224,1,1034,1,8.600001,1,301.32,1,4.63,1,-113,4.00,-2093.74,12,1
10/30/2018 12:24:46 ,20,1,0.87000,1,1.45000,1.69000,51.060073,3.708224,1,1034,1,8.600001,1,301.32,1,4.63,1,-113,4.00,-2093.74,12,0
10/30/2018 12:24:48 ,14,1,0.96000,1,1.98000,2.20000,51.060073,3.708164,1,3102,1,9.000000,1,285.39,1,6.35,1,-113,4.00,-2093.74,12,0
10/30/2018 12:24:50 ,20,1,0.96000,1,1.98000,2.20000,51.060070,3.708116,1,3111,1,8.300001,1,272.08,1,4.78,1,-113,4.00,-2093.74,12,0
10/30/2018 12:24:52 ,20,1,0.87000,1,1.45000,1.69000,51.060066,3.708059,1,3130,1,7.700000,1,264.12,1,6.72,1,-113,4.00,-2093.74,12,0
10/30/2018 12:24:54 ,20,1,0.99000,1,1.47000,1.77000,51.060062,3.707989,1,3204,1,7.900000,1,267.83,1,7.78,1,-113,4.00,-2093.74,12,0
10/30/2018 12:24:55 ,20,1,0.99000,1,1.47000,1.77000,51.060062,3.707956,1,141,1,7.900000,1,269.12,1,7.80,1,-92,-3.25,9420.41,7,1
10/30/2018 12:24:56 ,20,1,0.91000,1,1.46000,1.73000,51.060062,3.707937,1,430,1,6.500000,1,270.79,1,5.69,1,-92,-3.25,9420.41,7,0
10/30/2018 12:24:56 ,20,1,0.91000,1,1.46000,1.73000,51.060062,3.707937,1,3410,1,6.500000,1,270.79,1,5.69,1,-91,4.00,9453.96,7,1
10/30/2018 12:24:57 ,20,1,1.31000,1,1.88000,2.29000,51.060066,3.707913,1,3433,1,5.300000,1,274.12,1,5.61,1,-91,4.00,9453.96,7,0
10/30/2018 12:24:58 ,20,1,0.91000,1,1.46000,1.73000,51.060077,3.707899,1,4240,1,4.700000,1,287.78,1,5.30,1,-91,4.00,9453.96,7,0
10/30/2018 12:25:00 ,20,1,0.96000,1,1.98000,2.20000,51.060100,3.707882,1,4312,1,3.800000,1,312.66,1,3.72,1,-91,4.00,9453.96,7,0
10/30/2018 12:25:02 ,14,1,0.97000,1,2.38000,2.57000,51.060131,3.707798,1,4343,1,2.800000,1,305.84,1,10.39,1,-91,4.00,9453.96,7,0
10/30/2018 12:25:04 ,20,1,0.87000,1,1.44000,1.69000,51.060142,3.707754,1,4031,1,3.600000,1,302.55,1,7.74,1,-119,4.75,-2020.87,12,1
10/30/2018 12:25:04 ,20,1,0.87000,1,1.44000,1.69000,51.060142,3.707754,1,4031,1,3.600000,1,302.55,1,7.74,1,-119,4.75,-2020.87,12,0
10/30/2018 12:25:06 ,20,1,0.87000,1,1.44000,1.69000,51.060165,3.707694,1,4144,1,3.100000,1,306.80,1,9.26,1,-119,4.75,-2020.87,12,0
10/30/2018 12:25:07 ,14,1,1.19000,1,1.75000,2.12000,51.060176,3.707677,1,4230,1,2.600000,1,309.25,1,7.72,1,-119,4.75,-2020.87,12,0
10/30/2018 12:25:09 ,14,1,1.17000,1,2.53000,2.78000,51.060188,3.707664,1,4301,1,2.400000,1,315.82,1,4.59,1,-119,4.75,-2020.87,12,0
10/30/2018 12:25:10 ,14,1,1.17000,1,2.52000,2.78000,51.060199,3.707651,1,4324,1,2.100000,1,317.33,1,5.26,1,-119,4.75,-2020.87,12,0
10/30/2018 12:25:12 ,14,1,1.00000,1,1.99000,2.23000,51.060211,3.707616,1,4400,1,2.400000,1,315.03,1,4.85,1,-119,4.75,-2020.87,12,0
10/30/2018 12:25:13 ,20,1,1.15000,1,1.75000,2.09000,51.060226,3.707601,1,4421,1,2.600000,1,321.51,1,6.19,1,-119,4.75,-2020.87,12,0
10/30/2018 12:25:13 ,20,1,1.15000,1,1.75000,2.09000,51.060226,3.707601,1,10330,1,2.600000,1,321.51,1,6.19,1,-120,3.75,-2001.47,12,1
10/30/2018 12:25:14 ,20,1,0.92000,1,1.47000,1.74000,51.060234,3.707599,1,10402,1,2.300000,1,332.78,1,4.35,1,-120,3.75,-2001.47,12,0
10/30/2018 12:25:16 ,20,1,1.15000,1,1.75000,2.09000,51.060260,3.707583,1,10424,1,1.100000,1,347.41,1,5.52,1,-120,3.75,-2001.47,12,0
10/30/2018 12:25:18 ,20,1,0.92000,1,1.47000,1.74000,51.060283,3.707566,1,11000,1,2.100000,1,354.00,1,5.63,1,-120,3.75,-2001.47,12,0
10/30/2018 12:25:20 ,20,1,1.15000,1,1.75000,2.09000,51.060314,3.707523,1,11024,1,1.000000,1,337.37,1,8.61,1,-120,3.75,-2001.47,12,0
10/30/2018 12:25:22 ,20,1,0.92000,1,1.47000,1.74000,51.060340,3.707490,1,11042,1,0.800000,1,335.20,1,6.95,1,-120,3.75,-2001.47,12,0
10/30/2018 12:25:23 ,20,1,0.92000,1,1.47000,1.74000,51.060356,3.707481,1,102,1,0.800000,1,340.05,1,6.41,1,-119,5.00,-1963.20,12,1
10/30/2018 12:25:24 ,20,1,1.15000,1,1.74000,2.09000,51.060367,3.707466,1,243,1,0.300000,1,337.24,1,6.17,1,-119,5.00,-1963.20,12,0
10/30/2018 12:25:25 ,20,1,0.87000,1,1.44000,1.68000,51.060371,3.707436,1,2011,1,0.700000,1,322.46,1,6.54,1,-119,5.00,-1963.20,12,0
10/30/2018 12:25:26 ,20,1,0.87000,1,1.44000,1.68000,51.060394,3.707413,1,3001,1,1.100000,1,326.29,1,8.83,1,-119,5.00,-1963.20,12,0
10/30/2018 12:25:28 ,20,1,0.87000,1,1.44000,1.68000,51.060405,3.707370,1,3014,1,0.800000,1,321.63,1,4.87,1,-119,5.00,-1963.20,12,0
10/30/2018 12:25:29 ,14,1,1.15000,1,1.74000,2.09000,51.060413,3.707351,1,441,1,0.500000,1,316.70,1,4.91,1,-109,0.50,9487.52,7,1
10/30/2018 12:25:30 ,14,1,1.15000,1,1.74000,2.09000,51.060424,3.707337,1,2334,1,0.200000,1,318.20,1,4.46,1,-109,0.50,9487.52,7,0
10/30/2018 12:25:30 ,14,1,1.15000,1,1.74000,2.09000,51.060424,3.707337,1,10204,1,0.200000,1,318.20,1,4.46,1,-113,0.50,9487.52,3,1
10/30/2018 12:25:31 ,14,1,1.15000,1,1.74000,2.09000,51.060432,3.707329,1,10214,1,-0.200000,1,324.99,1,3.41,1,-113,0.50,9487.52,3,0
10/30/2018 12:25:32 ,14,1,1.15000,1,1.74000,2.09000,51.060440,3.707326,1,11031,1,-0.500000,1,324.99,1,3.50,1,-113,0.50,9487.52,3,0
10/30/2018 12:25:34 ,14,1,1.15000,1,1.74000,2.09000,51.060440,3.707314,1,11102,1,-0.500000,1,324.99,1,0.59,1,-113,0.50,9487.52,3,0
10/30/2018 12:25:36 ,14,1,1.21000,1,1.85000,2.21000,51.060432,3.707309,1,11124,1,-0.100000,1,324.99,1,0.09,1,-113,0.50,9487.52,3,0
10/30/2018 12:25:39 ,14,1,1.21000,1,2.87000,3.12000,51.060432,3.707303,1,213,1,0.400000,1,324.99,1,0.19,1,-113,0.50,9487.52,3,0
10/30/2018 12:25:40 ,14,1,1.18000,1,2.51000,2.77000,51.060428,3.707300,1,1024,1,-0.200000,1,324.99,1,0.31,1,-113,0.50,9487.52,3,0
10/30/2018 12:25:41 ,20,1,1.18000,1,2.51000,2.77000,51.060428,3.707300,1,2200,1,-0.700000,1,324.99,1,0.30,1,-128,4.25,-1962.15,12,1
10/30/2018 12:25:41 ,20,1,1.18000,1,2.51000,2.77000,51.060428,3.707300,1,2200,1,-0.700000,1,324.99,1,0.30,1,-128,4.25,-1962.15,12,0
10/30/2018 12:25:43 ,20,1,1.00000,1,1.98000,2.22000,51.060420,3.707292,1,3023,1,-0.700000,1,324.99,1,0.30,1,-128,4.25,-1962.15,12,0
10/30/2018 12:25:45 ,13,1,1.00000,1,1.98000,2.22000,51.060417,3.707289,1,3124,1,-0.700000,1,324.99,1,0.76,1,-128,4.25,-1962.15,12,0
10/30/2018 12:25:47 ,13,1,1.00000,1,1.98000,2.22000,51.060409,3.707279,1,3134,1,-0.200000,1,324.99,1,0.54,1,-128,4.25,-1962.15,12,0
10/30/2018 12:25:49 ,13,1,1.12000,1,2.69000,2.91000,51.060409,3.707274,1,3221,1,0.200000,1,324.99,1,0.37,1,-128,4.25,-1962.15,12,0
10/30/2018 12:25:50 ,13,1,1.73000,1,1.86000,2.54000,51.060409,3.707276,1,3234,1,0.100000,1,324.99,1,0.26,1,-128,4.25,-1962.15,12,0
10/30/2018 12:25:50 ,13,1,1.73000,1,1.86000,2.54000,51.060409,3.707276,1,3440,1,0.100000,1,324.99,1,0.26,1,-127,4.50,-1972.63,12,1
10/30/2018 12:25:51 ,14,1,1.12000,1,2.68000,2.91000,51.060405,3.707275,1,4012,1,0.200000,1,324.99,1,0.22,1,-127,4.50,-1972.63,12,0
10/30/2018 12:25:53 ,13,1,1.39000,1,2.62000,2.97000,51.060405,3.707275,1,4033,1,-0.100000,1,324.99,1,0.17,1,-127,4.50,-1972.63,12,0
10/30/2018 12:25:55 ,20,1,1.15000,1,1.74000,2.09000,51.060405,3.707273,1,4040,1,-0.800000,1,324.99,1,0.22,1,-127,4.50,-1972.63,12,0
10/30/2018 12:25:57 ,13,1,1.28000,1,3.55000,3.77000,51.060405,3.707271,1,4122,1,-1.300000,1,324.99,1,0.33,1,-127,4.50,-1972.63,12,0
10/30/2018 12:25:59 ,14,1,1.39000,1,2.62000,2.96000,51.060409,3.707271,1,4144,1,-1.900000,1,324.99,1,0.50,1,-127,4.50,-1972.63,12,0
10/30/2018 12:25:59 ,14,1,1.39000,1,2.62000,2.96000,51.060409,3.707271,1,10213,1,-1.900000,1,324.99,1,0.50,1,-128,3.25,-1982.60,12,1
10/30/2018 12:26:00 ,13,1,1.39000,1,2.62000,2.96000,51.060409,3.707269,1,10241,1,-2.200000,1,324.99,1,0.33,1,-128,3.25,-1982.60,12,0
10/30/2018 12:26:02 ,14,1,1.35000,1,1.76000,2.21000,51.060409,3.707266,1,10323,1,-2.400000,1,324.99,1,0.31,1,-128,3.25,-1982.60,12,0
10/30/2018 12:26:03 ,14,1,1.35000,1,1.76000,2.21000,51.060409,3.707264,1,2301,1,-1.900000,1,324.99,1,0.33,1,-123,-1.50,9403.63,7,1
10/30/2018 12:26:04 ,14,1,1.15000,1,1.74000,2.09000,51.060409,3.707260,1,3004,1,-2.000000,1,324.99,1,0.78,1,-123,-1.50,9403.63,7,0
10/30/2018 12:26:06 ,14,1,1.15000,1,1.74000,2.09000,51.060405,3.707256,1,3024,1,-1.700000,1,324.99,1,0.20,1,-123,-1.50,9403.63,7,0
10/30/2018 12:26:07 ,14,1,1.15000,1,1.74000,2.09000,51.060405,3.707252,1,3320,1,-1.500000,1,324.99,1,0.76,1,-123,-1.50,9403.63,7,0
10/30/2018 12:26:08 ,14,1,1.16000,1,1.74000,2.09000,51.060405,3.707250,1,3410,1,-1.500000,1,324.99,1,0.48,1,-123,-1.50,9403.63,7,0
10/30/2018 12:26:10 ,14,1,1.39000,1,2.62000,2.96000,51.060401,3.707249,1,3424,1,-2.100000,1,324.99,1,2.06,1,-123,-1.50,9403.63,7,0
10/30/2018 12:26:12 ,13,1,1.35000,1,1.75000,2.21000,51.060401,3.707248,1,4002,1,-3.200000,1,324.99,1,0.41,1,-123,-1.50,9403.63,7,0
10/30/2018 12:26:13 ,14,1,1.40000,1,1.77000,2.25000,51.060401,3.707246,1,4303,1,-3.400000,1,324.99,1,0.15,1,-123,-1.50,9403.63,7,0
10/30/2018 12:26:15 ,14,1,1.35000,1,1.75000,2.21000,51.060398,3.707244,1,4321,1,-3.600000,1,324.99,1,0.41,1,-123,-1.50,9403.63,7,0
10/30/2018 12:26:17 ,13,1,1.77000,1,1.87000,2.57000,51.060390,3.707213,1,4411,1,-3.100000,1,324.99,1,2.22,1,-123,-1.50,9403.63,7,0
10/30/2018 12:26:18 ,12,1,5.37000,1,3.44000,6.38000,51.060390,3.707199,1,304,1,-2.600000,1,324.99,1,2.56,1,-123,-4.25,-1985.22,12,1
10/30/2018 12:26:19 ,14,1,5.37000,1,3.44000,6.38000,51.060394,3.707205,1,2030,1,-2.500000,1,324.99,1,1.07,1,-123,-4.25,-1985.22,12,0
10/30/2018 12:26:20 ,20,1,1.73000,1,1.85000,2.54000,51.060375,3.707205,1,3000,1,-2.400000,1,324.99,1,2.22,1,-123,-4.25,-1985.22,12,0
10/30/2018 12:26:22 ,13,1,1.73000,1,1.85000,2.54000,51.060371,3.707185,1,3034,1,-2.500000,1,324.99,1,2.30,1,-123,-4.25,-1985.22,12,0
10/30/2018 12:26:24 ,14,1,1.73000,1,1.85000,2.53000,51.060398,3.707237,1,3111,1,-2.200000,1,324.99,1,0.56,1,-123,-4.25,-1985.22,12,0
10/30/2018 12:26:26 ,14,1,1.90000,1,3.05000,3.60000,51.060386,3.707238,1,3144,1,-1.400000,1,324.99,1,0.83,1,-123,-4.25,-1985.22,12,0
10/30/2018 12:26:27 ,12,1,1.47000,1,2.24000,2.68000,51.060379,3.707212,1,2040,1,-1.600000,1,324.99,1,1.30,1,123,-2.00,-1984.17,12,1
10/30/2018 12:26:28 ,12,1,1.47000,1,2.24000,2.68000,51.060371,3.707194,1,2440,1,-2.000000,1,324.99,1,0.98,1,123,-2.00,-1984.17,12,0
10/30/2018 12:26:30 ,11,1,1.77000,1,1.86000,2.57000,51.060367,3.707152,1,3030,1,-1.700000,1,324.99,1,2.76,1,123,-2.00,-1984.17,12,0
