10/29/2018 15:33:56 ,12,1,2.38000,1,3.69000,4.39000,51.065509,3.710701,1,10121,1,8.100001,1,256.02,1,4.28,1,0,0.00,-1524.63,0,0
10/29/2018 15:33:58 ,12,1,2.38000,1,3.69000,4.39000,51.065505,3.710662,1,10210,1,8.100001,1,255.07,1,4.65,1,0,0.00,-1524.63,0,0
10/29/2018 15:33:59 ,12,1,2.38000,1,3.69000,4.39000,51.065505,3.710640,1,11001,1,8.600001,1,256.41,1,5.44,1,0,0.00,-1524.63,0,0
10/29/2018 15:34:00 ,12,1,2.38000,1,3.69000,4.39000,51.065502,3.710617,1,311,1,8.700000,1,254.95,1,5.94,1,-127,-6.50,1805.65,9,1
10/29/2018 15:34:01 ,13,1,2.38000,1,3.68000,4.38000,51.065490,3.710596,1,2022,1,7.800000,1,249.33,1,6.04,1,-127,-6.50,1805.65,9,0
10/29/2018 15:34:02 ,12,1,3.18000,1,5.55000,6.40000,51.065486,3.710574,1,10222,1,7.800000,1,250.67,1,5.98,1,121,-4.75,1797.26,9,1
10/29/2018 15:34:02 ,12,1,3.18000,1,5.55000,6.40000,51.065486,3.710574,1,10222,1,7.800000,1,250.67,1,5.98,1,121,-4.75,1797.26,9,0
10/29/2018 15:34:04 ,12,1,3.62000,1,6.00000,7.01000,51.065479,3.710538,1,10324,1,7.800000,1,245.29,1,4.80,1,121,-4.75,1797.26,9,0
10/29/2018 15:34:06 ,13,1,2.37000,1,3.68000,4.38000,51.065471,3.710506,1,11113,1,8.500000,1,254.89,1,4.74,1,121,-4.75,1797.26,9,0
10/29/2018 15:34:08 ,13,1,2.37000,1,3.68000,4.37000,51.065475,3.710465,1,11133,1,9.600001,1,260.46,1,4.82,1,121,-4.75,1797.26,9,0
10/29/2018 15:34:09 ,13,1,1.02000,1,2.04000,2.28000,51.065475,3.710443,1,3441,1,9.200000,1,257.14,1,4.74,1,121,-8.25,-1787.04,12,1
10/29/2018 15:34:10 ,12,1,1.30000,1,2.57000,2.88000,51.065471,3.710422,1,4013,1,8.500000,1,256.73,1,5.15,1,121,-8.25,-1787.04,12,0
10/29/2018 15:34:12 ,13,1,1.30000,1,2.57000,2.88000,51.065467,3.710380,1,4042,1,7.600000,1,260.08,1,5.22,1,121,-8.25,-1787.04,12,0
10/29/2018 15:34:14 ,13,1,1.02000,1,2.04000,2.28000,51.065464,3.710336,1,4112,1,8.800001,1,249.57,1,5.65,1,121,-8.25,-1787.04,12,0
10/29/2018 15:34:16 ,13,1,2.37000,1,3.66000,4.36000,51.065456,3.710292,1,4142,1,9.000000,1,251.36,1,5.70,1,121,-8.25,-1787.04,12,0
10/29/2018 15:34:18 ,13,1,2.37000,1,3.66000,4.36000,51.065452,3.710249,1,4200,1,9.200000,1,259.44,1,5.50,1,121,-8.25,-1787.04,12,0
10/29/2018 15:34:18 ,13,1,2.37000,1,3.66000,4.36000,51.065452,3.710249,1,10212,1,9.200000,1,259.44,1,5.50,1,121,-7.50,-1832.65,12,1
10/29/2018 15:34:19 ,12,1,1.30000,1,2.57000,2.88000,51.065444,3.710229,1,10302,1,8.400000,1,260.38,1,5.48,1,121,-7.50,-1832.65,12,0
10/29/2018 15:34:21 ,12,1,1.30000,1,2.57000,2.88000,51.065441,3.710188,1,10330,1,9.600001,1,253.66,1,4.87,1,121,-7.50,-1832.65,12,0
10/29/2018 15:34:23 ,13,1,1.30000,1,2.57000,2.88000,51.065441,3.710151,1,10342,1,10.400000,1,253.48,1,4.61,1,121,-7.50,-1832.65,12,0
10/29/2018 15:34:25 ,13,1,1.02000,1,2.04000,2.28000,51.065441,3.710113,1,10423,1,11.900000,1,258.68,1,4.52,1,121,-7.50,-1832.65,12,0
10/29/2018 15:34:27 ,13,1,1.12000,1,2.05000,2.34000,51.065437,3.710078,1,11000,1,12.200000,1,252.38,1,4.41,1,121,-7.50,-1832.65,12,0
10/29/2018 15:34:29 ,13,1,1.02000,1,2.04000,2.28000,51.065437,3.710041,1,11013,1,13.100001,1,258.69,1,4.93,1,121,-7.50,-1832.65,12,0
10/29/2018 15:34:32 ,13,1,2.36000,1,3.65000,4.34000,51.065425,3.709986,1,113,1,13.200000,1,261.87,1,5.09,1,121,-7.50,-1832.65,12,0
10/29/2018 15:34:33 ,13,1,2.35000,1,3.64000,4.34000,51.065422,3.709967,1,1004,1,12.300001,1,261.36,1,5.26,1,121,-7.50,-1832.65,12,0
10/29/2018 15:34:34 ,13,1,1.30000,1,2.57000,2.88000,51.065418,3.709946,1,2113,1,12.500000,1,259.12,1,5.43,1,121,-7.50,-1832.65,12,0
