10/29/2018 15:33:15 ,0,0,0.00000,0,0.00000,0.00000,51.065628,3.711520,1,234,1,0.000000,0,260.57,1,4.72,1,-128,-7.25,3665.82,7,1
10/29/2018 15:33:16 ,11,1,2.41000,1,3.74000,4.45000,51.065624,3.711502,1,1233,1,8.300001,1,260.02,1,5.13,1,-128,-7.25,3665.82,7,0
10/29/2018 15:33:17 ,13,1,2.41000,1,3.74000,4.45000,51.065624,3.711480,1,2214,1,8.500000,1,257.57,1,5.48,1,-128,-7.25,3665.82,7,0
10/29/2018 15:33:18 ,13,1,2.41000,1,3.74000,4.45000,51.065620,3.711460,1,142,1,8.700000,1,255.67,1,5.57,1,-128,-9.00,2776.63,7,1
10/29/2018 15:33:19 ,12,1,2.49000,1,3.88000,4.61000,51.065624,3.711436,1,2314,1,9.800001,1,258.36,1,5.54,1,-128,-9.00,2776.63,7,0
10/29/2018 15:33:21 ,12,1,2.41000,1,3.74000,4.44000,51.065616,3.711393,1,213,1,9.400000,1,255.09,1,5.87,1,121,-7.25,1897.92,9,1
10/29/2018 15:33:21 ,12,1,2.41000,1,3.74000,4.44000,51.065616,3.711393,1,213,1,9.400000,1,255.09,1,5.87,1,121,-7.25,1897.92,9,0
10/29/2018 15:33:22 ,12,1,1.29000,1,2.56000,2.87000,51.065612,3.711375,1,1442,1,9.600001,1,257.56,1,5.11,1,121,-7.25,1897.92,9,0
10/29/2018 15:33:23 ,12,1,2.40000,1,3.73000,4.44000,51.065608,3.711357,1,4142,1,9.700000,1,259.79,1,5.02,1,120,-8.75,1893.73,9,1
10/29/2018 15:33:23 ,12,1,2.40000,1,3.73000,4.44000,51.065608,3.711357,1,4142,1,9.700000,1,259.79,1,5.02,1,120,-8.75,1893.73,9,0
10/29/2018 15:33:25 ,13,1,1.29000,1,2.56000,2.87000,51.065608,3.711319,1,10000,1,10.100001,1,264.82,1,5.28,1,120,-8.75,1893.73,9,0
10/29/2018 15:33:27 ,12,1,1.29000,1,2.56000,2.87000,51.065608,3.711276,1,10033,1,10.500000,1,266.72,1,5.57,1,120,-8.75,1893.73,9,0
10/29/2018 15:33:29 ,12,1,1.29000,1,2.56000,2.87000,51.065605,3.711232,1,10110,1,10.800001,1,255.68,1,5.59,1,120,-8.75,1893.73,9,0
10/29/2018 15:33:31 ,13,1,2.40000,1,3.72000,4.43000,51.065597,3.711189,1,10122,1,11.000000,1,249.31,1,5.43,1,120,-8.75,1893.73,9,0
10/29/2018 15:33:32 ,13,1,1.30000,1,2.56000,2.87000,51.065593,3.711170,1,10411,1,10.900000,1,252.44,1,5.19,1,120,-8.50,-1735.13,12,1
10/29/2018 15:33:32 ,13,1,1.30000,1,2.56000,2.87000,51.065593,3.711170,1,10411,1,10.900000,1,252.44,1,5.19,1,120,-8.50,-1735.13,12,0
10/29/2018 15:33:34 ,13,1,1.30000,1,2.56000,2.87000,51.065586,3.711131,1,11013,1,11.000000,1,255.33,1,5.35,1,120,-8.50,-1735.13,12,0
10/29/2018 15:33:36 ,13,1,2.40000,1,3.72000,4.42000,51.065578,3.711097,1,11041,1,10.600001,1,251.83,1,4.07,1,120,-8.50,-1735.13,12,0
10/29/2018 15:33:38 ,13,1,1.30000,1,2.56000,2.87000,51.065574,3.711058,1,11113,1,11.600001,1,252.26,1,4.82,1,120,-8.50,-1735.13,12,0
10/29/2018 15:33:40 ,13,1,2.39000,1,3.71000,4.42000,51.065567,3.711020,1,11133,1,11.600001,1,256.02,1,4.69,1,120,-8.50,-1735.13,12,0
10/29/2018 15:33:41 ,13,1,1.16000,1,2.68000,2.92000,51.065570,3.711002,1,11431,1,11.700000,1,264.99,1,4.35,1,120,-8.50,-1739.33,12,0
10/29/2018 15:33:41 ,13,1,1.16000,1,2.68000,2.92000,51.065570,3.711002,1,11431,1,11.700000,1,264.99,1,4.35,1,120,-11.75,-1739.33,12,1
10/29/2018 15:33:43 ,12,1,1.30000,1,2.56000,2.87000,51.065559,3.710961,1,1211,1,10.300001,1,257.14,1,6.17,1,120,-11.75,-1739.33,12,0
10/29/2018 15:33:44 ,13,1,1.30000,1,2.56000,2.87000,51.065555,3.710939,1,2230,1,9.900000,1,255.71,1,5.96,1,120,-11.75,-1739.33,12,0
10/29/2018 15:33:46 ,12,1,2.46000,1,3.87000,4.58000,51.065544,3.710894,1,2322,1,9.500000,1,252.34,1,5.76,1,120,-11.75,-1739.33,12,0
10/29/2018 15:33:48 ,12,1,1.30000,1,2.56000,2.87000,51.065540,3.710851,1,2412,1,9.500000,1,254.54,1,5.43,1,120,-11.75,-1739.33,12,0
10/29/2018 15:33:50 ,13,1,2.39000,1,3.70000,4.40000,51.065536,3.710810,1,3131,1,10.000000,1,253.03,1,5.06,1,120,-11.75,-1739.33,12,0
10/29/2018 15:33:50 ,13,1,2.39000,1,3.70000,4.40000,51.065536,3.710810,1,10211,1,10.000000,1,253.03,1,5.06,1,-126,-6.50,3632.27,7,1
10/29/2018 15:33:51 ,12,1,2.38000,1,3.70000,4.40000,51.065528,3.710791,1,10243,1,9.400000,1,245.48,1,5.17,1,-126,-6.50,3632.27,7,0
10/29/2018 15:33:52 ,12,1,2.38000,1,3.70000,4.40000,51.065521,3.710775,1,1424,1,8.600001,1,246.96,1,4.59,1,-125,-8.00,3615.49,7,1
10/29/2018 15:33:53 ,13,1,2.38000,1,3.69000,4.40000,51.065521,3.710756,1,2242,1,8.900000,1,248.08,1,4.43,1,-125,-8.00,3615.49,7,0
