10/29/2018 15:31:53 ,10,1,2.92000,1,2.58000,3.90000,51.065067,3.712357,1,11200,1,11.600001,1,0.00,1,3.82,1,0,0.00,-1537.21,0,0
10/29/2018 15:31:56 ,11,1,2.92000,1,2.54000,2.85000,51.065093,3.712356,1,234,1,10.600001,1,343.41,1,4.72,1,0,0.00,-1537.21,0,0
10/29/2018 15:31:57 ,13,1,1.14000,1,2.11000,2.40000,51.065097,3.712372,1,1020,1,8.500000,1,353.81,1,3.13,1,0,0.00,-1537.21,0,0
10/29/2018 15:31:58 ,13,1,1.02000,1,2.08000,2.32000,51.065101,3.712377,1,2202,1,7.800000,1,353.81,1,1.61,1,0,0.00,-1537.21,0,0
10/29/2018 15:31:59 ,13,1,1.34000,1,2.09000,2.48000,51.065113,3.712379,1,2224,1,7.600000,1,350.94,1,4.33,1,0,0.00,-1537.21,0,0
10/29/2018 15:32:01 ,10,1,2.87000,1,3.97000,4.90000,51.065128,3.712377,1,2324,1,5.700000,1,355.39,1,3.46,1,0,0.00,-1537.21,0,0
10/29/2018 15:32:02 ,11,1,2.87000,1,3.97000,4.90000,51.065135,3.712377,1,3112,1,4.500000,1,353.15,1,3.50,1,0,0.00,-1537.21,0,0
10/29/2018 15:32:04 ,12,1,2.91000,1,2.58000,3.89000,51.065155,3.712424,1,3142,1,3.400000,1,48.53,1,6.22,1,0,0.00,-1537.21,0,0
10/29/2018 15:32:06 ,12,1,1.54000,1,2.55000,2.98000,51.065170,3.712420,1,3212,1,2.400000,1,3.05,1,4.91,1,0,0.00,-1537.21,0,0
10/29/2018 15:32:08 ,12,1,1.54000,1,2.55000,2.98000,51.065208,3.712378,1,3231,1,2.200000,1,331.23,1,12.46,1,0,0.00,-1537.21,0,0
10/29/2018 15:32:10 ,12,1,2.87000,1,3.97000,4.89000,51.065223,3.712384,1,3332,1,1.200000,1,328.38,1,3.02,1,0,0.00,-1537.21,0,0
10/29/2018 15:32:12 ,11,1,2.45000,1,3.82000,4.54000,51.065261,3.712366,1,3330,1,3.200000,1,333.40,1,5.28,1,0,0.00,-1537.21,0,0
10/29/2018 15:32:14 ,12,1,1.54000,1,2.55000,2.98000,51.065284,3.712366,1,3400,1,4.200000,1,338.13,1,4.94,1,0,0.00,-1537.21,0,0
10/29/2018 15:32:16 ,11,1,1.54000,1,2.55000,2.98000,51.065303,3.712359,1,3431,1,2.800000,1,339.36,1,5.11,1,0,0.00,-1537.21,0,0
10/29/2018 15:32:18 ,10,1,2.86000,1,3.96000,4.89000,51.065334,3.712337,1,3442,1,3.200000,1,344.46,1,4.00,1,0,0.00,-1537.21,0,0
10/29/2018 15:32:19 ,11,1,1.54000,1,2.55000,2.98000,51.065345,3.712334,1,1402,1,3.300000,1,344.46,1,3.91,1,-128,-18.00,4.98,12,1
10/29/2018 15:32:20 ,11,1,2.86000,1,3.96000,4.88000,51.065357,3.712329,1,2310,1,3.600000,1,344.46,1,3.91,1,-128,-18.00,4.98,12,0
10/29/2018 15:32:21 ,12,1,1.14000,1,2.10000,2.39000,51.065368,3.712325,1,2303,1,3.800000,1,346.69,1,5.26,1,-128,-18.00,4.98,12,0
10/29/2018 15:32:23 ,11,1,1.49000,1,2.11000,2.58000,51.065395,3.712312,1,2332,1,3.600000,1,348.52,1,4.65,1,-128,-18.00,4.98,12,0
10/29/2018 15:32:25 ,10,1,2.86000,1,3.95000,4.88000,51.065425,3.712295,1,2410,1,4.600000,1,341.70,1,5.15,1,-128,-18.00,4.98,12,0
10/29/2018 15:32:27 ,11,1,1.49000,1,2.11000,2.58000,51.065444,3.712293,1,3144,1,4.800000,1,350.50,1,3.65,1,-128,-18.00,4.98,12,0
10/29/2018 15:32:29 ,10,1,2.86000,1,3.95000,4.88000,51.065479,3.712280,1,3224,1,5.300000,1,352.18,1,5.93,1,-128,-18.00,4.98,12,0
