00/00/2000 00:00:00 ,0,0,0.00000,0,0.00000,0.00000,0.000000,0.000000,0,32244002423140,0,0.000000,0,0.00,0,0.00,0,-74,6.00,4152.36,7,1
00/00/2000 00:00:00 ,0,1,99.99000,1,99.99000,99.99000,0.000000,0.000000,0,32244002423140,0,0.000000,0,0.00,0,0.00,0,-74,6.00,4152.36,7,0
00/00/2000 00:00:00 ,0,1,99.99000,1,99.99000,99.99000,0.000000,0.000000,0,32244002423140,0,0.000000,0,0.00,0,0.00,0,-62,-2.25,4118.81,7,1
00/00/2000 00:00:00 ,0,1,99.99000,1,99.99000,99.99000,0.000000,0.000000,0,32244002423140,0,0.000000,0,0.00,0,0.00,0,-62,-2.25,4118.81,7,0
00/00/2000 00:00:00 ,0,1,99.99000,1,99.99000,99.99000,0.000000,0.000000,0,32244002423140,0,0.000000,0,0.00,0,0.00,0,-77,6.25,4068.47,7,1
00/00/2000 00:00:00 ,0,1,99.99000,1,99.99000,99.99000,0.000000,0.000000,0,32244002423140,0,0.000000,0,0.00,0,0.00,0,-92,7.50,2413.82,9,1
00/00/2000 00:00:00 ,0,1,99.99000,1,99.99000,99.99000,0.000000,0.000000,0,32244002423140,0,0.000000,0,0.00,0,0.00,0,-92,7.50,2413.82,9,0
00/00/2000 00:00:00 ,0,1,99.99000,1,99.99000,99.99000,0.000000,0.000000,0,32244002423140,0,0.000000,0,0.00,0,0.00,0,-92,7.50,2413.82,9,0
00/00/2000 00:00:00 ,0,1,99.99000,1,99.99000,99.99000,0.000000,0.000000,0,32244002423140,0,0.000000,0,0.00,0,0.00,0,-97,6.25,2363.49,9,1
00/00/2000 00:00:00 ,0,1,99.99000,1,99.99000,99.99000,0.000000,0.000000,0,32244002423140,0,0.000000,0,0.00,0,0.00,0,-97,6.25,2363.49,9,0
00/00/2000 00:00:00 ,0,1,99.99000,1,99.99000,99.99000,0.000000,0.000000,0,32244002423140,0,0.000000,0,0.00,0,0.00,0,-97,6.25,2363.49,9,0
00/00/2000 15:16:57 ,0,1,99.99000,1,99.99000,99.99000,0.000000,0.000000,0,32244002423140,0,0.000000,0,0.00,0,0.00,0,-100,6.00,2317.35,9,1
00/00/2000 15:16:58 ,0,1,99.99000,1,99.99000,99.99000,0.000000,0.000000,0,32244002423140,0,0.000000,0,0.00,0,0.00,0,-100,6.00,2317.35,9,0
00/00/2000 15:17:00 ,0,1,99.99000,1,99.99000,99.99000,0.000000,0.000000,0,32244002423140,0,0.000000,0,0.00,0,0.00,0,-100,6.00,2317.35,9,0
00/00/2000 15:17:02 ,0,1,99.99000,1,99.99000,99.99000,0.000000,0.000000,0,32244002423140,0,0.000000,0,0.00,0,0.00,0,-100,6.00,2317.35,9,0
00/00/2000 15:17:03 ,0,1,99.99000,1,99.99000,99.99000,0.000000,0.000000,0,32244002423140,0,0.000000,0,0.00,0,0.00,0,-101,4.50,-1330.91,12,1
00/00/2000 15:17:04 ,0,1,99.99000,1,99.99000,99.99000,0.000000,0.000000,0,32244002423140,0,0.000000,0,0.00,0,0.00,0,-101,4.50,-1330.91,12,0
00/00/2000 15:17:06 ,0,1,99.99000,1,99.99000,99.99000,0.000000,0.000000,0,32244002423140,0,0.000000,0,0.00,0,0.00,0,-101,4.50,-1330.91,12,0
00/00/2000 15:17:08 ,0,1,99.99000,1,99.99000,99.99000,0.000000,0.000000,0,32244002423140,0,0.000000,0,0.00,0,0.00,0,-101,4.50,-1330.91,12,0
00/00/2000 15:17:10 ,0,1,99.99000,1,99.99000,99.99000,0.000000,0.000000,0,32244002423140,0,0.000000,0,0.00,0,0.00,0,-101,4.50,-1330.91,12,0
00/00/2000 15:17:12 ,0,1,99.99000,1,99.99000,99.99000,0.000000,0.000000,0,32244002423140,0,0.000000,0,0.00,0,0.00,0,-101,4.50,-1330.91,12,0
00/00/2000 15:17:12 ,0,1,99.99000,1,99.99000,99.99000,0.000000,0.000000,0,32244002423140,0,0.000000,0,0.00,0,0.00,0,-101,5.25,-1428.42,12,1
00/00/2000 15:17:13 ,0,1,99.99000,1,99.99000,99.99000,0.000000,0.000000,0,32244002423140,0,0.000000,0,0.00,0,0.00,0,-101,5.25,-1428.42,12,0
00/00/2000 15:17:15 ,0,1,99.99000,1,99.99000,99.99000,0.000000,0.000000,0,32244002423140,0,0.000000,0,0.00,0,0.00,0,-101,5.25,-1428.42,12,0
10/29/2018 15:17:17 ,0,1,99.99000,1,99.99000,99.99000,0.000000,0.000000,0,32244002423140,0,0.000000,0,0.00,0,0.00,0,-101,5.25,-1428.42,12,0
10/29/2018 15:17:19 ,0,1,99.99000,1,99.99000,99.99000,0.000000,0.000000,0,32244002423140,0,0.000000,0,0.00,0,0.00,0,-101,5.25,-1428.42,12,0
10/29/2018 15:17:21 ,4,1,3.23000,1,8.10000,8.72000,51.060230,3.708217,1,1320,1,-6.800000,1,0.00,1,0.70,1,-101,5.25,-1428.42,12,0
10/29/2018 15:17:21 ,4,1,3.23000,1,8.10000,8.72000,51.060230,3.708217,1,2324,1,-6.800000,1,0.00,1,0.70,1,-100,5.50,-1463.03,12,1
10/29/2018 15:17:22 ,4,1,3.23000,1,8.11000,8.73000,51.060218,3.708212,1,4101,1,-8.100001,1,0.00,1,0.48,1,-100,5.50,-1463.03,12,0
10/29/2018 15:17:23 ,4,1,3.23000,1,8.12000,8.74000,51.060218,3.708212,1,4343,1,-8.700000,1,0.00,1,0.52,1,-100,5.50,-1463.03,12,0
10/29/2018 15:17:23 ,4,1,3.23000,1,8.12000,8.74000,51.060218,3.708212,1,11424,1,-8.700000,1,0.00,1,0.52,1,-72,3.25,4236.25,7,1
10/29/2018 15:17:25 ,4,1,3.24000,1,8.12000,8.74000,51.060218,3.708221,1,43,1,-9.300001,1,0.00,1,0.63,1,-72,3.25,4236.25,7,0
10/29/2018 15:17:25 ,4,1,3.24000,1,8.14000,8.76000,51.060218,3.708221,1,3131,1,-9.300001,1,0.00,1,0.63,1,-75,5.75,3800.04,7,1
10/29/2018 15:17:26 ,4,1,3.24000,1,8.15000,8.77000,51.060218,3.708221,1,3202,1,-8.900000,1,0.00,1,1.00,1,-75,5.75,3800.04,7,0
10/29/2018 15:17:27 ,4,1,3.24000,1,8.16000,8.78000,51.060222,3.708220,1,3421,1,-8.700000,1,325.15,1,2.65,1,-75,5.75,3800.04,7,0
10/29/2018 15:17:29 ,4,1,3.25000,1,8.17000,8.79000,51.060222,3.708224,1,10,1,-8.700000,1,325.15,1,0.96,1,-96,6.75,2090.86,9,1
10/29/2018 15:17:29 ,4,1,3.25000,1,8.17000,8.79000,51.060222,3.708224,1,10,1,-8.700000,1,325.15,1,0.96,1,-96,6.75,2090.86,9,0
10/29/2018 15:17:30 ,4,1,3.25000,1,8.18000,8.81000,51.060222,3.708229,1,1243,1,-10.200000,1,325.15,1,0.22,1,-96,6.75,2090.86,9,0
10/29/2018 15:17:31 ,4,1,3.26000,1,8.19000,8.82000,51.060226,3.708222,1,1412,1,-9.200000,1,279.20,1,2.39,1,-96,6.75,2090.86,9,0
10/29/2018 15:17:31 ,4,1,3.26000,1,8.19000,8.82000,51.060226,3.708222,1,3422,1,-9.200000,1,279.20,1,2.39,1,-91,6.50,2124.41,9,1
10/29/2018 15:17:32 ,4,1,3.26000,1,8.20000,8.83000,51.060226,3.708225,1,4022,1,-8.600001,1,279.20,1,0.44,1,-91,6.50,2124.41,9,0
10/29/2018 15:17:33 ,4,1,3.26000,1,8.21000,8.84000,51.060230,3.708232,1,4233,1,-7.900000,1,345.45,1,2.82,1,-91,6.50,2124.41,9,0
10/29/2018 15:17:35 ,10,1,1.89000,1,5.17000,5.50000,51.060249,3.708223,1,4310,1,-3.200000,1,333.86,1,1.09,1,-91,6.50,2124.41,9,0
10/29/2018 15:17:37 ,10,1,1.89000,1,5.16000,5.50000,51.060249,3.708221,1,4403,1,-2.600000,1,333.86,1,0.41,1,-91,6.50,2124.41,9,0
10/29/2018 15:17:39 ,10,1,1.89000,1,5.16000,5.50000,51.060249,3.708220,1,4430,1,-1.800000,1,333.86,1,0.59,1,-91,6.50,2124.41,9,0
10/29/2018 15:17:40 ,10,1,1.89000,1,5.16000,5.50000,51.060245,3.708219,1,21,1,-1.800000,1,333.86,1,0.35,1,-105,5.25,-1486.09,12,1
10/29/2018 15:17:41 ,10,1,1.89000,1,5.16000,5.50000,51.060249,3.708217,1,321,1,-1.200000,1,333.86,1,0.41,1,-105,5.25,-1486.09,12,0
10/29/2018 15:17:43 ,10,1,1.88000,1,5.16000,5.50000,51.060253,3.708218,1,1413,1,0.000000,1,333.86,1,0.85,1,-105,5.25,-1486.09,12,0
10/29/2018 15:17:45 ,10,1,1.88000,1,5.16000,5.49000,51.060253,3.708216,1,1434,1,1.200000,1,333.86,1,0.26,1,-105,5.25,-1486.09,12,0
10/29/2018 15:17:47 ,10,1,1.88000,1,5.16000,5.49000,51.060256,3.708212,1,2003,1,1.600000,1,333.86,1,0.74,1,-105,5.25,-1486.09,12,0
10/29/2018 15:17:49 ,10,1,1.88000,1,5.16000,5.49000,51.060264,3.708213,1,322,1,2.100000,1,333.86,1,0.15,1,-97,3.75,-1495.01,12,1
10/29/2018 15:17:49 ,10,1,1.88000,1,5.16000,5.49000,51.060264,3.708213,1,322,1,2.100000,1,333.86,1,0.15,1,-97,3.75,-1495.01,12,0
10/29/2018 15:17:51 ,10,1,1.88000,1,5.16000,5.49000,51.060268,3.708216,1,1444,1,1.200000,1,333.86,1,0.04,1,-97,3.75,-1495.01,12,0
10/29/2018 15:17:53 ,10,1,1.88000,1,5.16000,5.49000,51.060264,3.708216,1,2021,1,0.400000,1,333.86,1,0.11,1,-97,3.75,-1495.01,12,0
10/29/2018 15:17:55 ,10,1,1.88000,1,5.16000,5.49000,51.060260,3.708215,1,2043,1,0.800000,1,333.86,1,0.02,1,-97,3.75,-1495.01,12,0
10/29/2018 15:17:57 ,4,1,3.33000,1,8.45000,9.09000,51.060260,3.708214,1,2121,1,1.200000,1,333.86,1,0.37,1,-97,3.75,-1495.01,12,0
10/29/2018 15:17:58 ,11,1,1.60000,1,8.45000,9.09000,51.060260,3.708209,1,124,1,3.100000,1,333.86,1,0.44,1,-66,1.25,3816.82,7,1
10/29/2018 15:17:59 ,11,1,1.60000,1,4.09000,4.39000,51.060260,3.708208,1,1412,1,3.800000,1,333.86,1,0.15,1,-66,1.25,3816.82,7,0
10/29/2018 15:17:59 ,11,1,1.60000,1,4.09000,4.39000,51.060260,3.708208,1,4342,1,3.800000,1,333.86,1,0.15,1,-73,6.50,3816.82,7,1
10/29/2018 15:18:00 ,11,1,1.60000,1,4.09000,4.39000,51.060264,3.708206,1,4413,1,4.300000,1,333.86,1,0.11,1,-73,6.50,3816.82,7,0
10/29/2018 15:18:01 ,11,1,1.60000,1,4.09000,4.39000,51.060264,3.708204,1,10202,1,4.900000,1,333.86,1,0.07,1,-73,6.50,3816.82,7,0
10/29/2018 15:18:02 ,11,1,1.60000,1,4.09000,4.39000,51.060264,3.708203,1,11211,1,5.300000,1,333.86,1,0.07,1,-97,6.50,2111.83,9,1
10/29/2018 15:18:02 ,11,1,1.60000,1,4.09000,4.39000,51.060264,3.708203,1,11211,1,5.300000,1,333.86,1,0.07,1,-97,6.50,2111.83,9,0
10/29/2018 15:18:04 ,11,1,1.60000,1,4.09000,4.39000,51.060268,3.708205,1,333,1,5.300000,1,333.86,1,0.31,1,-97,6.50,2111.83,9,0
10/29/2018 15:18:05 ,12,1,1.08000,1,2.16000,2.41000,51.060268,3.708207,1,1032,1,5.300000,1,333.86,1,0.13,1,-97,6.50,2111.83,9,0
10/29/2018 15:18:05 ,12,1,1.08000,1,2.16000,2.41000,51.060268,3.708207,1,3123,1,5.300000,1,333.86,1,0.13,1,-96,7.50,2090.86,9,1
10/29/2018 15:18:06 ,12,1,1.08000,1,2.16000,2.41000,51.060268,3.708208,1,3203,1,4.800000,1,333.86,1,0.41,1,-96,7.50,2090.86,9,0
10/29/2018 15:18:08 ,12,1,1.08000,1,2.16000,2.41000,51.060268,3.708205,1,3420,1,4.900000,1,320.03,1,0.70,1,-96,7.50,2090.86,9,0
10/29/2018 15:18:10 ,12,1,1.18000,1,2.25000,2.55000,51.060268,3.708206,1,4023,1,4.400000,1,28.84,1,0.39,1,-96,7.50,2090.86,9,0
10/29/2018 15:18:12 ,12,1,1.08000,1,2.16000,2.42000,51.060268,3.708204,1,4042,1,4.600000,1,28.84,1,1.07,1,-96,7.50,2090.86,9,0
10/29/2018 15:18:14 ,12,1,1.08000,1,2.16000,2.42000,51.060264,3.708200,1,4043,1,5.300000,1,34.75,1,1.20,1,-96,7.50,2090.86,9,0
10/29/2018 15:18:16 ,12,1,1.08000,1,2.16000,2.42000,51.060256,3.708207,1,4044,1,5.900000,1,148.57,1,2.00,1,-96,7.50,2090.86,9,0
10/29/2018 15:18:16 ,12,1,1.08000,1,2.16000,2.42000,51.060256,3.708207,1,10010,1,5.900000,1,148.57,1,2.00,1,-103,4.75,-1504.44,12,1
10/29/2018 15:18:17 ,12,1,1.08000,1,2.16000,2.42000,51.060253,3.708212,1,10123,1,5.700000,1,148.57,1,1.26,1,-103,4.75,-1504.44,12,0
10/29/2018 15:18:19 ,12,1,1.08000,1,2.16000,2.42000,51.060237,3.708215,1,10123,1,5.900000,1,177.69,1,4.26,1,-103,4.75,-1504.44,12,0
10/29/2018 15:18:21 ,12,1,1.08000,1,2.16000,2.42000,51.060214,3.708209,1,10130,1,5.700000,1,193.77,1,5.33,1,-103,4.75,-1504.44,12,0
10/29/2018 15:18:23 ,12,1,1.08000,1,2.16000,2.42000,51.060195,3.708200,1,10222,1,5.800000,1,202.76,1,3.39,1,-103,4.75,-1504.44,12,0
10/29/2018 15:18:25 ,11,1,1.19000,1,2.26000,2.56000,51.060176,3.708197,1,10300,1,5.500000,1,190.53,1,4.50,1,-103,4.75,-1504.44,12,0
10/29/2018 15:18:25 ,11,1,1.19000,1,2.26000,2.56000,51.060176,3.708197,1,11314,1,5.500000,1,190.53,1,4.50,1,-106,4.50,-1506.02,12,1
10/29/2018 15:18:27 ,11,1,1.19000,1,2.26000,2.56000,51.060153,3.708198,1,423,1,5.500000,1,180.70,1,4.50,1,-106,4.50,-1506.02,12,0
10/29/2018 15:18:28 ,12,1,1.08000,1,2.17000,2.42000,51.060142,3.708205,1,1044,1,4.200000,1,168.29,1,4.52,1,-106,4.50,-1506.02,12,0
10/29/2018 15:18:29 ,12,1,1.08000,1,2.17000,2.42000,51.060134,3.708211,1,2004,1,3.800000,1,168.12,1,3.67,1,-106,4.50,-1506.02,12,0
10/29/2018 15:18:31 ,12,1,1.08000,1,2.17000,2.42000,51.060111,3.708223,1,2100,1,3.600000,1,156.42,1,4.57,1,-106,4.50,-1506.02,12,0
10/29/2018 15:18:32 ,11,1,1.19000,1,2.27000,2.56000,51.060104,3.708228,1,2123,1,3.900000,1,159.79,1,3.93,1,-106,4.50,-1506.02,12,0
10/29/2018 15:18:33 ,12,1,1.08000,1,2.17000,2.42000,51.060089,3.708239,1,2404,1,2.400000,1,157.08,1,5.63,1,-106,4.50,-1506.02,12,0
10/29/2018 15:18:33 ,12,1,1.08000,1,2.17000,2.42000,51.060089,3.708239,1,11032,1,2.400000,1,157.08,1,5.63,1,-87,5.75,3783.26,7,1
10/29/2018 15:18:34 ,12,1,1.08000,1,2.17000,2.42000,51.060081,3.708244,1,11102,1,2.500000,1,159.47,1,4.13,1,-87,5.75,3783.26,7,0
10/29/2018 15:18:35 ,12,1,1.08000,1,2.17000,2.42000,51.060073,3.708245,1,2241,1,2.300000,1,160.77,1,3.57,1,-90,6.00,3783.26,7,1
10/29/2018 15:18:36 ,11,1,1.19000,1,2.27000,2.56000,51.060062,3.708244,1,2321,1,2.100000,1,174.54,1,4.76,1,-90,6.00,3783.26,7,0
10/29/2018 15:18:36 ,11,1,1.19000,1,2.27000,2.56000,51.060062,3.708244,1,10333,1,2.100000,1,174.54,1,4.76,1,-106,6.75,2086.67,9,1
10/29/2018 15:18:37 ,12,1,1.08000,1,2.17000,2.42000,51.060047,3.708244,1,10403,1,1.600000,1,174.84,1,6.06,1,-106,6.75,2086.67,9,0
10/29/2018 15:18:39 ,12,1,1.08000,1,2.17000,2.42000,51.060024,3.708250,1,2244,1,1.900000,1,167.62,1,4.87,1,-112,6.50,2078.28,9,1
10/29/2018 15:18:39 ,12,1,1.08000,1,2.17000,2.42000,51.060024,3.708250,1,2244,1,1.900000,1,167.62,1,4.87,1,-112,6.50,2078.28,9,0
10/29/2018 15:18:38 ,12,1,1.08000,1,2.17000,2.42000,51.060009,3.708271,1,2400,1,2.100000,1,150.55,1,4.06,1,-112,6.50,2078.28,9,0
10/29/2018 15:18:39 ,12,1,1.08000,1,2.17000,2.42000,51.060005,3.708285,1,213,1,2.100000,1,144.07,1,4.52,1,-108,7.50,2057.31,9,1
10/29/2018 15:18:40 ,12,1,1.08000,1,2.17000,2.42000,51.059997,3.708300,1,341,1,2.700000,1,142.13,1,4.50,1,-108,7.50,2057.31,9,0
10/29/2018 15:18:41 ,12,1,1.08000,1,2.17000,2.42000,51.059989,3.708313,1,1332,1,2.600000,1,143.61,1,3.76,1,-112,4.75,-1521.75,12,1
10/29/2018 15:18:41 ,12,1,1.08000,1,2.17000,2.42000,51.059989,3.708313,1,1332,1,2.600000,1,143.61,1,3.76,1,-112,4.75,-1521.75,12,0
10/29/2018 15:18:43 ,12,1,1.08000,1,2.17000,2.42000,51.059982,3.708329,1,2044,1,3.600000,1,138.62,1,3.32,1,-112,4.75,-1521.75,12,0
10/29/2018 15:18:45 ,12,1,1.08000,1,2.17000,2.42000,51.059967,3.708349,1,2123,1,3.700000,1,142.41,1,3.63,1,-112,4.75,-1521.75,12,0
10/29/2018 15:18:47 ,12,1,1.08000,1,2.17000,2.43000,51.059947,3.708372,1,2201,1,4.200000,1,152.75,1,3.69,1,-112,4.75,-1521.75,12,0
10/29/2018 15:18:49 ,12,1,1.08000,1,2.17000,2.43000,51.059925,3.708410,1,2223,1,2.600000,1,149.00,1,4.89,1,-112,4.75,-1521.75,12,0
10/29/2018 15:18:50 ,12,1,1.08000,1,2.17000,2.43000,51.059917,3.708418,1,2244,1,3.000000,1,149.33,1,4.93,1,-112,4.75,-1521.75,12,0
10/29/2018 15:18:50 ,12,1,1.08000,1,2.17000,2.43000,51.059917,3.708418,1,3111,1,3.000000,1,149.33,1,4.93,1,-117,5.50,-1512.31,12,1
10/29/2018 15:18:51 ,12,1,1.08000,1,2.17000,2.43000,51.059909,3.708423,1,3134,1,3.500000,1,155.50,1,4.39,1,-117,5.50,-1512.31,12,0
10/29/2018 15:18:53 ,12,1,1.08000,1,2.17000,2.43000,51.059886,3.708449,1,3212,1,4.000000,1,152.71,1,4.39,1,-117,5.50,-1512.31,12,0
10/29/2018 15:18:55 ,12,1,1.08000,1,2.17000,2.43000,51.059867,3.708475,1,3233,1,3.200000,1,148.97,1,4.57,1,-117,5.50,-1512.31,12,0
10/29/2018 15:18:56 ,13,1,1.02000,1,2.14000,2.37000,51.059852,3.708477,1,3234,1,5.200000,1,149.91,1,5.13,1,-117,5.50,-1512.31,12,0
10/29/2018 15:18:58 ,12,1,1.14000,1,2.25000,2.52000,51.059833,3.708479,1,3324,1,7.700000,1,152.11,1,4.59,1,-117,5.50,-1512.31,12,0
10/29/2018 15:18:59 ,13,1,1.02000,1,2.14000,2.37000,51.059822,3.708486,1,4333,1,8.200000,1,148.65,1,3.80,1,-117,4.75,-1526.99,12,1
10/29/2018 15:18:59 ,13,1,1.02000,1,2.14000,2.37000,51.059822,3.708486,1,4333,1,8.200000,1,148.65,1,3.80,1,-117,4.75,-1526.99,12,0
10/29/2018 15:19:01 ,12,1,1.14000,1,2.25000,2.52000,51.059803,3.708496,1,4430,1,8.900000,1,153.40,1,4.02,1,-117,4.75,-1526.99,12,0
10/29/2018 15:19:03 ,12,1,1.14000,1,2.25000,2.52000,51.059787,3.708506,1,10003,1,9.400000,1,150.77,1,4.06,1,-117,4.75,-1526.99,12,0
10/29/2018 15:19:05 ,11,1,2.49000,1,3.89000,4.61000,51.059768,3.708518,1,242,1,9.500000,1,150.32,1,5.09,1,-97,-5.25,3800.04,7,1
10/29/2018 15:19:05 ,11,1,2.49000,1,3.89000,4.61000,51.059768,3.708518,1,242,1,9.500000,1,150.32,1,5.09,1,-97,-5.25,3800.04,7,0
10/29/2018 15:19:06 ,11,1,2.49000,1,3.89000,4.62000,51.059757,3.708523,1,4021,1,9.500000,1,152.45,1,4.06,1,-105,6.00,3766.48,7,1
10/29/2018 15:19:06 ,11,1,2.49000,1,3.89000,4.62000,51.059757,3.708523,1,4021,1,9.500000,1,152.45,1,4.06,1,-105,6.00,3766.48,7,0
10/29/2018 15:19:08 ,11,1,2.49000,1,3.89000,4.62000,51.059738,3.708534,1,232,1,9.200000,1,156.08,1,4.50,1,-106,6.00,3749.71,7,1
10/29/2018 15:19:08 ,11,1,2.49000,1,3.89000,4.62000,51.059738,3.708534,1,232,1,9.200000,1,156.08,1,4.50,1,-106,6.00,3749.71,7,0
10/29/2018 15:19:09 ,11,1,2.52000,1,4.16000,4.87000,51.059726,3.708541,1,2343,1,9.300001,1,156.90,1,4.72,1,-106,6.00,3749.71,7,0
10/29/2018 15:19:10 ,11,1,2.49000,1,3.89000,4.62000,51.059715,3.708545,1,2001,1,9.300001,1,158.87,1,4.17,1,-115,7.25,2006.97,9,1
10/29/2018 15:19:11 ,11,1,2.49000,1,3.89000,4.62000,51.059703,3.708562,1,2210,1,9.700000,1,153.40,1,5.24,1,-115,7.25,2006.97,9,0
10/29/2018 15:19:12 ,11,1,2.49000,1,3.90000,4.62000,51.059692,3.708562,1,11421,1,9.200000,1,157.61,1,4.28,1,-122,7.25,1990.20,9,1
10/29/2018 15:19:12 ,11,1,2.49000,1,3.90000,4.62000,51.059692,3.708562,1,11421,1,9.200000,1,157.61,1,4.28,1,-122,7.25,1990.20,9,0
10/29/2018 15:19:14 ,11,1,2.49000,1,3.90000,4.63000,51.059673,3.708561,1,1300,1,8.500000,1,163.50,1,4.30,1,-122,7.25,1990.20,9,0
10/29/2018 15:19:16 ,11,1,2.50000,1,3.90000,4.63000,51.059654,3.708572,1,2433,1,8.100001,1,160.83,1,3.52,1,-122,7.25,1990.20,9,0
10/29/2018 15:19:18 ,11,1,2.50000,1,3.90000,4.63000,51.059631,3.708595,1,340,1,8.100001,1,157.02,1,5.00,1,-122,4.25,-1660.16,12,1
10/29/2018 15:19:18 ,11,1,2.50000,1,3.90000,4.63000,51.059631,3.708595,1,340,1,8.100001,1,157.02,1,5.00,1,-122,4.25,-1660.16,12,0
10/29/2018 15:19:20 ,12,1,2.50000,1,3.90000,4.63000,51.059604,3.708622,1,2201,1,9.000000,1,150.52,1,5.41,1,-122,4.25,-1660.16,12,0
10/29/2018 15:19:21 ,11,1,2.50000,1,3.90000,4.64000,51.059597,3.708628,1,2230,1,8.600001,1,151.68,1,4.87,1,-122,4.25,-1660.16,12,0
10/29/2018 15:19:23 ,11,1,2.50000,1,3.91000,4.64000,51.059577,3.708641,1,2243,1,8.400000,1,156.50,1,3.72,1,-122,4.25,-1660.16,12,0
10/29/2018 15:19:25 ,12,1,1.14000,1,2.26000,2.53000,51.059566,3.708653,1,2341,1,8.100001,1,149.04,1,1.85,1,-122,4.25,-1660.16,12,0
10/29/2018 15:19:27 ,12,1,1.14000,1,2.26000,2.53000,51.059551,3.708674,1,1134,1,8.400000,1,138.23,1,4.32,1,-119,4.75,-1676.94,12,1
10/29/2018 15:19:27 ,12,1,1.14000,1,2.26000,2.53000,51.059551,3.708674,1,1134,1,8.400000,1,138.23,1,4.32,1,-119,4.75,-1676.94,12,0
10/29/2018 15:19:29 ,13,1,1.02000,1,2.14000,2.37000,51.059535,3.708688,1,2233,1,8.300001,1,144.06,1,0.89,1,-119,4.75,-1676.94,12,0
10/29/2018 15:19:31 ,13,1,1.02000,1,2.14000,2.37000,51.059528,3.708688,1,2303,1,8.500000,1,144.06,1,3.02,1,-119,4.75,-1676.94,12,0
10/29/2018 15:19:33 ,13,1,1.02000,1,2.14000,2.37000,51.059497,3.708679,1,2314,1,5.800000,1,165.26,1,3.28,1,-119,4.75,-1676.94,12,0
10/29/2018 15:19:35 ,13,1,1.02000,1,2.14000,2.37000,51.059463,3.708656,1,2331,1,5.900000,1,194.19,1,5.54,1,-119,4.75,-1676.94,12,0
10/29/2018 15:19:36 ,13,1,1.02000,1,2.14000,2.37000,51.059448,3.708645,1,2412,1,7.000000,1,206.41,1,5.61,1,-121,2.25,-1705.77,12,1
10/29/2018 15:19:36 ,13,1,1.02000,1,2.14000,2.37000,51.059448,3.708645,1,2412,1,7.000000,1,206.41,1,5.61,1,-121,2.25,-1705.77,12,0
10/29/2018 15:19:38 ,13,1,1.02000,1,2.14000,2.37000,51.059425,3.708627,1,3011,1,7.000000,1,217.97,1,4.93,1,-121,2.25,-1705.77,12,0
10/29/2018 15:19:39 ,13,1,1.08000,1,2.63000,2.85000,51.059413,3.708620,1,3034,1,6.700000,1,221.14,1,4.13,1,-121,2.25,-1705.77,12,0
10/29/2018 15:19:40 ,13,1,1.02000,1,2.14000,2.37000,51.059402,3.708613,1,3322,1,6.000000,1,229.58,1,4.48,1,-121,2.25,-1705.77,12,0
10/29/2018 15:19:40 ,13,1,1.02000,1,2.14000,2.37000,51.059402,3.708613,1,10232,1,6.000000,1,229.58,1,4.48,1,-107,6.00,3632.27,7,1
10/29/2018 15:19:41 ,13,1,1.02000,1,2.14000,2.37000,51.059394,3.708597,1,10311,1,5.800000,1,239.04,1,4.74,1,-107,6.00,3632.27,7,0
10/29/2018 15:19:42 ,12,1,1.29000,1,2.17000,2.52000,51.059391,3.708580,1,2001,1,5.500000,1,249.94,1,4.57,1,-104,5.75,3632.27,7,1
10/29/2018 15:19:43 ,12,1,1.29000,1,2.17000,2.52000,51.059387,3.708563,1,2131,1,6.100000,1,260.36,1,4.26,1,-104,5.75,3632.27,7,0
10/29/2018 15:19:44 ,12,1,1.41000,1,2.95000,3.27000,51.059379,3.708548,1,1144,1,6.300000,1,258.32,1,4.74,1,-120,7.50,1847.59,9,1
10/29/2018 15:19:45 ,13,1,1.29000,1,2.17000,2.52000,51.059375,3.708529,1,2132,1,6.100000,1,252.84,1,4.63,1,-120,7.50,1847.59,9,0
10/29/2018 15:19:46 ,13,1,1.29000,1,2.17000,2.52000,51.059371,3.708516,1,11102,1,5.600000,1,248.53,1,3.44,1,-125,5.50,1872.76,9,1
10/29/2018 15:19:46 ,13,1,1.29000,1,2.17000,2.52000,51.059371,3.708516,1,11102,1,5.600000,1,248.53,1,3.44,1,-125,5.50,1872.76,9,0
10/29/2018 15:19:48 ,13,1,1.02000,1,2.14000,2.37000,51.059360,3.708490,1,11142,1,4.200000,1,251.12,1,4.35,1,-125,5.50,1872.76,9,0
10/29/2018 15:19:49 ,13,1,1.29000,1,2.17000,2.52000,51.059356,3.708474,1,3022,1,3.500000,1,251.12,1,4.35,1,-120,6.25,1864.37,9,1
10/29/2018 15:19:50 ,13,1,1.02000,1,2.14000,2.37000,51.059352,3.708455,1,3314,1,2.900000,1,244.06,1,4.41,1,-120,6.25,1864.37,9,0
10/29/2018 15:19:52 ,13,1,1.02000,1,2.14000,2.37000,51.059337,3.708418,1,3341,1,3.200000,1,238.66,1,4.72,1,-120,6.25,1864.37,9,0
10/29/2018 15:19:54 ,13,1,1.29000,1,2.17000,2.52000,51.059329,3.708394,1,3414,1,0.900000,1,244.35,1,3.39,1,-120,6.25,1864.37,9,0
10/29/2018 15:19:54 ,13,1,1.29000,1,2.17000,2.52000,51.059329,3.708394,1,10430,1,0.900000,1,244.35,1,3.39,1,-128,1.25,-1643.38,12,1
10/29/2018 15:19:55 ,12,1,1.29000,1,2.17000,2.53000,51.059329,3.708387,1,11022,1,-0.600000,1,244.35,1,2.07,1,-128,1.25,-1643.38,12,0
10/29/2018 15:19:57 ,12,1,1.29000,1,2.17000,2.53000,51.059326,3.708388,1,11044,1,-0.800000,1,244.35,1,1.70,1,-128,1.25,-1643.38,12,0
10/29/2018 15:19:59 ,12,1,1.42000,1,2.94000,3.26000,51.059326,3.708389,1,11124,1,-1.700000,1,244.35,1,0.59,1,-128,1.25,-1643.38,12,0
10/29/2018 15:20:01 ,12,1,1.29000,1,2.17000,2.53000,51.059345,3.708376,1,11104,1,-1.400000,1,294.26,1,2.59,1,-128,1.25,-1643.38,12,0
10/29/2018 15:20:03 ,12,1,1.29000,1,2.17000,2.53000,51.059337,3.708354,1,11143,1,-3.400000,1,253.69,1,4.13,1,-128,1.25,-1643.38,12,0
10/29/2018 15:20:04 ,12,1,1.29000,1,2.17000,2.53000,51.059326,3.708356,1,141,1,-3.400000,1,213.32,1,3.89,1,-127,4.25,-1532.23,12,1
10/29/2018 15:20:05 ,12,1,1.29000,1,2.17000,2.53000,51.059318,3.708359,1,1013,1,-8.300001,1,213.32,1,2.70,1,-127,4.25,-1532.23,12,0
10/29/2018 15:20:06 ,12,1,1.29000,1,2.17000,2.53000,51.059314,3.708355,1,2033,1,-8.800001,1,198.79,1,2.00,1,-127,4.25,-1532.23,12,0
10/29/2018 15:20:08 ,12,1,1.29000,1,2.17000,2.53000,51.059303,3.708360,1,2202,1,-8.300001,1,174.26,1,4.35,1,-127,4.25,-1532.23,12,0
10/29/2018 15:20:10 ,13,1,1.02000,1,2.15000,2.38000,51.059307,3.708370,1,2243,1,-4.400000,1,86.46,1,1.17,1,-127,4.25,-1532.23,12,0
10/29/2018 15:20:12 ,13,1,1.02000,1,2.15000,2.38000,51.059295,3.708354,1,2303,1,-3.400000,1,192.35,1,4.26,1,-127,4.25,-1532.23,12,0
10/29/2018 15:20:13 ,13,1,1.02000,1,2.15000,2.38000,51.059280,3.708345,1,430,1,-3.400000,1,196.72,1,4.72,1,125,2.75,-1502.87,12,1
10/29/2018 15:20:14 ,13,1,1.02000,1,2.15000,2.38000,51.059268,3.708332,1,2111,1,-2.500000,1,206.52,1,4.98,1,125,2.75,-1502.87,12,0
10/29/2018 15:20:14 ,13,1,1.02000,1,2.15000,2.38000,51.059268,3.708332,1,12003,1,-2.500000,1,206.52,1,4.98,1,-120,4.50,3850.37,7,1
10/29/2018 15:20:16 ,13,1,1.02000,1,2.15000,2.38000,51.059242,3.708310,1,340,1,-1.900000,1,210.74,1,5.09,1,-120,4.50,3850.37,7,0
10/29/2018 15:20:16 ,13,1,1.02000,1,2.15000,2.38000,51.059242,3.708310,1,3210,1,-1.900000,1,210.74,1,5.09,1,-124,1.25,3850.37,7,1
10/29/2018 15:20:17 ,13,1,1.02000,1,2.15000,2.38000,51.059230,3.708299,1,3232,1,-2.000000,1,211.45,1,4.32,1,-124,1.25,3850.37,7,0
10/29/2018 15:20:18 ,13,1,1.02000,1,2.15000,2.38000,51.059219,3.708290,1,312,1,-2.200000,1,208.95,1,5.09,1,-120,3.75,2044.72,9,1
10/29/2018 15:20:19 ,13,1,1.02000,1,2.15000,2.38000,51.059207,3.708279,1,2202,1,-1.800000,1,210.14,1,4.94,1,-120,3.75,2044.72,9,0
10/29/2018 15:20:20 ,12,1,1.08000,1,2.19000,2.45000,51.059196,3.708271,1,10302,1,-1.500000,1,206.32,1,5.39,1,124,2.75,2040.53,9,1
10/29/2018 15:20:20 ,12,1,1.08000,1,2.19000,2.45000,51.059196,3.708271,1,10302,1,-1.500000,1,206.32,1,5.39,1,124,2.75,2040.53,9,0
10/29/2018 15:20:22 ,13,1,1.02000,1,2.15000,2.38000,51.059169,3.708256,1,10341,1,-1.300000,1,207.52,1,4.74,1,124,2.75,2040.53,9,0
10/29/2018 15:20:23 ,13,1,1.02000,1,2.15000,2.38000,51.059154,3.708254,1,2213,1,-1.100000,1,207.45,1,4.96,1,123,0.25,2044.72,9,1
10/29/2018 15:20:24 ,13,1,1.02000,1,2.15000,2.38000,51.059139,3.708253,1,2240,1,-1.000000,1,203.81,1,4.57,1,123,0.25,2044.72,9,0
10/29/2018 15:20:25 ,13,1,1.02000,1,2.15000,2.38000,51.059127,3.708252,1,3023,1,-0.900000,1,199.56,1,4.96,1,123,0.25,2044.72,9,0
10/29/2018 15:20:27 ,13,1,1.02000,1,2.15000,2.38000,51.059101,3.708245,1,3101,1,-0.600000,1,205.87,1,4.37,1,123,0.25,2044.72,9,0
10/29/2018 15:20:29 ,13,1,1.02000,1,2.15000,2.38000,51.059078,3.708225,1,3130,1,0.800000,1,205.36,1,4.61,1,123,0.25,2044.72,9,0
10/29/2018 15:20:31 ,13,1,1.08000,1,2.20000,2.45000,51.059055,3.708208,1,3202,1,1.600000,1,205.54,1,5.06,1,123,0.25,2044.72,9,0
10/29/2018 15:20:31 ,13,1,1.08000,1,2.20000,2.45000,51.059055,3.708208,1,4001,1,1.600000,1,205.54,1,5.06,1,126,3.50,-1535.90,12,1
10/29/2018 15:20:32 ,13,1,1.02000,1,2.15000,2.38000,51.059040,3.708203,1,4020,1,1.900000,1,203.69,1,4.82,1,126,3.50,-1535.90,12,0
10/29/2018 15:20:34 ,13,1,1.02000,1,2.15000,2.38000,51.059017,3.708183,1,4100,1,2.700000,1,202.20,1,4.59,1,126,3.50,-1535.90,12,0
10/29/2018 15:20:36 ,13,1,1.02000,1,2.15000,2.38000,51.058994,3.708170,1,4122,1,3.000000,1,195.62,1,4.94,1,126,3.50,-1535.90,12,0
10/29/2018 15:20:38 ,13,1,1.02000,1,2.15000,2.38000,51.058975,3.708153,1,4141,1,3.600000,1,196.96,1,4.91,1,126,3.50,-1535.90,12,0
10/29/2018 15:20:40 ,13,1,1.02000,1,2.15000,2.38000,51.058952,3.708132,1,4211,1,4.500000,1,206.63,1,4.82,1,126,3.50,-1535.90,12,0
10/29/2018 15:20:40 ,13,1,1.02000,1,2.15000,2.38000,51.058952,3.708132,1,10233,1,4.500000,1,206.63,1,4.82,1,126,3.75,-1582.04,12,1
10/29/2018 15:20:41 ,13,1,1.02000,1,2.15000,2.38000,51.058940,3.708120,1,10311,1,4.700000,1,208.51,1,4.87,1,126,3.75,-1582.04,12,0
10/29/2018 15:20:42 ,13,1,1.02000,1,2.15000,2.38000,51.058929,3.708108,1,10331,1,5.100000,1,209.13,1,5.50,1,126,3.75,-1582.04,12,0
10/29/2018 15:20:43 ,13,1,1.02000,1,2.15000,2.38000,51.058917,3.708097,1,10342,1,5.300000,1,207.75,1,5.37,1,126,3.75,-1582.04,12,0
10/29/2018 15:20:45 ,12,1,1.08000,1,2.20000,2.45000,51.058895,3.708081,1,10440,1,4.900000,1,205.14,1,4.57,1,126,3.75,-1582.04,12,0
10/29/2018 15:20:47 ,12,1,1.08000,1,2.20000,2.45000,51.058872,3.708067,1,11002,1,5.300000,1,202.31,1,4.70,1,126,3.75,-1582.04,12,0
10/29/2018 15:20:49 ,13,1,1.08000,1,2.20000,2.45000,51.058849,3.708048,1,222,1,5.800000,1,204.83,1,4.82,1,-122,3.75,3749.71,7,1
10/29/2018 15:20:49 ,13,1,1.08000,1,2.20000,2.45000,51.058849,3.708048,1,222,1,5.800000,1,204.83,1,4.82,1,-122,3.75,3749.71,7,0
10/29/2018 15:20:50 ,13,1,1.08000,1,2.20000,2.45000,51.058841,3.708039,1,2204,1,5.800000,1,205.06,1,4.85,1,-122,3.75,3749.71,7,0
10/29/2018 15:20:50 ,13,1,1.08000,1,2.20000,2.45000,51.058841,3.708039,1,4432,1,5.800000,1,205.06,1,4.85,1,-123,1.75,3766.48,7,1
10/29/2018 15:20:51 ,13,1,1.08000,1,2.63000,2.84000,51.058830,3.708033,1,4442,1,6.200000,1,202.44,1,4.48,1,-123,1.75,3766.48,7,0
10/29/2018 15:20:52 ,13,1,1.02000,1,2.15000,2.38000,51.058818,3.708024,1,1140,1,6.400000,1,204.82,1,4.28,1,-123,1.75,3749.71,7,1
10/29/2018 15:20:53 ,13,1,1.02000,1,2.15000,2.38000,51.058811,3.708015,1,2404,1,6.200000,1,207.00,1,4.67,1,-123,1.75,3749.71,7,0
10/29/2018 15:20:54 ,13,1,1.02000,1,2.15000,2.38000,51.058795,3.708006,1,4443,1,6.300000,1,204.63,1,5.22,1,124,2.75,1939.87,9,1
10/29/2018 15:20:54 ,13,1,1.02000,1,2.15000,2.38000,51.058795,3.708006,1,4443,1,6.300000,1,204.63,1,5.22,1,124,2.75,1939.87,9,0
10/29/2018 15:20:56 ,13,1,1.59000,1,4.26000,4.54000,51.058773,3.707989,1,10044,1,7.300000,1,203.44,1,4.74,1,124,2.75,1939.87,9,0
10/29/2018 15:20:57 ,13,1,1.59000,1,4.26000,4.54000,51.058761,3.707984,1,1422,1,7.700000,1,200.04,1,4.50,1,123,1.00,1935.67,9,1
10/29/2018 15:20:58 ,13,1,1.59000,1,4.26000,4.55000,51.058750,3.707978,1,2141,1,7.300000,1,197.78,1,4.82,1,123,1.00,1935.67,9,0
10/29/2018 15:20:59 ,13,1,1.08000,1,2.63000,2.84000,51.058738,3.707975,1,2214,1,6.900000,1,189.59,1,5.00,1,123,1.00,1935.67,9,0
10/29/2018 15:21:00 ,13,1,1.08000,1,2.63000,2.84000,51.058727,3.707975,1,3020,1,6.300000,1,185.78,1,4.94,1,123,1.00,1935.67,9,0
10/29/2018 15:21:01 ,13,1,1.02000,1,2.15000,2.38000,51.058715,3.707975,1,3034,1,6.000000,1,179.96,1,4.80,1,123,1.00,1935.67,9,0
10/29/2018 15:21:03 ,13,1,1.02000,1,2.15000,2.38000,51.058696,3.707980,1,3114,1,4.900000,1,175.07,1,5.00,1,123,1.00,1935.67,9,0
10/29/2018 15:21:05 ,12,1,1.16000,1,2.30000,2.58000,51.058673,3.707990,1,3142,1,5.000000,1,161.58,1,4.70,1,123,1.00,1935.67,9,0
10/29/2018 15:21:06 ,12,1,1.16000,1,2.30000,2.58000,51.058666,3.707993,1,3220,1,6.000000,1,154.95,1,4.52,1,123,1.00,1935.67,9,0
10/29/2018 15:21:08 ,13,1,1.02000,1,2.15000,2.38000,51.058658,3.708017,1,2031,1,8.500000,1,133.40,1,4.85,1,123,0.00,-1703.67,12,1
10/29/2018 15:21:08 ,13,1,1.02000,1,2.15000,2.38000,51.058658,3.708017,1,2031,1,8.500000,1,133.40,1,4.85,1,123,0.00,-1703.67,12,0
10/29/2018 15:21:10 ,13,1,1.02000,1,2.15000,2.38000,51.058650,3.708050,1,2231,1,9.000000,1,119.50,1,4.46,1,123,0.00,-1703.67,12,0
10/29/2018 15:21:12 ,13,1,1.02000,1,2.15000,2.38000,51.058643,3.708080,1,2303,1,9.500000,1,121.81,1,3.48,1,123,0.00,-1703.67,12,0
10/29/2018 15:21:14 ,13,1,1.02000,1,2.15000,2.38000,51.058635,3.708113,1,2324,1,8.400000,1,120.08,1,5.28,1,123,0.00,-1703.67,12,0
10/29/2018 15:21:16 ,13,1,1.02000,1,2.15000,2.38000,51.058624,3.708142,1,2343,1,7.900000,1,117.21,1,4.69,1,123,0.00,-1703.67,12,0
10/29/2018 15:21:17 ,13,1,1.02000,1,2.15000,2.38000,51.058628,3.708166,1,3311,1,6.400000,1,109.53,1,7.65,1,124,1.25,-1722.55,12,1
10/29/2018 15:21:17 ,13,1,1.02000,1,2.15000,2.38000,51.058628,3.708166,1,3311,1,6.400000,1,109.53,1,7.65,1,124,1.25,-1722.55,12,0
10/29/2018 15:21:19 ,13,1,1.02000,1,2.15000,2.38000,51.058620,3.708193,1,3432,1,5.700000,1,103.82,1,4.19,1,124,1.25,-1722.55,12,0
10/29/2018 15:21:21 ,12,1,1.16000,1,2.31000,2.59000,51.058597,3.708227,1,3440,1,4.700000,1,128.33,1,6.89,1,124,1.25,-1722.55,12,0
10/29/2018 15:21:23 ,12,1,1.16000,1,2.31000,2.59000,51.058582,3.708257,1,4011,1,3.000000,1,128.97,1,6.72,1,124,1.25,-1722.55,12,0
10/29/2018 15:21:24 ,13,1,1.16000,1,2.31000,2.59000,51.058582,3.708261,1,4300,1,4.000000,1,130.72,1,4.24,1,124,1.25,-1722.55,12,0
10/29/2018 15:21:24 ,13,1,1.16000,1,2.31000,2.59000,51.058582,3.708261,1,11203,1,4.000000,1,130.72,1,4.24,1,-113,6.75,3632.27,7,1
10/29/2018 15:21:25 ,13,1,1.16000,1,2.31000,2.59000,51.058582,3.708284,1,11444,1,4.500000,1,130.72,1,4.24,1,-113,6.75,3632.27,7,0
10/29/2018 15:21:26 ,13,1,1.16000,1,2.31000,2.59000,51.058589,3.708299,1,2240,1,4.500000,1,114.83,1,5.46,1,-111,-1.50,3598.71,7,1
10/29/2018 15:21:27 ,12,1,1.16000,1,2.31000,2.59000,51.058582,3.708319,1,3001,1,9.000000,1,110.98,1,5.02,1,-111,-1.50,3598.71,7,0
10/29/2018 15:21:28 ,12,1,1.16000,1,2.31000,2.59000,51.058578,3.708342,1,3234,1,9.000000,1,107.80,1,4.24,1,-111,-1.50,3598.71,7,0
10/29/2018 15:21:28 ,12,1,1.16000,1,2.31000,2.59000,51.058578,3.708342,1,4200,1,9.000000,1,107.80,1,4.24,1,-124,7.25,1814.04,9,1
10/29/2018 15:21:29 ,12,1,1.26000,1,2.40000,2.71000,51.058570,3.708354,1,4214,1,11.600001,1,103.23,1,3.48,1,-124,7.25,1814.04,9,0
10/29/2018 15:21:31 ,12,1,1.17000,1,2.32000,2.59000,51.058567,3.708395,1,1121,1,10.800001,1,89.30,1,4.41,1,-124,7.50,1826.62,9,1
10/29/2018 15:21:31 ,12,1,1.17000,1,2.32000,2.59000,51.058567,3.708395,1,1121,1,10.800001,1,89.30,1,4.41,1,-124,7.50,1826.62,9,0
10/29/2018 15:21:33 ,12,1,1.17000,1,2.32000,2.59000,51.058563,3.708423,1,2203,1,10.300001,1,91.12,1,2.43,1,-124,7.50,1826.62,9,0
10/29/2018 15:21:33 ,12,1,1.17000,1,2.32000,2.59000,51.058563,3.708423,1,11041,1,10.300001,1,91.12,1,2.43,1,-127,6.50,1805.65,9,1
10/29/2018 15:21:35 ,12,1,1.17000,1,2.32000,2.59000,51.058567,3.708465,1,143,1,10.300001,1,76.47,1,4.57,1,-127,6.50,1805.65,9,0
10/29/2018 15:21:35 ,12,1,1.17000,1,2.32000,2.59000,51.058567,3.708465,1,12340,1,10.300001,1,76.47,1,4.57,1,-122,4.75,-1751.91,12,1
10/29/2018 15:21:37 ,12,1,1.17000,1,2.32000,2.59000,51.058582,3.708493,1,24,1,8.100001,1,51.10,1,3.96,1,-122,4.75,-1751.91,12,0
10/29/2018 15:21:38 ,12,1,1.17000,1,2.32000,2.60000,51.058589,3.708503,1,1141,1,8.700000,1,35.57,1,4.09,1,-122,4.75,-1751.91,12,0
10/29/2018 15:21:40 ,12,1,1.17000,1,2.32000,2.60000,51.058609,3.708536,1,2200,1,9.300001,1,21.05,1,4.11,1,-122,4.75,-1751.91,12,0
10/29/2018 15:21:42 ,12,1,1.17000,1,2.32000,2.60000,51.058628,3.708560,1,2213,1,10.100001,1,16.77,1,4.33,1,-122,4.75,-1751.91,12,0
10/29/2018 15:21:44 ,12,1,1.17000,1,2.32000,2.60000,51.058647,3.708575,1,2240,1,11.200000,1,12.33,1,5.13,1,-122,4.75,-1751.91,12,0
10/29/2018 15:21:45 ,12,1,1.17000,1,2.32000,2.60000,51.058654,3.708582,1,121,1,12.000000,1,9.77,1,4.57,1,-120,3.50,-1781.79,12,1
10/29/2018 15:21:46 ,12,1,1.17000,1,2.32000,2.60000,51.058662,3.708592,1,1332,1,12.500000,1,12.69,1,4.54,1,-120,3.50,-1781.79,12,0
10/29/2018 15:21:47 ,13,1,1.02000,1,2.15000,2.38000,51.058670,3.708603,1,2204,1,12.600001,1,15.21,1,5.02,1,-120,3.50,-1781.79,12,0
10/29/2018 15:21:49 ,13,1,1.02000,1,2.15000,2.38000,51.058692,3.708623,1,2223,1,13.300001,1,19.32,1,4.89,1,-120,3.50,-1781.79,12,0
10/29/2018 15:21:51 ,13,1,1.02000,1,2.15000,2.38000,51.058712,3.708642,1,2333,1,14.200000,1,23.42,1,4.80,1,-120,3.50,-1781.79,12,0
10/29/2018 15:21:53 ,13,1,1.02000,1,2.15000,2.38000,51.058734,3.708654,1,2403,1,15.200000,1,16.00,1,5.41,1,-120,3.50,-1781.79,12,0
10/29/2018 15:21:54 ,13,1,1.02000,1,2.15000,2.38000,51.058750,3.708655,1,1343,1,16.399999,1,12.87,1,5.00,1,-124,4.50,-1819.02,12,1
10/29/2018 15:21:55 ,13,1,1.02000,1,2.15000,2.38000,51.058761,3.708658,1,2211,1,16.200000,1,5.98,1,5.02,1,-124,4.50,-1819.02,12,0
10/29/2018 15:21:57 ,13,1,1.02000,1,2.15000,2.39000,51.058788,3.708667,1,2233,1,16.899999,1,12.49,1,5.13,1,-124,4.50,-1819.02,12,0
10/29/2018 15:21:59 ,13,1,1.02000,1,2.15000,2.39000,51.058811,3.708685,1,421,1,16.899999,1,23.65,1,5.67,1,-116,5.50,3548.38,7,1
10/29/2018 15:21:59 ,13,1,1.02000,1,2.15000,2.39000,51.058811,3.708685,1,421,1,16.899999,1,23.65,1,5.67,1,-116,5.50,3548.38,7,0
10/29/2018 15:22:00 ,13,1,1.08000,1,2.62000,2.84000,51.058818,3.708705,1,4143,1,19.000000,1,22.58,1,5.26,1,-107,6.50,3531.60,7,1
10/29/2018 15:22:00 ,13,1,1.08000,1,2.62000,2.84000,51.058818,3.708705,1,4143,1,19.000000,1,22.58,1,5.26,1,-107,6.50,3531.60,7,0
10/29/2018 15:22:02 ,13,1,1.02000,1,2.15000,2.39000,51.058837,3.708733,1,3342,1,18.500000,1,21.17,1,4.48,1,-120,2.75,1742.73,9,1
10/29/2018 15:22:02 ,13,1,1.02000,1,2.15000,2.39000,51.058837,3.708733,1,3342,1,18.500000,1,21.17,1,4.48,1,-120,2.75,1742.73,9,0
10/29/2018 15:22:04 ,13,1,1.02000,1,2.15000,2.39000,51.058853,3.708766,1,3442,1,18.500000,1,25.20,1,5.30,1,-120,2.75,1742.73,9,0
10/29/2018 15:22:05 ,13,1,1.02000,1,2.16000,2.39000,51.058868,3.708775,1,314,1,19.200000,1,21.69,1,5.65,1,-119,7.00,1730.15,9,1
10/29/2018 15:22:06 ,13,1,1.02000,1,2.16000,2.39000,51.058876,3.708798,1,1430,1,18.299999,1,21.21,1,5.69,1,-119,7.00,1730.15,9,0
10/29/2018 15:22:07 ,13,1,1.02000,1,2.16000,2.39000,51.058887,3.708811,1,10230,1,18.200000,1,24.17,1,5.44,1,-116,5.75,1738.54,9,1
10/29/2018 15:22:07 ,13,1,1.02000,1,2.16000,2.39000,51.058887,3.708811,1,10230,1,18.200000,1,24.17,1,5.44,1,-116,5.75,1738.54,9,0
10/29/2018 15:22:08 ,13,1,1.02000,1,2.16000,2.39000,51.058898,3.708817,1,11102,1,19.000000,1,20.28,1,5.13,1,-116,5.75,1738.54,9,0
10/29/2018 15:22:10 ,13,1,1.02000,1,2.16000,2.39000,51.058921,3.708841,1,11130,1,19.600000,1,26.32,1,6.00,1,-116,5.75,1738.54,9,0
10/29/2018 15:22:12 ,13,1,1.02000,1,2.16000,2.39000,51.058948,3.708863,1,4410,1,16.200000,1,21.36,1,6.37,1,-121,5.25,-1854.67,12,1
10/29/2018 15:22:12 ,13,1,1.02000,1,2.16000,2.39000,51.058948,3.708863,1,4410,1,16.200000,1,21.36,1,6.37,1,-121,5.25,-1854.67,12,0
10/29/2018 15:22:14 ,13,1,1.02000,1,2.16000,2.39000,51.058975,3.708874,1,10004,1,15.100001,1,18.78,1,4.98,1,-121,5.25,-1854.67,12,0
10/29/2018 15:22:16 ,12,1,1.17000,1,2.34000,2.61000,51.058998,3.708882,1,10032,1,14.700000,1,20.21,1,4.61,1,-121,5.25,-1854.67,12,0
10/29/2018 15:22:18 ,12,1,1.17000,1,2.34000,2.62000,51.059024,3.708891,1,10023,1,13.800001,1,21.74,1,4.83,1,-121,5.25,-1854.67,12,0
10/29/2018 15:22:20 ,12,1,1.17000,1,2.34000,2.62000,51.059047,3.708909,1,10120,1,12.800001,1,22.38,1,5.24,1,-121,5.25,-1854.67,12,0
10/29/2018 15:22:21 ,13,1,1.02000,1,2.16000,2.39000,51.059062,3.708916,1,11133,1,12.400000,1,19.80,1,5.13,1,-121,5.25,-1882.46,12,1
10/29/2018 15:22:21 ,13,1,1.02000,1,2.16000,2.39000,51.059062,3.708916,1,11133,1,12.400000,1,19.80,1,5.13,1,-121,5.25,-1882.46,12,0
10/29/2018 15:22:23 ,13,1,1.02000,1,2.16000,2.39000,51.059085,3.708932,1,113,1,12.000000,1,22.56,1,4.50,1,-121,5.25,-1882.46,12,0
10/29/2018 15:22:24 ,13,1,1.02000,1,2.16000,2.39000,51.059097,3.708939,1,242,1,11.700000,1,20.20,1,5.11,1,-121,5.25,-1882.46,12,0
10/29/2018 15:22:25 ,13,1,1.02000,1,2.16000,2.39000,51.059108,3.708945,1,2011,1,11.600001,1,20.47,1,5.00,1,-121,5.25,-1882.46,12,0
10/29/2018 15:22:27 ,13,1,1.02000,1,2.16000,2.39000,51.059139,3.708954,1,2213,1,10.800001,1,18.46,1,4.91,1,-121,5.25,-1882.46,12,0
10/29/2018 15:22:29 ,13,1,1.02000,1,2.16000,2.39000,51.059162,3.708970,1,2233,1,10.400000,1,25.93,1,5.17,1,-121,5.25,-1882.46,12,0
10/29/2018 15:22:30 ,13,1,1.02000,1,2.16000,2.39000,51.059177,3.708977,1,2304,1,10.200000,1,25.31,1,5.32,1,-121,5.25,-1882.46,12,0
10/29/2018 15:22:31 ,13,1,1.02000,1,2.16000,2.39000,51.059188,3.708985,1,403,1,10.200000,1,26.98,1,4.91,1,-121,4.50,-1760.30,12,1
10/29/2018 15:22:32 ,13,1,1.02000,1,2.16000,2.39000,51.059200,3.708994,1,1044,1,9.800001,1,26.32,1,5.02,1,-121,4.50,-1760.30,12,0
10/29/2018 15:22:33 ,13,1,1.02000,1,2.16000,2.39000,51.059211,3.709003,1,1201,1,9.500000,1,30.68,1,5.09,1,-102,5.75,3649.04,7,1
10/29/2018 15:22:33 ,13,1,1.02000,1,2.16000,2.39000,51.059211,3.709003,1,1201,1,9.500000,1,30.68,1,5.09,1,-102,5.75,3649.04,7,0
10/29/2018 15:22:34 ,13,1,1.08000,1,2.62000,2.83000,51.059223,3.709015,1,10411,1,9.300001,1,33.57,1,5.28,1,-120,4.75,3665.82,7,1
10/29/2018 15:22:34 ,13,1,1.08000,1,2.62000,2.83000,51.059223,3.709015,1,10411,1,9.300001,1,33.57,1,5.28,1,-120,4.75,3665.82,7,0
10/29/2018 15:22:36 ,13,1,1.18000,1,2.34000,2.62000,51.059246,3.709033,1,3041,1,8.800001,1,24.70,1,4.96,1,-120,6.00,1876.95,9,1
10/29/2018 15:22:36 ,13,1,1.18000,1,2.34000,2.62000,51.059246,3.709033,1,3041,1,8.800001,1,24.70,1,4.96,1,-120,6.00,1876.95,9,0
10/29/2018 15:22:38 ,13,1,1.02000,1,2.16000,2.39000,51.059272,3.709048,1,3141,1,8.200000,1,20.18,1,5.54,1,-120,6.00,1876.95,9,0
10/29/2018 15:22:39 ,13,1,1.02000,1,2.16000,2.39000,51.059284,3.709055,1,11,1,8.200000,1,19.95,1,5.35,1,-117,7.75,1872.76,9,1
10/29/2018 15:22:40 ,13,1,1.02000,1,2.16000,2.39000,51.059299,3.709059,1,1122,1,8.100001,1,14.41,1,5.46,1,-117,7.75,1872.76,9,0
10/29/2018 15:22:41 ,13,1,1.02000,1,2.16000,2.39000,51.059310,3.709060,1,4430,1,7.900000,1,5.31,1,4.96,1,-118,7.25,1868.56,9,1
10/29/2018 15:22:41 ,13,1,1.02000,1,2.16000,2.39000,51.059310,3.709060,1,4430,1,7.900000,1,5.31,1,4.96,1,-118,7.25,1868.56,9,0
10/29/2018 15:22:43 ,13,1,1.02000,1,2.16000,2.39000,51.059333,3.709052,1,10224,1,7.800000,1,347.38,1,5.37,1,-118,7.25,1868.56,9,0
10/29/2018 15:22:45 ,13,1,1.02000,1,2.16000,2.39000,51.059360,3.709040,1,10313,1,7.800000,1,343.75,1,5.15,1,-118,7.25,1868.56,9,0
10/29/2018 15:22:47 ,13,1,1.18000,1,2.35000,2.63000,51.059383,3.709027,1,10400,1,7.700000,1,341.44,1,5.09,1,-118,7.25,1868.56,9,0
10/29/2018 15:22:49 ,13,1,1.02000,1,2.16000,2.39000,51.059402,3.709012,1,2431,1,7.700000,1,334.67,1,5.06,1,-107,5.50,-1713.64,12,1
10/29/2018 15:22:49 ,13,1,1.02000,1,2.16000,2.39000,51.059402,3.709012,1,2431,1,7.700000,1,334.67,1,5.06,1,-107,5.50,-1713.64,12,0
10/29/2018 15:22:51 ,13,1,1.02000,1,2.16000,2.39000,51.059425,3.709000,1,3023,1,7.600000,1,340.99,1,4.65,1,-107,5.50,-1713.64,12,0
10/29/2018 15:22:53 ,13,1,1.02000,1,2.16000,2.39000,51.059448,3.708991,1,3102,1,7.500000,1,343.28,1,4.80,1,-107,5.50,-1713.64,12,0
10/29/2018 15:22:55 ,13,1,1.02000,1,2.16000,2.39000,51.059474,3.708992,1,3131,1,7.400000,1,3.97,1,4.78,1,-107,5.50,-1713.64,12,0
10/29/2018 15:22:57 ,13,1,1.02000,1,2.16000,2.39000,51.059501,3.708995,1,3202,1,7.400000,1,3.09,1,5.26,1,-107,5.50,-1713.64,12,0
10/29/2018 15:22:58 ,13,1,1.02000,1,2.16000,2.39000,51.059513,3.708994,1,4210,1,7.300000,1,358.82,1,5.07,1,-116,5.00,-1691.62,12,1
10/29/2018 15:22:58 ,13,1,1.02000,1,2.16000,2.39000,51.059513,3.708994,1,4210,1,7.300000,1,358.82,1,5.07,1,-116,5.00,-1691.62,12,0
10/29/2018 15:23:00 ,13,1,1.02000,1,2.16000,2.39000,51.059535,3.708994,1,4321,1,7.300000,1,0.56,1,5.32,1,-116,5.00,-1691.62,12,0
10/29/2018 15:23:02 ,13,1,1.02000,1,2.16000,2.39000,51.059562,3.708996,1,4341,1,7.400000,1,8.59,1,5.44,1,-116,5.00,-1691.62,12,0
10/29/2018 15:23:04 ,13,1,1.22000,1,2.32000,2.62000,51.059585,3.708999,1,4411,1,7.700000,1,6.30,1,4.98,1,-116,5.00,-1691.62,12,0
10/29/2018 15:23:06 ,13,1,1.22000,1,2.32000,2.62000,51.059608,3.708992,1,4431,1,8.000000,1,356.59,1,5.02,1,-116,5.00,-1691.62,12,0
10/29/2018 15:23:08 ,13,1,1.02000,1,2.16000,2.39000,51.059627,3.708986,1,10220,1,7.900000,1,352.02,1,5.13,1,-116,5.00,-1691.62,12,0
10/29/2018 15:23:09 ,13,1,1.02000,1,2.16000,2.39000,51.059635,3.708984,1,114,1,7.900000,1,354.40,1,4.89,1,-85,6.50,3749.71,7,1
10/29/2018 15:23:10 ,13,1,1.02000,1,2.16000,2.39000,51.059650,3.708984,1,304,1,7.100000,1,359.07,1,4.89,1,-85,6.50,3749.71,7,0
10/29/2018 15:23:10 ,13,1,1.02000,1,2.16000,2.39000,51.059650,3.708984,1,3341,1,7.100000,1,359.07,1,4.89,1,-93,6.00,3766.48,7,1
10/29/2018 15:23:11 ,13,1,1.02000,1,2.16000,2.39000,51.059661,3.708987,1,3414,1,6.700000,1,5.70,1,4.85,1,-93,6.00,3766.48,7,0
10/29/2018 15:23:12 ,13,1,1.02000,1,2.16000,2.39000,51.059669,3.708992,1,4201,1,6.500000,1,13.10,1,4.61,1,-93,6.00,3766.48,7,0
10/29/2018 15:23:13 ,13,1,1.02000,1,2.16000,2.39000,51.059680,3.709003,1,140,1,6.500000,1,24.01,1,4.59,1,-113,6.00,2019.56,9,1
10/29/2018 15:23:14 ,13,1,1.02000,1,2.16000,2.39000,51.059688,3.709016,1,440,1,6.100000,1,36.06,1,4.50,1,-113,6.00,2019.56,9,0
10/29/2018 15:23:15 ,13,1,1.02000,1,2.16000,2.39000,51.059692,3.709032,1,2100,1,5.700000,1,43.43,1,5.06,1,-113,6.00,2019.56,9,0
10/29/2018 15:23:15 ,13,1,1.02000,1,2.16000,2.39000,51.059692,3.709032,1,4124,1,5.700000,1,43.43,1,5.06,1,-110,5.50,2019.56,9,1
10/29/2018 15:23:16 ,13,1,1.02000,1,2.16000,2.39000,51.059700,3.709048,1,4143,1,5.500000,1,49.41,1,4.59,1,-110,5.50,2019.56,9,0
10/29/2018 15:23:18 ,13,1,1.02000,1,2.16000,2.39000,51.059715,3.709078,1,4420,1,5.100000,1,54.11,1,4.39,1,-110,5.50,2019.56,9,0
10/29/2018 15:23:20 ,13,1,1.02000,1,2.16000,2.39000,51.059726,3.709110,1,10014,1,4.800000,1,53.67,1,4.26,1,-110,5.50,2019.56,9,0
10/29/2018 15:23:22 ,13,1,1.02000,1,2.16000,2.39000,51.059741,3.709141,1,10032,1,4.200000,1,52.42,1,5.44,1,-110,5.50,2019.56,9,0
10/29/2018 15:23:24 ,13,1,1.02000,1,2.16000,2.39000,51.059753,3.709175,1,10110,1,3.900000,1,53.40,1,5.37,1,-110,5.50,2019.56,9,0
10/29/2018 15:23:25 ,13,1,1.02000,1,2.16000,2.39000,51.059764,3.709190,1,10133,1,3.500000,1,47.68,1,5.72,1,-110,5.50,2019.56,9,0
10/29/2018 15:23:26 ,13,1,1.02000,1,2.16000,2.39000,51.059776,3.709202,1,1011,1,3.400000,1,45.59,1,5.19,1,-114,3.00,-1511.26,12,1
10/29/2018 15:23:27 ,13,1,1.02000,1,2.16000,2.39000,51.059783,3.709218,1,2133,1,3.000000,1,50.91,1,5.33,1,-114,3.00,-1511.26,12,0
10/29/2018 15:23:29 ,13,1,1.02000,1,2.16000,2.39000,51.059799,3.709247,1,2214,1,3.200000,1,51.37,1,4.52,1,-114,3.00,-1511.26,12,0
10/29/2018 15:23:31 ,13,1,1.02000,1,2.16000,2.39000,51.059818,3.709270,1,2242,1,3.500000,1,42.15,1,5.09,1,-114,3.00,-1511.26,12,0
10/29/2018 15:23:33 ,13,1,1.02000,1,2.16000,2.39000,51.059837,3.709297,1,2311,1,3.800000,1,47.14,1,5.00,1,-114,3.00,-1511.26,12,0
10/29/2018 15:23:35 ,13,1,1.02000,1,2.16000,2.39000,51.059856,3.709321,1,2241,1,3.600000,1,38.28,1,4.17,1,-112,4.50,-1538.52,12,1
10/29/2018 15:23:35 ,13,1,1.02000,1,2.16000,2.39000,51.059856,3.709321,1,2241,1,3.600000,1,38.28,1,4.17,1,-112,4.50,-1538.52,12,0
10/29/2018 15:23:37 ,13,1,1.02000,1,2.16000,2.39000,51.059875,3.709345,1,2331,1,3.600000,1,44.74,1,4.94,1,-112,4.50,-1538.52,12,0
10/29/2018 15:23:39 ,12,1,1.09000,1,2.23000,2.48000,51.059883,3.709383,1,2422,1,2.800000,1,56.28,1,4.63,1,-112,4.50,-1538.52,12,0
10/29/2018 15:23:41 ,12,1,1.09000,1,2.23000,2.48000,51.059898,3.709421,1,2441,1,2.100000,1,53.48,1,5.09,1,-112,4.50,-1538.52,12,0
10/29/2018 15:23:43 ,12,1,1.09000,1,2.23000,2.48000,51.059913,3.709455,1,414,1,1.900000,1,53.21,1,5.07,1,-107,6.00,3800.04,7,1
10/29/2018 15:23:43 ,12,1,1.09000,1,2.23000,2.48000,51.059913,3.709455,1,414,1,1.900000,1,53.21,1,5.07,1,-107,6.00,3800.04,7,0
10/29/2018 15:23:44 ,12,1,1.40000,1,2.23000,2.63000,51.059921,3.709473,1,10123,1,1.400000,1,51.68,1,5.09,1,-110,6.50,3783.26,7,1
10/29/2018 15:23:44 ,12,1,1.40000,1,2.23000,2.63000,51.059921,3.709473,1,10123,1,1.400000,1,51.68,1,5.09,1,-110,6.50,3783.26,7,0
10/29/2018 15:23:45 ,12,1,1.31000,1,2.16000,2.53000,51.059928,3.709486,1,10210,1,1.500000,1,47.84,1,4.91,1,-110,6.50,3783.26,7,0
10/29/2018 15:23:46 ,12,1,1.31000,1,2.16000,2.53000,51.059936,3.709505,1,11002,1,1.500000,1,50.30,1,6.19,1,-110,6.50,3783.26,7,0
10/29/2018 15:23:46 ,12,1,1.31000,1,2.16000,2.53000,51.059936,3.709505,1,11403,1,1.500000,1,50.30,1,6.19,1,-119,6.00,2032.14,9,1
10/29/2018 15:23:48 ,13,1,1.02000,1,2.16000,2.53000,51.059963,3.709522,1,13,1,1.300000,1,20.93,1,5.52,1,-119,6.00,2032.14,9,0
10/29/2018 15:23:49 ,13,1,1.02000,1,2.16000,2.39000,51.059970,3.709543,1,1124,1,0.900000,1,33.53,1,4.98,1,-119,6.00,2032.14,9,0
10/29/2018 15:23:49 ,13,1,1.02000,1,2.16000,2.39000,51.059970,3.709543,1,3310,1,0.900000,1,33.53,1,4.98,1,-117,7.25,2011.17,9,1
10/29/2018 15:23:50 ,13,1,1.02000,1,2.16000,2.39000,51.059974,3.709563,1,3332,1,0.600000,1,41.31,1,5.07,1,-117,7.25,2011.17,9,0
10/29/2018 15:23:51 ,13,1,1.02000,1,2.16000,2.39000,51.059978,3.709589,1,3413,1,0.100000,1,40.15,1,4.87,1,-117,7.25,2011.17,9,0
10/29/2018 15:23:52 ,13,1,1.02000,1,2.16000,2.39000,51.059982,3.709617,1,231,1,-0.100000,1,42.82,1,4.80,1,-120,8.00,1994.39,9,1
10/29/2018 15:23:53 ,13,1,1.22000,1,2.30000,2.61000,51.059989,3.709639,1,2303,1,-0.300000,1,44.92,1,5.13,1,-120,8.00,1994.39,9,0
10/29/2018 15:23:53 ,13,1,1.22000,1,2.30000,2.61000,51.059989,3.709639,1,10311,1,-0.300000,1,44.92,1,5.13,1,-121,4.25,-1578.89,12,1
10/29/2018 15:23:54 ,13,1,1.02000,1,2.16000,2.39000,51.059993,3.709662,1,10321,1,-0.300000,1,46.01,1,4.93,1,-121,4.25,-1578.89,12,0
10/29/2018 15:23:56 ,13,1,1.02000,1,2.16000,2.39000,51.060009,3.709694,1,10403,1,0.600000,1,46.69,1,4.82,1,-121,4.25,-1578.89,12,0
10/29/2018 15:23:58 ,12,1,1.22000,1,2.30000,2.60000,51.060024,3.709730,1,10442,1,1.900000,1,47.23,1,4.96,1,-121,4.25,-1578.89,12,0
10/29/2018 15:23:59 ,12,1,1.22000,1,2.30000,2.60000,51.060031,3.709746,1,11011,1,3.200000,1,47.54,1,4.63,1,-121,4.25,-1578.89,12,0
10/29/2018 15:24:00 ,13,1,1.21000,1,2.30000,2.60000,51.060039,3.709762,1,11023,1,4.800000,1,41.59,1,5.56,1,-121,4.25,-1578.89,12,0
10/29/2018 15:24:02 ,12,1,1.21000,1,2.30000,2.60000,51.060058,3.709789,1,11111,1,8.100001,1,35.71,1,5.59,1,-121,4.25,-1578.89,12,0
10/29/2018 15:24:03 ,12,1,1.21000,1,2.30000,2.60000,51.060077,3.709797,1,20,1,8.100001,1,36.52,1,5.46,1,-126,4.75,-1610.87,12,1
10/29/2018 15:24:04 ,12,1,1.21000,1,2.30000,2.60000,51.060092,3.709808,1,220,1,11.400000,1,29.98,1,6.13,1,-126,4.75,-1610.87,12,0
10/29/2018 15:24:05 ,12,1,1.21000,1,2.30000,2.60000,51.060111,3.709817,1,1332,1,12.200000,1,28.03,1,6.56,1,-126,4.75,-1610.87,12,0
10/29/2018 15:24:07 ,13,1,1.21000,1,2.30000,2.60000,51.060134,3.709840,1,2241,1,15.100001,1,28.25,1,4.63,1,-126,4.75,-1610.87,12,0
10/29/2018 15:24:08 ,12,1,1.21000,1,2.30000,2.60000,51.060142,3.709845,1,2302,1,17.899999,1,31.53,1,2.93,1,-126,4.75,-1610.87,12,0
10/29/2018 15:24:10 ,12,1,1.21000,1,2.30000,2.60000,51.060153,3.709864,1,2401,1,23.200000,1,31.53,1,3.06,1,-126,4.75,-1610.87,12,0
10/29/2018 15:24:12 ,12,1,1.21000,1,2.30000,2.60000,51.060169,3.709888,1,323,1,27.299999,1,25.47,1,4.70,1,-124,4.75,-1650.72,12,1
10/29/2018 15:24:12 ,12,1,1.21000,1,2.30000,2.60000,51.060169,3.709888,1,323,1,27.299999,1,25.47,1,4.70,1,-124,4.75,-1650.72,12,0
10/29/2018 15:24:14 ,13,1,1.02000,1,2.16000,2.39000,51.060176,3.709912,1,2243,1,29.100000,1,25.47,1,2.78,1,-124,4.75,-1650.72,12,0
10/29/2018 15:24:15 ,13,1,1.02000,1,2.16000,2.39000,51.060180,3.709925,1,2302,1,31.200000,1,29.17,1,3.15,1,-124,4.75,-1650.72,12,0
10/29/2018 15:24:16 ,12,1,1.21000,1,2.30000,2.60000,51.060180,3.709941,1,2331,1,32.200000,1,32.88,1,4.26,1,-124,4.75,-1650.72,12,0
10/29/2018 15:24:17 ,12,1,1.21000,1,2.30000,2.60000,51.060188,3.709951,1,2141,1,34.500000,1,32.28,1,3.56,1,-110,5.75,3649.04,7,1
10/29/2018 15:24:18 ,12,1,1.21000,1,2.29000,2.60000,51.060184,3.709967,1,2233,1,34.700000,1,32.28,1,2.96,1,-110,5.75,3649.04,7,0
10/29/2018 15:24:18 ,12,1,1.21000,1,2.29000,2.60000,51.060184,3.709967,1,11341,1,34.700000,1,32.28,1,2.96,1,-115,6.00,3649.04,7,1
10/29/2018 15:24:20 ,13,1,1.21000,1,2.29000,2.60000,51.060214,3.709995,1,12,1,36.400001,1,39.11,1,4.22,1,-115,6.00,3649.04,7,0
10/29/2018 15:24:20 ,13,1,1.21000,1,2.29000,2.59000,51.060214,3.709995,1,11100,1,36.400001,1,39.11,1,4.22,1,-116,-1.00,1885.34,9,1
10/29/2018 15:24:21 ,13,1,1.21000,1,2.29000,2.59000,51.060218,3.710017,1,11120,1,35.400001,1,44.59,1,4.72,1,-116,-1.00,1885.34,9,0
10/29/2018 15:24:22 ,12,1,1.21000,1,2.29000,2.59000,51.060226,3.710032,1,11143,1,35.500000,1,40.90,1,3.85,1,-116,-1.00,1885.34,9,0
10/29/2018 15:24:23 ,12,1,1.21000,1,2.29000,2.59000,51.060230,3.710047,1,3014,1,35.200000,1,49.11,1,4.70,1,-125,6.00,1868.56,9,1
10/29/2018 15:24:24 ,13,1,1.21000,1,2.29000,2.59000,51.060245,3.710071,1,3033,1,33.900001,1,49.54,1,5.13,1,-125,6.00,1868.56,9,0
10/29/2018 15:24:26 ,13,1,1.03000,1,2.16000,2.39000,51.060268,3.710108,1,424,1,33.000000,1,51.29,1,5.28,1,127,5.25,1851.79,9,1
10/29/2018 15:24:26 ,13,1,1.03000,1,2.16000,2.39000,51.060268,3.710108,1,424,1,33.000000,1,51.29,1,5.28,1,127,5.25,1851.79,9,0
10/29/2018 15:24:27 ,13,1,1.03000,1,2.16000,2.39000,51.060276,3.710125,1,2200,1,32.099998,1,61.32,1,4.65,1,127,5.25,1851.79,9,0
10/29/2018 15:24:28 ,13,1,1.31000,1,2.16000,2.53000,51.060283,3.710129,1,3013,1,33.200000,1,58.37,1,3.30,1,127,5.25,1851.79,9,0
10/29/2018 15:24:30 ,13,1,1.03000,1,2.16000,2.39000,51.060317,3.710124,1,3031,1,39.299999,1,48.44,1,3.07,1,127,5.25,1851.79,9,0
10/29/2018 15:24:30 ,13,1,1.03000,1,2.16000,2.39000,51.060317,3.710124,1,3324,1,39.299999,1,48.44,1,3.07,1,-124,5.25,-1713.11,12,1
10/29/2018 15:24:31 ,13,1,1.03000,1,2.16000,2.39000,51.060340,3.710123,1,3400,1,40.299999,1,34.01,1,3.54,1,-124,5.25,-1713.11,12,0
10/29/2018 15:24:33 ,13,1,1.03000,1,2.16000,2.39000,51.060359,3.710130,1,3440,1,39.400001,1,32.16,1,3.63,1,-124,5.25,-1713.11,12,0
10/29/2018 15:24:35 ,13,1,1.03000,1,2.16000,2.39000,51.060352,3.710152,1,4010,1,37.000000,1,63.62,1,2.61,1,-124,5.25,-1713.11,12,0
10/29/2018 15:24:37 ,13,1,1.03000,1,2.16000,2.39000,51.060356,3.710177,1,4034,1,39.700000,1,79.45,1,3.82,1,-124,5.25,-1713.11,12,0
10/29/2018 15:24:39 ,12,1,1.31000,1,2.16000,2.53000,51.060359,3.710204,1,4103,1,39.299999,1,57.18,1,3.80,1,-124,5.25,-1713.11,12,0
10/29/2018 15:24:39 ,12,1,1.31000,1,2.16000,2.53000,51.060359,3.710204,1,10122,1,39.299999,1,57.18,1,3.80,1,127,3.75,-1753.48,12,1
10/29/2018 15:24:40 ,13,1,1.03000,1,2.16000,2.39000,51.060359,3.710223,1,10132,1,36.000000,1,43.67,1,5.48,1,127,3.75,-1753.48,12,0
10/29/2018 15:24:42 ,12,1,1.31000,1,2.16000,2.53000,51.060371,3.710249,1,10241,1,32.299999,1,40.63,1,4.72,1,127,3.75,-1753.48,12,0
10/29/2018 15:24:44 ,13,1,1.31000,1,2.16000,2.53000,51.060394,3.710267,1,10234,1,28.600000,1,46.37,1,5.44,1,127,3.75,-1753.48,12,0
10/29/2018 15:24:46 ,12,1,1.32000,1,2.16000,2.53000,51.060409,3.710308,1,10312,1,24.700000,1,37.95,1,4.80,1,127,3.75,-1753.48,12,0
10/29/2018 15:24:48 ,13,1,1.03000,1,2.15000,2.39000,51.060428,3.710331,1,10403,1,20.000000,1,36.41,1,3.46,1,127,3.75,-1753.48,12,0
10/29/2018 15:24:48 ,13,1,1.03000,1,2.15000,2.39000,51.060428,3.710331,1,11421,1,20.000000,1,36.41,1,3.46,1,124,1.25,-1788.08,12,1
10/29/2018 15:24:50 ,12,1,1.32000,1,2.15000,2.39000,51.060455,3.710349,1,23,1,17.500000,1,29.42,1,4.65,1,124,1.25,-1788.08,12,0
10/29/2018 15:24:51 ,12,1,1.32000,1,2.16000,2.53000,51.060470,3.710352,1,1234,1,17.399999,1,23.29,1,5.30,1,124,1.25,-1788.08,12,0
10/29/2018 15:24:52 ,13,1,1.32000,1,2.16000,2.53000,51.060482,3.710365,1,2221,1,16.600000,1,28.20,1,5.17,1,124,1.25,-1788.08,12,0
10/29/2018 15:24:53 ,12,1,1.32000,1,2.16000,2.53000,51.060497,3.710378,1,114,1,15.800001,1,29.66,1,5.44,1,-125,1.25,3548.38,7,1
10/29/2018 15:24:54 ,12,1,1.32000,1,2.16000,2.53000,51.060508,3.710388,1,2022,1,15.400000,1,29.66,1,5.28,1,-125,1.25,3548.38,7,0
10/29/2018 15:24:54 ,12,1,1.32000,1,2.16000,2.53000,51.060508,3.710388,1,4342,1,15.400000,1,29.66,1,5.28,1,-119,4.75,3531.60,7,1
10/29/2018 15:24:55 ,12,1,1.32000,1,2.16000,2.53000,51.060523,3.710402,1,4332,1,15.200000,1,27.63,1,5.72,1,-119,4.75,3531.60,7,0
10/29/2018 15:24:56 ,13,1,1.32000,1,2.16000,2.53000,51.060531,3.710415,1,10123,1,14.000000,1,24.67,1,4.09,1,-119,4.75,3531.60,7,0
10/29/2018 15:24:57 ,13,1,1.32000,1,2.16000,2.53000,51.060539,3.710431,1,2211,1,12.800001,1,23.50,1,4.87,1,126,5.00,1780.48,9,1
10/29/2018 15:24:58 ,13,1,1.03000,1,2.15000,2.39000,51.060546,3.710450,1,2244,1,12.000000,1,26.59,1,4.39,1,126,5.00,1780.48,9,0
10/29/2018 15:25:00 ,13,1,1.03000,1,2.15000,2.39000,51.060562,3.710464,1,121,1,11.000000,1,348.12,1,5.19,1,123,1.25,1772.09,9,1
10/29/2018 15:25:00 ,13,1,1.03000,1,2.15000,2.39000,51.060562,3.710464,1,121,1,11.000000,1,348.12,1,5.19,1,123,1.25,1772.09,9,0
10/29/2018 15:25:01 ,13,1,1.03000,1,2.15000,2.39000,51.060569,3.710469,1,1441,1,10.100001,1,348.12,1,4.65,1,123,1.25,1772.09,9,0
10/29/2018 15:25:03 ,13,1,1.32000,1,2.16000,2.53000,51.060596,3.710463,1,3011,1,10.100001,1,350.64,1,4.56,1,123,1.25,1772.09,9,0
10/29/2018 15:25:05 ,13,1,1.32000,1,2.16000,2.53000,51.060615,3.710469,1,3041,1,9.900000,1,349.70,1,5.19,1,123,1.25,1772.09,9,0
10/29/2018 15:25:07 ,13,1,1.44000,1,2.42000,2.82000,51.060634,3.710476,1,1442,1,9.800001,1,349.70,1,5.04,1,123,0.50,-1812.20,12,1
10/29/2018 15:25:07 ,13,1,1.44000,1,2.42000,2.82000,51.060634,3.710476,1,1442,1,9.800001,1,349.70,1,5.04,1,123,0.50,-1812.20,12,0
10/29/2018 15:25:09 ,13,1,1.03000,1,2.15000,2.39000,51.060646,3.710505,1,2310,1,10.000000,1,349.70,1,2.80,1,123,0.50,-1812.20,12,0
10/29/2018 15:25:11 ,11,1,1.27000,1,2.52000,2.82000,51.060657,3.710515,1,2341,1,9.000000,1,349.70,1,4.20,1,123,0.50,-1812.20,12,0
10/29/2018 15:25:13 ,11,1,1.27000,1,2.52000,2.82000,51.060665,3.710501,1,2331,1,6.200000,1,305.90,1,8.52,1,123,0.50,-1812.20,12,0
10/29/2018 15:25:15 ,12,1,1.27000,1,2.52000,2.82000,51.060691,3.710503,1,2403,1,4.600000,1,329.06,1,5.78,1,123,0.50,-1812.20,12,0
10/29/2018 15:25:16 ,13,1,1.03000,1,2.15000,2.38000,51.060695,3.710525,1,3210,1,3.700000,1,329.06,1,3.54,1,122,-2.00,-1723.07,12,1
10/29/2018 15:25:16 ,13,1,1.03000,1,2.15000,2.38000,51.060695,3.710525,1,3210,1,3.700000,1,329.06,1,3.54,1,122,-2.00,-1723.07,12,0
10/29/2018 15:25:18 ,12,1,1.09000,1,2.24000,2.49000,51.060710,3.710554,1,3301,1,1.900000,1,342.54,1,1.85,1,122,-2.00,-1723.07,12,0
10/29/2018 15:25:20 ,12,1,1.09000,1,2.24000,2.49000,51.060726,3.710584,1,3334,1,-1.100000,1,339.55,1,4.61,1,122,-2.00,-1723.07,12,0
10/29/2018 15:25:22 ,12,1,1.09000,1,2.24000,2.49000,51.060752,3.710586,1,3332,1,-2.100000,1,335.03,1,4.61,1,122,-2.00,-1723.07,12,0
10/29/2018 15:25:24 ,12,1,1.09000,1,2.24000,2.49000,51.060783,3.710583,1,3412,1,-1.900000,1,352.05,1,4.83,1,122,-2.00,-1723.07,12,0
10/29/2018 15:25:25 ,12,1,1.27000,1,2.53000,2.83000,51.060791,3.710587,1,4433,1,-3.600000,1,351.34,1,3.72,1,122,-1.75,-1672.74,12,1
10/29/2018 15:25:25 ,12,1,1.27000,1,2.53000,2.83000,51.060791,3.710587,1,4433,1,-3.600000,1,351.34,1,3.72,1,122,-1.75,-1672.74,12,0
10/29/2018 15:25:27 ,12,1,1.09000,1,2.24000,2.49000,51.060817,3.710596,1,10241,1,-1.500000,1,351.77,1,4.37,1,122,-1.75,-1672.74,12,0
10/29/2018 15:25:28 ,12,1,1.09000,1,2.24000,2.49000,51.060832,3.710591,1,11024,1,-1.000000,1,348.30,1,4.37,1,-126,-0.75,3699.38,7,1
10/29/2018 15:25:28 ,12,1,1.09000,1,2.24000,2.49000,51.060832,3.710591,1,11024,1,-1.000000,1,348.30,1,4.37,1,-126,-0.75,3699.38,7,0
10/29/2018 15:25:31 ,11,1,1.27000,1,2.53000,2.83000,51.060871,3.710595,1,221,1,-1.700000,1,356.23,1,4.24,1,-126,-0.75,3699.38,7,0
10/29/2018 15:25:31 ,12,1,1.27000,1,2.53000,2.83000,51.060871,3.710595,1,301,1,-2.500000,1,356.23,1,4.24,1,-127,-3.25,1965.03,9,1
10/29/2018 15:25:32 ,12,1,1.09000,1,2.24000,2.49000,51.060882,3.710597,1,2300,1,-2.900000,1,355.32,1,4.13,1,-127,-3.25,1965.03,9,0
10/29/2018 15:25:33 ,12,1,1.09000,1,2.24000,2.49000,51.060897,3.710592,1,11334,1,-1.500000,1,351.15,1,4.15,1,121,-3.50,1973.42,9,1
10/29/2018 15:25:33 ,12,1,1.09000,1,2.24000,2.49000,51.060897,3.710592,1,11334,1,-1.500000,1,351.15,1,4.15,1,121,-3.50,1973.42,9,0
10/29/2018 15:25:35 ,12,1,1.09000,1,2.24000,2.49000,51.060913,3.710590,1,1213,1,-4.400000,1,347.43,1,3.98,1,121,-3.50,1973.42,9,0
10/29/2018 15:25:37 ,12,1,1.09000,1,2.24000,2.49000,51.060932,3.710599,1,3001,1,-5.100000,1,359.67,1,2.02,1,121,-3.50,1973.42,9,0
10/29/2018 15:25:39 ,12,1,1.09000,1,2.24000,2.49000,51.060958,3.710597,1,3021,1,-1.300000,1,6.14,1,3.54,1,121,-3.50,1973.42,9,0
10/29/2018 15:25:41 ,12,1,1.09000,1,2.24000,2.49000,51.060977,3.710597,1,3101,1,-2.600000,1,6.96,1,3.65,1,121,-3.50,1973.42,9,0
10/29/2018 15:25:43 ,12,1,1.09000,1,2.24000,2.49000,51.060997,3.710590,1,3111,1,-4.000000,1,335.13,1,5.93,1,121,-3.50,1973.42,9,0
10/29/2018 15:25:44 ,12,1,1.09000,1,2.24000,2.49000,51.061004,3.710597,1,11,1,-5.400000,1,335.13,1,3.63,1,122,-1.25,-1591.48,12,1
10/29/2018 15:25:45 ,12,1,1.09000,1,2.24000,2.49000,51.061019,3.710594,1,1112,1,-4.200000,1,343.77,1,3.41,1,122,-1.25,-1591.48,12,0
10/29/2018 15:25:47 ,12,1,1.09000,1,2.24000,2.49000,51.061046,3.710592,1,2231,1,-3.900000,1,353.27,1,4.39,1,122,-1.25,-1591.48,12,0
10/29/2018 15:25:49 ,12,1,1.09000,1,2.24000,2.49000,51.061058,3.710600,1,2244,1,-9.300001,1,355.81,1,3.87,1,122,-1.25,-1591.48,12,0
10/29/2018 15:25:51 ,11,1,1.27000,1,2.54000,2.84000,51.061080,3.710600,1,2330,1,-12.500000,1,351.05,1,4.52,1,122,-1.25,-1591.48,12,0
10/29/2018 15:25:53 ,11,1,1.28000,1,2.54000,2.85000,51.061100,3.710606,1,1301,1,-14.900000,1,356.75,1,3.56,1,122,-0.75,-1574.17,12,1
10/29/2018 15:25:53 ,11,1,1.28000,1,2.54000,2.85000,51.061100,3.710606,1,1301,1,-14.900000,1,356.75,1,3.56,1,122,-0.75,-1574.17,12,0
10/29/2018 15:25:55 ,12,1,1.28000,1,2.55000,2.85000,51.061122,3.710604,1,2214,1,-15.600001,1,354.92,1,3.57,1,122,-0.75,-1574.17,12,0
10/29/2018 15:25:57 ,12,1,1.09000,1,2.24000,2.49000,51.061145,3.710597,1,2243,1,-17.100000,1,357.10,1,2.67,1,122,-0.75,-1574.17,12,0
10/29/2018 15:25:59 ,12,1,1.09000,1,2.24000,2.49000,51.061164,3.710597,1,2330,1,-18.700000,1,354.24,1,3.96,1,122,-0.75,-1574.17,12,0
10/29/2018 15:26:01 ,11,1,1.28000,1,2.55000,2.85000,51.061183,3.710589,1,2424,1,-22.200000,1,353.10,1,3.44,1,122,-0.75,-1574.17,12,0
10/29/2018 15:26:02 ,12,1,1.28000,1,2.55000,2.85000,51.061199,3.710589,1,3144,1,-22.500000,1,3.99,1,5.46,1,122,-0.75,-1574.17,12,0
10/29/2018 15:26:03 ,12,1,1.28000,1,2.55000,2.85000,51.061218,3.710588,1,242,1,-22.500000,1,23.75,1,3.85,1,-126,-1.00,3783.26,7,1
10/29/2018 15:26:04 ,12,1,1.09000,1,2.24000,2.49000,51.061225,3.710596,1,1041,1,-19.700000,1,38.12,1,3.50,1,-126,-1.00,3783.26,7,0
10/29/2018 15:26:05 ,12,1,1.09000,1,2.24000,2.49000,51.061237,3.710600,1,2224,1,-20.000000,1,38.12,1,3.11,1,-126,-1.00,3783.26,7,0
10/29/2018 15:26:06 ,12,1,1.09000,1,2.24000,2.49000,51.061252,3.710598,1,2443,1,-17.700000,1,36.05,1,3.56,1,-126,-1.00,3783.26,7,0
10/29/2018 15:26:07 ,12,1,1.09000,1,2.24000,2.49000,51.061256,3.710601,1,11032,1,-19.200000,1,36.05,1,2.24,1,-126,-1.25,2019.56,9,1
10/29/2018 15:26:07 ,12,1,1.09000,1,2.24000,2.49000,51.061256,3.710601,1,11032,1,-19.200000,1,36.05,1,2.24,1,-126,-1.25,2019.56,9,0
10/29/2018 15:26:09 ,12,1,1.09000,1,2.24000,2.49000,51.061283,3.710568,1,11142,1,-19.000000,1,342.60,1,3.19,1,-126,-1.25,2019.56,9,0
10/29/2018 15:26:10 ,12,1,1.09000,1,2.24000,2.49000,51.061302,3.710561,1,3003,1,-15.700000,1,342.60,1,3.06,1,122,0.25,2036.33,9,1
10/29/2018 15:26:11 ,12,1,1.09000,1,2.24000,2.49000,51.061309,3.710557,1,3034,1,-15.300001,1,342.60,1,2.00,1,122,0.25,2036.33,9,0
10/29/2018 15:26:12 ,12,1,1.09000,1,2.24000,2.49000,51.061317,3.710565,1,3330,1,-16.200000,1,342.60,1,2.98,1,122,0.25,2036.33,9,0
10/29/2018 15:26:14 ,11,1,1.28000,1,2.56000,2.86000,51.061344,3.710582,1,3401,1,-14.500000,1,15.99,1,4.83,1,122,0.25,2036.33,9,0
10/29/2018 15:26:16 ,12,1,1.22000,1,2.44000,2.72000,51.061378,3.710585,1,3430,1,-11.700000,1,15.99,1,5.04,1,122,0.25,2036.33,9,0
10/29/2018 15:26:18 ,12,1,1.22000,1,2.44000,2.72000,51.061405,3.710584,1,3430,1,-9.200000,1,15.99,1,3.96,1,122,0.25,2036.33,9,0
10/29/2018 15:26:20 ,13,1,1.22000,1,2.44000,2.73000,51.061477,3.710505,1,4011,1,8.900000,1,4.44,1,4.48,1,122,0.25,2036.33,9,0
10/29/2018 15:26:20 ,13,1,1.22000,1,2.44000,2.73000,51.061477,3.710505,1,11022,1,8.900000,1,4.44,1,4.48,1,121,-6.75,-1531.18,12,1
10/29/2018 15:26:21 ,13,1,1.22000,1,2.44000,2.73000,51.061492,3.710500,1,11044,1,10.400000,1,5.25,1,4.69,1,121,-6.75,-1531.18,12,0
10/29/2018 15:26:23 ,13,1,1.03000,1,2.15000,2.38000,51.061523,3.710488,1,11100,1,10.700000,1,349.35,1,5.82,1,121,-6.75,-1531.18,12,0
10/29/2018 15:26:24 ,13,1,1.03000,1,2.15000,2.38000,51.061542,3.710479,1,11132,1,11.000000,1,351.35,1,5.63,1,121,-6.75,-1531.18,12,0
10/29/2018 15:26:26 ,13,1,1.03000,1,2.15000,2.38000,51.061576,3.710450,1,11203,1,11.600001,1,341.12,1,5.59,1,121,-6.75,-1531.18,12,0
10/29/2018 15:26:28 ,13,1,1.03000,1,2.15000,2.52000,51.061599,3.710457,1,303,1,11.600001,1,341.12,1,1.98,1,121,-6.75,-1531.18,12,0
10/29/2018 15:26:29 ,13,1,1.32000,1,2.15000,2.52000,51.061599,3.710439,1,1040,1,14.300001,1,75.65,1,4.48,1,121,-6.75,-1531.18,12,0
10/29/2018 15:26:30 ,13,1,1.32000,1,2.15000,2.52000,51.061611,3.710404,1,230,1,14.300001,1,101.41,1,4.39,1,122,0.25,-1575.22,12,1
10/29/2018 15:26:31 ,13,1,1.32000,1,2.15000,2.52000,51.061614,3.710396,1,413,1,17.399999,1,102.25,1,4.39,1,122,0.25,-1575.22,12,0
10/29/2018 15:26:32 ,13,1,1.03000,1,2.15000,2.38000,51.061618,3.710404,1,2023,1,18.600000,1,101.81,1,4.82,1,122,0.25,-1575.22,12,0
10/29/2018 15:26:34 ,13,1,1.03000,1,2.15000,2.38000,51.061630,3.710447,1,2240,1,17.000000,1,95.04,1,5.82,1,122,0.25,-1575.22,12,0
10/29/2018 15:26:36 ,12,1,1.32000,1,2.15000,2.52000,51.061645,3.710492,1,2321,1,12.400000,1,73.58,1,6.04,1,122,0.25,-1575.22,12,0
10/29/2018 15:26:37 ,12,1,1.32000,1,2.15000,2.52000,51.061656,3.710510,1,3100,1,11.700000,1,68.08,1,5.82,1,122,0.25,-1575.22,12,0
10/29/2018 15:26:38 ,12,1,1.32000,1,2.15000,2.52000,51.061668,3.710521,1,10241,1,11.600001,1,54.04,1,5.43,1,-127,-3.25,3783.26,7,1
10/29/2018 15:26:38 ,12,1,1.32000,1,2.15000,2.52000,51.061668,3.710521,1,10241,1,11.600001,1,54.04,1,5.43,1,-127,-3.25,3783.26,7,0
10/29/2018 15:26:40 ,12,1,1.32000,1,2.15000,2.52000,51.061691,3.710545,1,11141,1,9.900000,1,44.75,1,5.33,1,-127,-3.25,3783.26,7,0
10/29/2018 15:26:42 ,13,1,1.03000,1,2.15000,2.38000,51.061717,3.710571,1,11141,1,7.400000,1,37.88,1,4.91,1,-127,-3.25,3783.26,7,0
10/29/2018 15:26:43 ,13,1,1.03000,1,2.15000,2.38000,51.061729,3.710584,1,11212,1,7.100000,1,36.21,1,5.11,1,-127,-3.25,3783.26,7,0
10/29/2018 15:26:43 ,13,1,1.03000,1,2.15000,2.52000,51.061729,3.710584,1,20130,1,7.100000,1,36.21,1,5.11,1,-128,-7.50,2006.97,9,1
10/29/2018 15:26:45 ,12,1,1.32000,1,2.15000,2.52000,51.061752,3.710604,1,2230,1,6.400000,1,37.51,1,4.93,1,-128,-7.50,2006.97,9,0
10/29/2018 15:26:47 ,13,1,1.03000,1,2.14000,2.38000,51.061771,3.710636,1,3010,1,6.000000,1,41.11,1,5.76,1,-128,-7.50,2006.97,9,0
10/29/2018 15:26:48 ,12,1,1.32000,1,2.15000,2.52000,51.061782,3.710646,1,2340,1,5.800000,1,41.11,1,5.44,1,121,-8.75,-1578.89,12,1
10/29/2018 15:26:49 ,12,1,1.32000,1,2.15000,2.52000,51.061794,3.710664,1,2342,1,5.500000,1,42.44,1,5.93,1,121,-8.75,-1578.89,12,0
10/29/2018 15:26:51 ,13,1,1.32000,1,2.15000,2.52000,51.061817,3.710689,1,2403,1,5.500000,1,34.33,1,5.83,1,121,-8.75,-1578.89,12,0
10/29/2018 15:26:53 ,13,1,1.32000,1,2.14000,2.52000,51.061840,3.710712,1,2423,1,5.200000,1,35.34,1,5.02,1,121,-8.75,-1578.89,12,0
10/29/2018 15:26:55 ,13,1,1.32000,1,2.14000,2.52000,51.061855,3.710745,1,2440,1,4.600000,1,36.78,1,5.20,1,121,-8.75,-1578.89,12,0
10/29/2018 15:26:57 ,12,1,1.32000,1,2.14000,2.52000,51.061885,3.710758,1,3031,1,5.100000,1,27.57,1,5.85,1,121,-8.75,-1578.89,12,0
10/29/2018 15:26:57 ,12,1,1.32000,1,2.14000,2.52000,51.061885,3.710758,1,4043,1,5.100000,1,27.57,1,5.85,1,120,-9.25,-1564.74,12,1
10/29/2018 15:26:58 ,12,1,1.32000,1,2.14000,2.52000,51.061897,3.710775,1,4121,1,5.300000,1,31.99,1,5.24,1,120,-9.25,-1564.74,12,0
10/29/2018 15:27:00 ,12,1,1.32000,1,2.14000,2.52000,51.061916,3.710805,1,4134,1,5.100000,1,32.43,1,5.70,1,120,-9.25,-1564.74,12,0
10/29/2018 15:27:02 ,13,1,1.03000,1,2.14000,2.38000,51.061935,3.710840,1,4211,1,4.900000,1,36.13,1,5.24,1,120,-9.25,-1564.74,12,0
10/29/2018 15:27:04 ,12,1,1.32000,1,2.14000,2.52000,51.061954,3.710865,1,4304,1,4.500000,1,40.28,1,5.13,1,120,-9.25,-1564.74,12,0
10/29/2018 15:27:06 ,13,1,1.32000,1,2.14000,2.52000,51.061973,3.710890,1,4300,1,4.400000,1,38.69,1,4.76,1,120,-9.25,-1564.74,12,0
10/29/2018 15:27:06 ,13,1,1.32000,1,2.14000,2.52000,51.061973,3.710890,1,10320,1,4.400000,1,38.69,1,4.76,1,121,-3.75,-1584.14,12,1
10/29/2018 15:27:07 ,13,1,1.03000,1,2.14000,2.38000,51.061985,3.710896,1,10342,1,4.200000,1,20.07,1,5.46,1,121,-3.75,-1584.14,12,0
10/29/2018 15:27:09 ,13,1,1.03000,1,2.14000,2.37000,51.062007,3.710920,1,10414,1,4.800000,1,19.23,1,6.41,1,121,-3.75,-1584.14,12,0
10/29/2018 15:27:11 ,13,1,1.32000,1,2.14000,2.52000,51.062034,3.710935,1,11220,1,4.800000,1,20.80,1,6.30,1,121,-3.75,-1584.14,12,0
10/29/2018 15:27:13 ,13,1,1.32000,1,2.14000,2.52000,51.062053,3.710959,1,341,1,4.800000,1,34.96,1,4.67,1,121,-3.75,-1584.14,12,0
10/29/2018 15:27:14 ,12,1,1.32000,1,2.14000,2.52000,51.062061,3.710977,1,2002,1,5.100000,1,37.27,1,4.82,1,121,-3.75,-1584.14,12,0
10/29/2018 15:27:15 ,13,1,1.32000,1,2.14000,2.52000,51.062068,3.710992,1,2430,1,5.100000,1,44.70,1,4.80,1,121,-3.75,-1584.14,12,0
10/29/2018 15:27:15 ,13,1,1.32000,1,2.14000,2.52000,51.062068,3.710992,1,4411,1,5.100000,1,44.70,1,4.80,1,122,-0.75,1969.23,9,1
10/29/2018 15:27:16 ,12,1,1.32000,1,2.14000,2.52000,51.062076,3.711005,1,4433,1,4.900000,1,42.04,1,4.85,1,122,-0.75,1969.23,9,0
10/29/2018 15:27:18 ,11,1,1.43000,1,2.24000,2.66000,51.062095,3.711033,1,1331,1,4.400000,1,47.21,1,5.50,1,121,-4.25,1952.45,9,1
10/29/2018 15:27:18 ,11,1,1.43000,1,2.24000,2.66000,51.062095,3.711033,1,1331,1,4.400000,1,47.21,1,5.50,1,121,-4.25,1952.45,9,0
10/29/2018 15:27:20 ,13,1,1.03000,1,2.14000,2.37000,51.062107,3.711078,1,2231,1,3.900000,1,38.25,1,4.76,1,121,-4.25,1952.45,9,0
10/29/2018 15:27:20 ,13,1,1.03000,1,2.14000,2.37000,51.062107,3.711078,1,11302,1,3.900000,1,38.25,1,4.76,1,121,-1.75,1960.84,9,1
10/29/2018 15:27:22 ,13,1,1.03000,1,2.14000,2.37000,51.062129,3.711093,1,1121,1,4.500000,1,37.61,1,5.13,1,121,-1.75,1960.84,9,0
10/29/2018 15:27:24 ,13,1,1.03000,1,2.14000,2.37000,51.062133,3.711162,1,2213,1,2.600000,1,41.17,1,5.67,1,121,-1.75,1960.84,9,0
10/29/2018 15:27:25 ,13,1,1.03000,1,2.14000,2.37000,51.062145,3.711174,1,334,1,2.500000,1,40.97,1,5.15,1,121,-6.75,-1616.12,12,1
10/29/2018 15:27:26 ,13,1,1.33000,1,2.14000,2.52000,51.062156,3.711185,1,2013,1,2.600000,1,41.34,1,5.02,1,121,-6.75,-1616.12,12,0
10/29/2018 15:27:28 ,13,1,1.33000,1,2.14000,2.52000,51.062175,3.711201,1,2214,1,3.000000,1,34.04,1,4.82,1,121,-6.75,-1616.12,12,0
10/29/2018 15:27:30 ,13,1,1.33000,1,2.14000,2.52000,51.062198,3.711212,1,2241,1,4.500000,1,34.79,1,3.56,1,121,-6.75,-1616.12,12,0
10/29/2018 15:27:32 ,13,1,1.33000,1,2.14000,2.52000,51.062217,3.711232,1,2321,1,4.600000,1,27.02,1,5.06,1,121,-6.75,-1616.12,12,0
10/29/2018 15:27:34 ,12,1,1.33000,1,2.14000,2.52000,51.062240,3.711254,1,2132,1,4.400000,1,30.92,1,5.24,1,121,-4.00,-1640.76,12,1
10/29/2018 15:27:34 ,12,1,1.33000,1,2.14000,2.52000,51.062240,3.711254,1,2132,1,4.400000,1,30.92,1,5.24,1,121,-4.00,-1640.76,12,0
10/29/2018 15:27:36 ,13,1,1.03000,1,2.14000,2.37000,51.062263,3.711290,1,2231,1,3.700000,1,36.67,1,5.78,1,121,-4.00,-1640.76,12,0
10/29/2018 15:27:38 ,12,1,1.33000,1,2.14000,2.52000,51.062286,3.711320,1,2313,1,3.700000,1,42.28,1,5.89,1,121,-4.00,-1640.76,12,0
10/29/2018 15:27:40 ,13,1,1.03000,1,2.14000,2.37000,51.062305,3.711351,1,2333,1,4.000000,1,49.29,1,5.76,1,121,-4.00,-1640.76,12,0
10/29/2018 15:27:42 ,12,1,1.33000,1,2.14000,2.52000,51.062328,3.711376,1,2410,1,4.200000,1,35.47,1,5.63,1,121,-4.00,-1640.76,12,0
10/29/2018 15:27:43 ,13,1,1.33000,1,2.14000,2.52000,51.062339,3.711387,1,3412,1,4.400000,1,35.47,1,5.11,1,121,-4.25,-1671.69,12,1
10/29/2018 15:27:43 ,13,1,1.33000,1,2.14000,2.52000,51.062339,3.711387,1,3412,1,4.400000,1,35.47,1,5.11,1,121,-4.25,-1671.69,12,0
10/29/2018 15:27:44 ,12,1,1.33000,1,2.14000,2.52000,51.062351,3.711396,1,4010,1,4.700000,1,33.51,1,5.41,1,121,-4.25,-1671.69,12,0
10/29/2018 15:27:46 ,13,1,1.33000,1,2.14000,2.52000,51.062377,3.711417,1,4300,1,4.900000,1,39.16,1,5.37,1,121,-4.25,-1671.69,12,0
10/29/2018 15:27:48 ,12,1,1.33000,1,2.14000,2.51000,51.062404,3.711431,1,4330,1,6.100000,1,38.33,1,5.33,1,121,-4.25,-1671.69,12,0
10/29/2018 15:27:49 ,13,1,1.33000,1,2.14000,2.51000,51.062416,3.711442,1,4110,1,6.100000,1,36.49,1,5.54,1,-126,-2.25,1885.34,9,1
10/29/2018 15:27:50 ,12,1,1.33000,1,2.14000,2.51000,51.062427,3.711454,1,4200,1,6.000000,1,35.37,1,5.50,1,-126,-2.25,1885.34,9,0
10/29/2018 15:27:52 ,13,1,1.03000,1,2.14000,2.37000,51.062450,3.711481,1,4232,1,5.700000,1,32.88,1,5.48,1,-126,-2.25,1885.34,9,0
10/29/2018 15:27:54 ,12,1,1.33000,1,2.14000,2.51000,51.062473,3.711508,1,4243,1,5.400000,1,33.09,1,5.54,1,-126,-2.25,1885.34,9,0
10/29/2018 15:27:54 ,12,1,1.33000,1,2.14000,2.51000,51.062473,3.711508,1,11004,1,5.400000,1,33.09,1,5.54,1,-126,-3.75,1868.56,9,1
10/29/2018 15:27:56 ,12,1,1.33000,1,2.14000,2.51000,51.062500,3.711522,1,31,1,5.800000,1,27.45,1,5.89,1,-126,-3.75,1868.56,9,0
10/29/2018 15:27:57 ,13,1,1.33000,1,2.14000,2.51000,51.062511,3.711537,1,320,1,5.800000,1,29.80,1,6.02,1,-126,-3.75,1868.56,9,0
10/29/2018 15:27:58 ,12,1,1.33000,1,2.14000,2.51000,51.062519,3.711558,1,1434,1,5.600000,1,35.27,1,5.67,1,-126,-3.75,1868.56,9,0
10/29/2018 15:27:59 ,12,1,1.33000,1,2.13000,2.51000,51.062534,3.711570,1,2224,1,5.400000,1,28.26,1,5.13,1,-126,-3.75,1868.56,9,0
10/29/2018 15:28:01 ,13,1,1.03000,1,2.13000,2.37000,51.062557,3.711590,1,2241,1,5.100000,1,22.15,1,4.98,1,-126,-3.75,1868.56,9,0
10/29/2018 15:28:01 ,13,1,1.03000,1,2.13000,2.37000,51.062557,3.711590,1,11422,1,5.100000,1,22.15,1,4.98,1,123,0.25,-1695.29,12,1
10/29/2018 15:28:03 ,13,1,1.12000,1,2.13000,2.37000,51.062568,3.711623,1,103,1,4.600000,1,32.75,1,4.89,1,123,0.25,-1695.29,12,0
10/29/2018 15:28:04 ,13,1,1.03000,1,2.13000,2.37000,51.062580,3.711634,1,1213,1,4.300000,1,22.21,1,5.07,1,123,0.25,-1695.29,12,0
10/29/2018 15:28:06 ,13,1,1.03000,1,2.13000,2.37000,51.062606,3.711637,1,2214,1,4.500000,1,8.30,1,4.96,1,123,0.25,-1695.29,12,0
10/29/2018 15:28:08 ,13,1,1.03000,1,2.13000,2.37000,51.062622,3.711618,1,2231,1,4.100000,1,341.92,1,4.06,1,123,0.25,-1695.29,12,0
10/29/2018 15:28:10 ,13,1,1.03000,1,2.13000,2.37000,51.062641,3.711588,1,2301,1,3.300000,1,313.26,1,5.39,1,123,0.25,-1695.29,12,0
10/29/2018 15:28:11 ,13,1,1.03000,1,2.13000,2.37000,51.062648,3.711576,1,141,1,2.800000,1,315.91,1,5.04,1,121,-4.50,-1670.64,12,1
10/29/2018 15:28:12 ,13,1,1.03000,1,2.13000,2.37000,51.062660,3.711559,1,1421,1,2.700000,1,318.89,1,5.44,1,121,-4.50,-1670.64,12,0
10/29/2018 15:28:14 ,13,1,1.10000,1,2.24000,2.49000,51.062679,3.711525,1,2222,1,2.000000,1,317.91,1,5.76,1,121,-4.50,-1670.64,12,0
10/29/2018 15:28:15 ,13,1,1.03000,1,2.13000,2.37000,51.062690,3.711510,1,2244,1,1.600000,1,317.76,1,5.02,1,121,-4.50,-1670.64,12,0
10/29/2018 15:28:16 ,13,1,1.10000,1,2.24000,2.49000,51.062698,3.711494,1,2323,1,1.700000,1,321.60,1,5.35,1,121,-4.50,-1670.64,12,0
10/29/2018 15:28:18 ,13,1,1.10000,1,2.24000,2.49000,51.062713,3.711460,1,2333,1,1.800000,1,308.16,1,5.11,1,121,-4.50,-1670.64,12,0
10/29/2018 15:28:19 ,13,1,1.03000,1,2.13000,2.37000,51.062725,3.711446,1,2422,1,1.400000,1,312.27,1,5.17,1,121,-4.50,-1670.64,12,0
10/29/2018 15:28:19 ,13,1,1.03000,1,2.13000,2.37000,51.062725,3.711446,1,10243,1,1.400000,1,312.27,1,5.17,1,-125,-7.00,3615.49,7,1
10/29/2018 15:28:20 ,13,1,1.03000,1,2.13000,2.37000,51.062736,3.711433,1,10320,1,1.200000,1,322.28,1,5.41,1,-125,-7.00,3615.49,7,0
10/29/2018 15:28:21 ,13,1,1.10000,1,2.24000,2.49000,51.062744,3.711415,1,2003,1,1.800000,1,316.50,1,5.93,1,-125,1.00,3665.82,7,1
10/29/2018 15:28:22 ,13,1,1.10000,1,2.24000,2.49000,51.062755,3.711394,1,2220,1,2.200000,1,314.98,1,5.67,1,-125,1.00,3665.82,7,0
10/29/2018 15:28:22 ,13,1,1.10000,1,2.24000,2.49000,51.062755,3.711394,1,11210,1,2.200000,1,314.98,1,5.67,1,-125,1.50,3665.82,7,1
10/29/2018 15:28:22 ,13,1,1.10000,1,2.24000,2.49000,51.062755,3.711394,1,21302,1,2.200000,1,314.98,1,5.67,1,124,4.00,1931.48,9,1
10/29/2018 15:28:22 ,13,1,1.10000,1,2.24000,2.49000,51.062755,3.711394,1,21302,1,2.200000,1,314.98,1,5.67,1,124,4.00,1931.48,9,0
10/29/2018 15:28:25 ,12,1,1.33000,1,2.13000,2.51000,51.062778,3.711342,1,3423,1,2.600000,1,318.19,1,5.85,1,124,4.00,1931.48,9,0
10/29/2018 15:28:26 ,12,1,1.33000,1,2.13000,2.51000,51.062793,3.711330,1,232,1,1.400000,1,318.96,1,5.76,1,123,1.25,1952.45,9,1
10/29/2018 15:28:27 ,12,1,1.33000,1,2.13000,2.51000,51.062801,3.711316,1,1401,1,1.100000,1,320.42,1,5.26,1,123,1.25,1952.45,9,0
10/29/2018 15:28:28 ,12,1,1.33000,1,2.13000,2.51000,51.062812,3.711299,1,10144,1,1.500000,1,322.17,1,5.85,1,121,-2.50,1986.00,9,1
10/29/2018 15:28:28 ,12,1,1.33000,1,2.13000,2.51000,51.062812,3.711299,1,10144,1,1.500000,1,322.17,1,5.85,1,121,-2.50,1986.00,9,0
10/29/2018 15:28:30 ,12,1,1.33000,1,2.13000,2.51000,51.062835,3.711279,1,11003,1,-0.700000,1,332.57,1,5.39,1,121,-2.50,1986.00,9,0
10/29/2018 15:28:32 ,12,1,1.33000,1,2.13000,2.51000,51.062858,3.711255,1,11032,1,-3.000000,1,333.33,1,5.59,1,121,-2.50,1986.00,9,0
10/29/2018 15:28:34 ,13,1,1.33000,1,2.13000,2.51000,51.062873,3.711230,1,11103,1,-5.000000,1,344.80,1,5.11,1,121,-2.50,1986.00,9,0
10/29/2018 15:28:35 ,12,1,1.33000,1,2.13000,2.51000,51.062870,3.711218,1,11212,1,-5.300000,1,344.80,1,1.09,1,121,-2.50,1986.00,9,0
10/29/2018 15:28:36 ,12,1,1.39000,1,2.59000,2.94000,51.062870,3.711213,1,11444,1,-6.000000,1,344.80,1,2.28,1,121,-2.50,1986.00,9,0
10/29/2018 15:28:38 ,12,1,1.39000,1,2.59000,2.94000,51.062892,3.711238,1,213,1,-8.000000,1,359.83,1,8.28,1,121,-2.50,1986.00,9,0
10/29/2018 15:28:38 ,12,1,1.39000,1,2.59000,2.94000,51.062892,3.711238,1,10024,1,-8.000000,1,359.83,1,8.28,1,122,-3.00,-1510.21,12,1
10/29/2018 15:28:39 ,12,1,1.39000,1,2.59000,2.94000,51.062908,3.711256,1,10024,1,-10.000000,1,16.17,1,10.46,1,122,-3.00,-1510.21,12,0
10/29/2018 15:28:41 ,12,1,1.33000,1,2.13000,2.51000,51.062931,3.711260,1,10042,1,-13.900000,1,17.79,1,10.43,1,122,-3.00,-1510.21,12,0
10/29/2018 15:28:43 ,12,1,1.33000,1,2.13000,2.51000,51.062953,3.711241,1,10104,1,-15.100001,1,359.12,1,5.78,1,122,-3.00,-1510.21,12,0
10/29/2018 15:28:45 ,12,1,1.33000,1,2.13000,2.51000,51.062946,3.711214,1,10144,1,-17.600000,1,3.52,1,4.96,1,122,-3.00,-1510.21,12,0
10/29/2018 15:28:47 ,12,1,1.33000,1,2.13000,2.51000,51.062957,3.711188,1,10234,1,-14.800001,1,352.02,1,5.89,1,122,-3.00,-1510.21,12,0
10/29/2018 15:28:49 ,12,1,1.33000,1,2.13000,2.51000,51.062984,3.711166,1,10232,1,-11.900000,1,346.41,1,6.96,1,122,-3.00,-1510.21,12,0
10/29/2018 15:28:51 ,13,1,1.03000,1,2.13000,2.36000,51.063026,3.711115,1,10311,1,-8.100001,1,338.03,1,6.76,1,122,-3.00,-1510.21,12,0
10/29/2018 15:28:53 ,13,1,1.03000,1,2.13000,2.36000,51.063091,3.711026,1,10332,1,-7.200000,1,348.50,1,5.80,1,122,-3.00,-1510.21,12,0
10/29/2018 15:28:55 ,13,1,1.03000,1,2.13000,2.36000,51.063117,3.711003,1,11113,1,-3.800000,1,345.14,1,5.94,1,122,-3.00,-1510.21,12,0
10/29/2018 15:28:57 ,13,1,1.03000,1,2.12000,2.36000,51.063140,3.710981,1,420,1,-3.400000,1,338.86,1,5.65,1,-128,-9.25,3934.26,46,1
10/29/2018 15:28:57 ,13,1,1.03000,1,2.12000,2.36000,51.063140,3.710981,1,420,1,-3.400000,1,338.86,1,5.65,1,-128,-9.25,3934.26,46,0
10/29/2018 15:28:58 ,13,1,1.03000,1,2.12000,2.36000,51.063152,3.710974,1,2231,1,-2.400000,1,338.78,1,5.00,1,-128,-9.25,3934.26,46,0
10/29/2018 15:28:59 ,13,1,1.03000,1,2.12000,2.36000,51.063163,3.710963,1,3013,1,-2.100000,1,336.87,1,4.80,1,-128,-9.25,3934.26,46,0
10/29/2018 15:29:00 ,13,1,1.03000,1,2.12000,2.36000,51.063175,3.710962,1,344,1,-2.100000,1,351.11,1,4.30,1,120,-8.00,2174.75,9,1
10/29/2018 15:29:01 ,13,1,1.03000,1,2.12000,2.36000,51.063186,3.710971,1,1143,1,-3.000000,1,0.31,1,4.85,1,120,-8.00,2174.75,9,0
10/29/2018 15:29:02 ,13,1,1.03000,1,2.12000,2.36000,51.063198,3.710983,1,4341,1,-3.900000,1,8.52,1,4.63,1,121,-4.25,2157.97,9,1
10/29/2018 15:29:02 ,13,1,1.03000,1,2.12000,2.36000,51.063198,3.710983,1,4341,1,-3.900000,1,8.52,1,4.63,1,121,-4.25,2157.97,9,0
10/29/2018 15:29:04 ,13,1,1.02000,1,2.12000,2.36000,51.063217,3.711019,1,4432,1,-4.100000,1,38.28,1,4.89,1,121,-4.25,2157.97,9,0
10/29/2018 15:29:05 ,13,1,1.02000,1,2.12000,2.36000,51.063224,3.711033,1,10232,1,-4.600000,1,36.38,1,4.44,1,121,-4.25,2157.97,9,0
10/29/2018 15:29:06 ,13,1,1.02000,1,2.12000,2.36000,51.063236,3.711046,1,1313,1,-5.200000,1,36.38,1,4.44,1,121,-10.50,-1422.66,12,1
10/29/2018 15:29:07 ,13,1,1.02000,1,2.12000,2.36000,51.063240,3.711064,1,2221,1,-6.000000,1,46.25,1,4.11,1,121,-10.50,-1422.66,12,0
10/29/2018 15:29:09 ,13,1,1.02000,1,2.12000,2.36000,51.063262,3.711092,1,2302,1,-5.700000,1,49.10,1,4.28,1,121,-10.50,-1422.66,12,0
10/29/2018 15:29:11 ,13,1,1.02000,1,2.12000,2.36000,51.063274,3.711123,1,2330,1,-5.500000,1,52.90,1,4.13,1,121,-10.50,-1422.66,12,0
10/29/2018 15:29:13 ,13,1,1.02000,1,2.12000,2.36000,51.063304,3.711162,1,2402,1,-4.200000,1,56.46,1,6.30,1,121,-10.50,-1422.66,12,0
10/29/2018 15:29:15 ,13,1,1.02000,1,2.12000,2.36000,51.063320,3.711193,1,2432,1,-5.100000,1,43.65,1,4.82,1,121,-10.50,-1422.66,12,0
10/29/2018 15:29:15 ,13,1,1.02000,1,2.12000,2.36000,51.063320,3.711193,1,3023,1,-5.100000,1,43.65,1,4.82,1,120,-8.00,-1437.34,12,1
10/29/2018 15:29:16 ,13,1,1.02000,1,2.12000,2.36000,51.063327,3.711203,1,3042,1,-5.200000,1,39.73,1,4.02,1,120,-8.00,-1437.34,12,0
10/29/2018 15:29:18 ,13,1,1.02000,1,2.12000,2.36000,51.063339,3.711230,1,3122,1,-7.900000,1,42.34,1,3.93,1,120,-8.00,-1437.34,12,0
10/29/2018 15:29:19 ,13,1,1.02000,1,2.12000,2.36000,51.063354,3.711254,1,3200,1,-6.800000,1,47.22,1,4.54,1,120,-8.00,-1437.34,12,0
10/29/2018 15:29:21 ,13,1,1.02000,1,2.12000,2.35000,51.063388,3.711286,1,3221,1,-4.600000,1,31.81,1,5.11,1,120,-8.00,-1437.34,12,0
10/29/2018 15:29:23 ,13,1,1.02000,1,2.12000,2.35000,51.063411,3.711316,1,3232,1,-3.500000,1,39.38,1,4.57,1,120,-8.00,-1437.34,12,0
10/29/2018 15:29:24 ,13,1,1.02000,1,2.12000,2.35000,51.063415,3.711341,1,4301,1,-1.600000,1,50.07,1,4.13,1,120,-9.50,-1467.74,12,1
10/29/2018 15:29:24 ,13,1,1.02000,1,2.12000,2.35000,51.063415,3.711341,1,4301,1,-1.600000,1,50.07,1,4.13,1,120,-9.50,-1467.74,12,0
10/29/2018 15:29:26 ,13,1,1.02000,1,2.12000,2.35000,51.063430,3.711363,1,4402,1,-1.700000,1,35.64,1,3.98,1,120,-9.50,-1467.74,12,0
10/29/2018 15:29:28 ,13,1,1.02000,1,2.12000,2.35000,51.063453,3.711388,1,4422,1,-3.700000,1,34.81,1,4.89,1,120,-9.50,-1467.74,12,0
10/29/2018 15:29:30 ,13,1,1.02000,1,2.12000,2.35000,51.063472,3.711408,1,10213,1,-3.900000,1,36.70,1,3.72,1,120,-9.50,-1467.74,12,0
10/29/2018 15:29:32 ,13,1,1.02000,1,2.12000,2.35000,51.063495,3.711449,1,10242,1,-3.200000,1,53.77,1,5.33,1,120,-9.50,-1467.74,12,0
10/29/2018 15:29:33 ,13,1,1.02000,1,2.12000,2.35000,51.063507,3.711461,1,11121,1,-4.200000,1,53.77,1,4.19,1,120,-9.50,-1467.74,12,0
10/29/2018 15:29:35 ,13,1,1.02000,1,2.12000,2.35000,51.063533,3.711481,1,11210,1,-6.100000,1,28.98,1,4.74,1,120,-9.50,-1467.74,12,0
10/29/2018 15:29:36 ,13,1,1.02000,1,2.12000,2.35000,51.063545,3.711498,1,4102,1,-6.200000,1,28.98,1,4.57,1,120,-6.50,2078.28,9,1
10/29/2018 15:29:37 ,13,1,1.02000,1,2.12000,2.35000,51.063556,3.711516,1,4043,1,-7.700000,1,36.33,1,4.94,1,120,-6.50,2078.28,9,0
10/29/2018 15:29:39 ,13,1,1.02000,1,2.12000,2.35000,51.063579,3.711551,1,1004,1,-7.300000,1,46.71,1,5.30,1,121,-5.25,2065.69,9,1
10/29/2018 15:29:39 ,13,1,1.02000,1,2.12000,2.35000,51.063579,3.711551,1,1004,1,-7.300000,1,46.71,1,5.30,1,121,-5.25,2065.69,9,0
10/29/2018 15:29:40 ,13,1,1.02000,1,2.12000,2.35000,51.063591,3.711563,1,3020,1,-6.700000,1,42.86,1,3.98,1,121,-5.25,2065.69,9,0
10/29/2018 15:29:42 ,13,1,1.02000,1,2.12000,2.35000,51.063610,3.711583,1,3113,1,-7.700000,1,39.21,1,2.69,1,121,-5.25,2065.69,9,0
10/29/2018 15:29:43 ,13,1,1.02000,1,2.12000,2.35000,51.063625,3.711594,1,310,1,-7.700000,1,36.14,1,5.39,1,121,-10.25,-1509.69,12,1
10/29/2018 15:29:44 ,13,1,1.02000,1,2.12000,2.35000,51.063636,3.711607,1,1000,1,-9.400000,1,37.74,1,4.76,1,121,-10.25,-1509.69,12,0
10/29/2018 15:29:45 ,13,1,1.02000,1,2.12000,2.35000,51.063644,3.711618,1,2114,1,-10.200000,1,43.62,1,3.93,1,121,-10.25,-1509.69,12,0
10/29/2018 15:29:47 ,13,1,1.02000,1,2.11000,2.35000,51.063671,3.711639,1,2244,1,-10.400000,1,35.15,1,5.06,1,121,-10.25,-1509.69,12,0
10/29/2018 15:29:49 ,13,1,1.02000,1,2.11000,2.35000,51.063686,3.711656,1,2331,1,-10.100001,1,43.35,1,3.63,1,121,-10.25,-1509.69,12,0
10/29/2018 15:29:51 ,13,1,1.02000,1,2.11000,2.35000,51.063701,3.711685,1,2423,1,-11.300001,1,50.90,1,2.30,1,121,-10.25,-1509.69,12,0
10/29/2018 15:29:53 ,13,1,1.02000,1,2.11000,2.35000,51.063713,3.711721,1,2423,1,-15.300001,1,58.15,1,4.02,1,121,-10.25,-1509.69,12,0
10/29/2018 15:29:55 ,13,1,1.02000,1,2.11000,2.35000,51.063732,3.711748,1,3022,1,-16.700000,1,58.15,1,4.41,1,121,-10.25,-1509.69,12,0
10/29/2018 15:29:57 ,13,1,1.02000,1,2.11000,2.35000,51.063751,3.711782,1,3043,1,-15.900000,1,58.15,1,3.61,1,121,-10.25,-1509.69,12,0
10/29/2018 15:29:59 ,13,1,1.02000,1,2.11000,2.35000,51.063777,3.711814,1,3042,1,-17.200000,1,53.45,1,4.20,1,121,-10.25,-1509.69,12,0
10/29/2018 15:30:01 ,13,1,1.02000,1,2.11000,2.35000,51.063812,3.711837,1,2323,1,-16.100000,1,41.69,1,4.52,1,121,-9.50,-1537.47,12,1
10/29/2018 15:30:01 ,13,1,1.02000,1,2.11000,2.35000,51.063812,3.711837,1,2323,1,-16.100000,1,41.69,1,4.52,1,121,-9.50,-1537.47,12,0
10/29/2018 15:30:03 ,13,1,1.02000,1,2.11000,2.35000,51.063842,3.711865,1,2424,1,-14.500000,1,38.16,1,4.46,1,121,-9.50,-1537.47,12,0
10/29/2018 15:30:05 ,13,1,1.02000,1,2.11000,2.35000,51.063854,3.711891,1,3214,1,-16.899999,1,37.93,1,4.02,1,121,-9.50,-1537.47,12,0
10/29/2018 15:30:07 ,13,1,1.02000,1,2.11000,2.35000,51.063869,3.711920,1,3314,1,-17.500000,1,37.93,1,4.13,1,121,-9.50,-1537.47,12,0
10/29/2018 15:30:08 ,13,1,1.02000,1,2.11000,2.35000,51.063880,3.711934,1,4110,1,-17.600000,1,37.93,1,3.94,1,121,-9.50,-1537.47,12,0
10/29/2018 15:30:10 ,13,1,1.02000,1,2.11000,2.35000,51.063899,3.711962,1,3224,1,-17.299999,1,40.35,1,4.52,1,120,-6.50,2044.72,9,1
10/29/2018 15:30:10 ,13,1,1.02000,1,2.11000,2.35000,51.063899,3.711962,1,3224,1,-17.299999,1,40.35,1,4.52,1,120,-6.50,2044.72,9,0
10/29/2018 15:30:12 ,13,1,1.02000,1,2.11000,2.34000,51.063934,3.711989,1,3323,1,-15.600001,1,31.79,1,5.52,1,120,-6.50,2044.72,9,0
10/29/2018 15:30:14 ,13,1,1.02000,1,2.11000,2.34000,51.063949,3.712021,1,3420,1,-15.200000,1,38.01,1,3.89,1,120,-6.50,2044.72,9,0
10/29/2018 15:30:15 ,13,1,1.02000,1,2.11000,2.34000,51.063964,3.712040,1,4134,1,-13.500000,1,45.77,1,5.00,1,120,-6.50,2044.72,9,0
10/29/2018 15:30:17 ,13,1,1.02000,1,2.11000,2.34000,51.063987,3.712068,1,4230,1,-11.100001,1,43.59,1,4.26,1,120,-6.50,2044.72,9,0
10/29/2018 15:30:19 ,13,1,1.02000,1,2.11000,2.34000,51.064006,3.712075,1,4234,1,-12.500000,1,18.62,1,3.35,1,120,-6.50,2044.72,9,0
10/29/2018 15:30:19 ,13,1,1.02000,1,2.11000,2.34000,51.064006,3.712075,1,10341,1,-12.500000,1,18.62,1,3.35,1,120,-11.25,-1531.71,12,1
10/29/2018 15:30:20 ,13,1,1.02000,1,2.11000,2.34000,51.064018,3.712081,1,10433,1,-13.200000,1,18.62,1,3.11,1,120,-11.25,-1531.71,12,0
10/29/2018 15:30:22 ,13,1,1.02000,1,2.11000,2.34000,51.064041,3.712110,1,10432,1,-11.700000,1,46.70,1,4.93,1,120,-11.25,-1531.71,12,0
10/29/2018 15:30:24 ,13,1,1.02000,1,2.11000,2.34000,51.064060,3.712139,1,11004,1,-10.200000,1,49.65,1,4.74,1,120,-11.25,-1531.71,12,0
10/29/2018 15:30:26 ,13,1,1.02000,1,2.11000,2.34000,51.064075,3.712164,1,11103,1,-9.700000,1,45.97,1,3.43,1,120,-11.25,-1531.71,12,0
10/29/2018 15:30:28 ,13,1,1.02000,1,2.11000,2.34000,51.064102,3.712182,1,11132,1,-3.500000,1,45.97,1,2.72,1,120,-11.25,-1531.71,12,0
10/29/2018 15:30:29 ,13,1,1.02000,1,2.11000,2.34000,51.064113,3.712191,1,121,1,-3.500000,1,45.97,1,3.85,1,121,-11.50,-1585.18,12,1
10/29/2018 15:30:30 ,13,1,1.02000,1,2.10000,2.34000,51.064113,3.712207,1,244,1,-2.300000,1,47.56,1,3.72,1,121,-11.50,-1585.18,12,0
10/29/2018 15:30:31 ,13,1,1.02000,1,2.10000,2.34000,51.064121,3.712221,1,2013,1,-2.700000,1,47.47,1,4.44,1,121,-11.50,-1585.18,12,0
10/29/2018 15:30:33 ,13,1,1.02000,1,2.10000,2.34000,51.064140,3.712250,1,2243,1,-3.300000,1,46.13,1,3.09,1,121,-11.50,-1585.18,12,0
10/29/2018 15:30:35 ,13,1,1.02000,1,2.10000,2.34000,51.064159,3.712270,1,2313,1,-5.800000,1,26.16,1,4.83,1,121,-11.50,-1585.18,12,0
10/29/2018 15:30:37 ,13,1,1.02000,1,2.10000,2.34000,51.064182,3.712283,1,2340,1,-6.400000,1,25.84,1,3.78,1,121,-11.50,-1585.18,12,0
10/29/2018 15:30:38 ,13,1,1.02000,1,2.10000,2.34000,51.064193,3.712285,1,412,1,-11.100001,1,8.36,1,4.20,1,121,-13.50,-1562.64,12,1
10/29/2018 15:30:39 ,13,1,1.02000,1,2.10000,2.34000,51.064205,3.712292,1,2023,1,-11.000000,1,16.34,1,3.98,1,121,-13.50,-1562.64,12,0
10/29/2018 15:30:40 ,13,1,1.02000,1,2.10000,2.34000,51.064216,3.712304,1,3100,1,-11.200000,1,16.34,1,3.57,1,121,-13.50,-1562.64,12,0
10/29/2018 15:30:42 ,13,1,1.02000,1,2.10000,2.34000,51.064235,3.712330,1,3132,1,-15.600001,1,27.47,1,2.98,1,121,-13.50,-1562.64,12,0
10/29/2018 15:30:43 ,13,1,1.02000,1,2.10000,2.34000,51.064243,3.712341,1,3403,1,-16.700000,1,31.95,1,3.28,1,121,-13.50,-1562.64,12,0
10/29/2018 15:30:45 ,13,1,1.02000,1,2.10000,2.34000,51.064258,3.712369,1,4000,1,-19.799999,1,38.37,1,2.89,1,121,-13.50,-1562.64,12,0
10/29/2018 15:30:47 ,13,1,1.02000,1,2.10000,2.34000,51.064277,3.712384,1,4020,1,-21.399999,1,21.26,1,3.11,1,121,-13.50,-1562.64,12,0
10/29/2018 15:30:49 ,13,1,1.02000,1,2.10000,2.34000,51.064296,3.712430,1,4311,1,-17.100000,1,21.26,1,3.82,1,121,-13.50,-1562.64,12,0
10/29/2018 15:30:51 ,12,1,1.27000,1,2.53000,2.83000,51.064350,3.712538,1,4401,1,-3.000000,1,21.26,1,4.96,1,121,-13.50,-1562.64,12,0
10/29/2018 15:30:53 ,12,1,1.27000,1,2.53000,2.83000,51.064376,3.712609,1,4404,1,7.700000,1,52.21,1,4.33,1,121,-13.50,-1562.64,12,0
10/29/2018 15:30:55 ,13,1,1.02000,1,2.10000,2.34000,51.064414,3.712644,1,4421,1,14.300001,1,30.04,1,5.26,1,121,-13.50,-1562.64,12,0
10/29/2018 15:30:56 ,13,1,1.27000,1,2.53000,2.83000,51.064426,3.712658,1,3422,1,15.000000,1,14.71,1,6.26,1,-128,-15.25,-1622.93,12,1
10/29/2018 15:30:57 ,13,1,1.27000,1,2.53000,2.83000,51.064445,3.712659,1,4004,1,14.900000,1,4.90,1,6.32,1,-128,-15.25,-1622.93,12,0
10/29/2018 15:30:59 ,13,1,1.27000,1,2.53000,2.83000,51.064456,3.712656,1,4022,1,9.200000,1,333.94,1,6.02,1,-128,-15.25,-1622.93,12,0
10/29/2018 15:31:01 ,13,1,1.02000,1,2.10000,2.33000,51.064479,3.712649,1,4033,1,8.400000,1,333.51,1,4.69,1,-128,-15.25,-1622.93,12,0
10/29/2018 15:31:02 ,13,1,1.02000,1,2.10000,2.33000,51.064495,3.712642,1,4111,1,8.400000,1,335.78,1,5.09,1,-128,-15.25,-1622.93,12,0
10/29/2018 15:31:04 ,13,1,1.02000,1,2.10000,2.33000,51.064517,3.712628,1,4132,1,7.600000,1,337.49,1,6.07,1,-128,-15.25,-1622.93,12,0
10/29/2018 15:31:06 ,12,1,1.34000,1,2.10000,2.49000,51.064544,3.712611,1,4214,1,7.000000,1,335.94,1,5.56,1,-128,-15.25,-1622.93,12,0
10/29/2018 15:31:07 ,12,1,1.34000,1,2.10000,2.49000,51.064556,3.712604,1,4241,1,7.100000,1,339.94,1,4.91,1,-128,-15.25,-1622.93,12,0
10/29/2018 15:31:09 ,12,1,1.34000,1,2.10000,2.49000,51.064582,3.712589,1,4320,1,6.100000,1,335.62,1,6.35,1,-128,-15.25,-1622.93,12,0
10/29/2018 15:31:11 ,12,1,1.34000,1,2.10000,2.49000,51.064598,3.712591,1,4413,1,6.400000,1,335.62,1,1.69,1,-128,-15.25,-1622.93,12,0
10/29/2018 15:31:13 ,12,1,1.34000,1,2.10000,2.49000,51.064613,3.712593,1,10211,1,7.100000,1,335.62,1,4.07,1,-128,-15.25,-1622.93,12,0
10/29/2018 15:31:15 ,12,1,1.34000,1,2.10000,2.49000,51.064636,3.712600,1,10213,1,6.600000,1,339.87,1,4.17,1,-128,-15.25,-1622.93,12,0
10/29/2018 15:31:16 ,13,1,1.34000,1,2.10000,2.48000,51.064647,3.712595,1,11002,1,6.800000,1,345.54,1,4.70,1,-128,-15.25,-1622.93,12,0
10/29/2018 15:31:18 ,12,1,1.49000,1,2.13000,2.60000,51.064674,3.712579,1,11023,1,7.200000,1,339.03,1,5.59,1,-128,-15.25,-1622.93,12,0
10/29/2018 15:31:20 ,12,1,1.34000,1,2.09000,2.48000,51.064701,3.712562,1,11104,1,6.800000,1,341.99,1,3.70,1,-128,-15.25,-1622.93,12,0
10/29/2018 15:31:23 ,11,1,1.49000,1,2.09000,2.48000,51.064739,3.712558,1,210,1,6.700000,1,350.70,1,4.70,1,-128,-15.25,-1622.93,12,0
10/29/2018 15:31:24 ,12,1,1.49000,1,2.13000,2.60000,51.064754,3.712556,1,232,1,7.400000,1,351.72,1,5.07,1,-128,-15.00,-1689.52,12,1
10/29/2018 15:31:24 ,12,1,1.49000,1,2.13000,2.60000,51.064754,3.712556,1,232,1,7.400000,1,351.72,1,5.07,1,-128,-15.00,-1689.52,12,0
10/29/2018 15:31:25 ,13,1,1.49000,1,2.13000,2.60000,51.064765,3.712546,1,2233,1,7.100000,1,345.63,1,5.13,1,-128,-15.00,-1689.52,12,0
10/29/2018 15:31:27 ,11,1,1.49000,1,2.13000,2.60000,51.064785,3.712551,1,2400,1,7.200000,1,345.63,1,3.80,1,-128,-15.00,-1689.52,12,0
10/29/2018 15:31:29 ,11,1,1.49000,1,2.13000,2.60000,51.064796,3.712546,1,2420,1,6.700000,1,345.63,1,1.98,1,-128,-15.00,-1689.52,12,0
10/29/2018 15:31:31 ,11,1,2.88000,1,4.00000,4.92000,51.064807,3.712562,1,2442,1,8.200000,1,345.63,1,3.07,1,-128,-15.00,-1689.52,12,0
10/29/2018 15:31:33 ,12,1,2.88000,1,3.99000,4.92000,51.064838,3.712553,1,3012,1,8.400000,1,345.63,1,5.33,1,-128,-15.00,-1689.52,12,0
10/29/2018 15:31:35 ,13,1,1.15000,1,2.12000,2.41000,51.064872,3.712539,1,3002,1,10.800001,1,349.07,1,5.22,1,-128,-15.00,-1689.52,12,0
10/29/2018 15:31:37 ,12,1,1.49000,1,2.13000,2.60000,51.064910,3.712515,1,3024,1,10.000000,1,354.49,1,5.17,1,-128,-15.00,-1689.52,12,0
10/29/2018 15:31:39 ,12,1,1.34000,1,2.09000,2.48000,51.064937,3.712505,1,3102,1,8.500000,1,345.46,1,5.37,1,-128,-15.00,-1689.52,12,0
10/29/2018 15:31:41 ,12,1,1.34000,1,2.09000,2.48000,51.064968,3.712489,1,3130,1,8.100001,1,341.83,1,5.37,1,-128,-15.00,-1689.52,12,0
10/29/2018 15:31:42 ,12,1,1.34000,1,2.09000,2.48000,51.064983,3.712480,1,3240,1,8.200000,1,341.02,1,3.63,1,120,-13.25,-1728.32,12,1
10/29/2018 15:31:42 ,12,1,1.34000,1,2.09000,2.48000,51.064983,3.712480,1,3240,1,8.200000,1,341.02,1,3.63,1,120,-13.25,-1728.32,12,0
10/29/2018 15:31:44 ,11,1,1.54000,1,2.54000,2.97000,51.065006,3.712450,1,3342,1,8.000000,1,319.86,1,2.61,1,120,-13.25,-1728.32,12,0
10/29/2018 15:31:46 ,13,1,1.54000,1,2.54000,2.97000,51.065017,3.712434,1,3422,1,8.800001,1,319.86,1,1.87,1,120,-13.25,-1728.32,12,0
10/29/2018 15:31:47 ,10,1,2.87000,1,3.98000,4.91000,51.065017,3.712410,1,4213,1,7.800000,1,290.56,1,6.59,1,120,-13.25,-1728.32,12,0
10/29/2018 15:31:49 ,11,1,2.87000,1,3.98000,4.91000,51.065044,3.712355,1,4234,1,9.800001,1,297.53,1,10.83,1,120,-13.25,-1728.32,12,0
